17557	4847	1	0	681.745	378.07	6.0697
17558	4847	3	0	628.745	247.07	6.33649
17563	4847	1	0	628.745	247.07	8.03748
17564	4847	3	0	680.745	280.07	8.27087
17585	4847	1	0	680.745	280.07	55.8751
17586	4847	3	0	600.745	280.07	56.3086
17540	4848	1	0	665.781	370.622	1.35095
17541	4848	3	0	600.781	338.622	1.60083
17542	4848	1	0	600.781	338.622	1.88428
17543	4848	3	0	568.781	324.622	2.06763
17579	4848	1	0	568.781	324.622	48.555
17580	4848	3	1	369.781	282.622	48.7882
17581	4848	1	1	369.781	282.622	50.2395
17582	4848	3	1	353.781	285.622	51.6066
17551	4849	1	0	822.549	177.992	4.05188
17552	4849	3	0	822.549	150.992	4.30206
17565	4849	1	0	822.549	150.992	11.6723
17566	4849	3	0	828.549	178.992	11.9724
17577	4849	1	0	828.549	178.992	42.3185
17578	4849	3	1	185.549	270.992	42.7023
17549	4850	1	0	682.981	148.393	3.55157
17550	4850	3	0	716.981	39.3934	3.81836
17567	4850	1	0	716.981	39.3934	12.3392
17568	4850	3	0	784.981	39.3934	12.606
17544	4851	1	0	778.54	277.424	2.33447
17545	4851	2	0	820.54	272.424	2.65112
17546	4851	3	0	803.914	265.899	2.68445
17561	4851	1	0	803.914	265.899	7.43988
17562	4851	3	0	787.914	313.899	7.73737
17569	4851	1	0	787.914	313.899	17.2081
17570	4851	3	0	802.914	323.899	17.5418
17553	4852	1	0	551.966	200.794	4.75232
17554	4852	3	0	541.966	160.794	4.95239
17575	4852	1	0	541.966	160.794	40.9845
17576	4852	3	1	71.9658	201.794	41.1844
17547	4853	1	0	629.785	163.697	3.0849
17548	4853	3	0	612.785	49.6966	3.33484
17555	4854	1	0	641.363	251.706	5.26947
17556	4854	3	0	662.363	205.706	5.48615
17583	4854	1	0	662.363	205.706	52.2402
17584	4854	3	1	241.363	178.706	54.3745
17559	4856	1	0	760.66	442.887	6.90338
17560	4856	3	0	759.66	462.887	7.12012
17571	4856	1	0	759.66	462.887	28.4457
17572	4856	3	0	731.66	436.887	28.7624
17573	4856	1	0	731.66	436.887	31.7974
17574	4856	3	1	129.66	374.887	32.1144
18784	4977	1	0	663.102	208.417	41.8179
18785	4977	2	1	-79.8976	272.417	42.0345
18786	4977	3	1	32.9322	254.427	42.2013
18770	4978	1	0	700.847	98.1532	35.0817
18771	4978	3	0	670.847	71.1532	35.2316
18787	4978	1	0	670.847	71.1532	43.5192
18788	4978	3	1	261.847	229.153	43.7689
18764	4979	1	0	595.678	73.3935	33.1807
18765	4979	3	0	733.678	70.3935	33.3976
18766	4979	1	0	733.678	70.3935	33.7977
18767	4979	3	0	799.678	80.3935	33.9645
18789	4979	1	0	799.678	80.3935	45.4529
18790	4979	3	1	109.678	105.394	46.3034
18772	4980	1	0	792.502	320.457	35.782
18773	4980	3	0	535.502	368.457	36.4321
18774	4981	1	0	824.611	336.592	36.8157
18775	4981	3	0	750.611	334.592	37.0323
18778	4981	1	0	750.611	334.592	37.8328
18779	4981	3	0	702.611	327.592	37.9662
18793	4981	1	0	702.611	327.592	63.8115
18794	4981	3	1	155.611	350.592	64.3118
18795	4982	1	0	516.354	173.323	67.4466
18796	4982	3	1	273.353	133.323	70.2144
18776	4983	1	0	813.951	393.994	37.3658
18777	4983	3	0	792.951	438.994	37.5993
18791	4983	1	0	792.951	438.994	58.4591
18792	4983	3	1	304.951	394.994	58.9928
18768	4984	1	0	514.735	90.8654	34.5814
18769	4984	3	0	574.735	61.8654	34.7649
18803	4984	1	0	574.735	61.8654	77.001
18804	4984	3	0	765.735	306.865	77.818
18780	4985	1	0	882.266	352.49	38.5665
18781	4985	3	0	858.266	322.49	38.7832
18799	4985	1	0	858.266	322.49	73.2327
18800	4985	3	1	341.266	174.49	74.783
18801	4985	1	1	341.266	174.49	75.4002
18802	4985	3	1	347.266	164.49	75.6336
18782	4986	1	0	869.379	451.411	39.1669
18783	4986	3	0	869.379	407.411	39.3669
18797	4986	1	0	869.379	407.411	71.8652
18798	4986	3	1	385.379	247.411	72.5154
21145	5227	1	0	815.404	363.961	45.0346
21146	5227	3	0	815.404	336.961	45.3014
21152	5227	1	0	815.404	336.961	80.3975
21153	5227	3	1	173.404	364.961	80.7809
21119	5228	1	0	842.226	67.0373	37.8979
21120	5228	2	0	849.226	189.037	38.131
21121	5228	3	0	840.265	190.841	38.1477
21170	5228	1	0	840.265	190.841	130.784
21171	5228	3	0	785.265	289.841	132.002
21174	5228	1	0	785.265	289.841	134.169
21175	5228	3	0	725.265	329.841	135.32
21176	5228	1	0	725.265	329.841	135.82
21177	5228	3	0	761.265	352.841	136.087
21122	5229	1	0	746.957	116.347	38.6482
21123	5229	3	0	741.957	8.34705	38.8484
21166	5229	1	0	741.957	8.34705	128.251
21167	5229	3	0	646.957	37.347	129.234
21124	5230	1	0	864.614	32.1158	39.1818
21125	5230	3	0	872.614	78.1158	39.3486
21143	5231	1	0	832.195	415.216	44.5178
21144	5231	3	0	860.195	446.216	44.8179
21149	5231	1	0	860.195	446.216	76.4797
21150	5231	2	1	22.1949	338.216	76.7966
21151	5231	3	1	32.0087	333.422	76.8133
21132	5232	1	0	723.721	333.757	41.7499
21133	5232	3	0	791.721	383.757	41.9667
21141	5232	1	0	791.721	383.757	43.9842
21142	5232	3	0	744.721	374.757	44.201
21164	5232	1	0	744.721	374.757	125.666
21165	5232	3	1	382.721	192.757	127.117
21172	5232	1	1	382.721	192.757	132.952
21173	5232	3	0	621.721	391.757	133.469
21187	5232	1	0	621.721	391.757	178.823
21188	5232	3	0	631.721	301.757	181.357
21189	5232	1	0	631.721	301.757	182.857
21190	5232	3	1	370.721	186.757	183.258
21134	5233	1	0	605.047	395.614	42.1502
21135	5233	2	0	489.047	385.614	42.6174
21136	5233	3	0	497.369	377.378	42.6335
21137	5233	1	0	497.369	377.378	42.8171
21138	5233	3	0	521.369	379.378	43.0004
21154	5233	1	0	521.369	379.378	99.2218
21155	5233	3	1	183.369	217.378	99.472
21117	5234	1	0	544.635	166.659	36.9475
21118	5234	3	0	534.635	84.6593	37.1976
21156	5234	1	0	534.635	84.6593	107.124
21157	5234	3	1	72.6345	95.6593	108.858
21126	5235	1	0	690.71	148.071	39.6654
21127	5235	3	0	690.71	92.0712	39.8488
21178	5235	1	0	690.71	92.0712	143.541
21179	5235	3	0	737.71	135.071	143.807
21130	5236	1	0	644.591	244.838	40.9161
21131	5236	3	0	675.591	211.838	41.0828
21147	5236	1	0	675.591	211.838	46.2014
21148	5236	3	0	689.591	247.838	46.5182
21160	5236	1	0	689.591	247.838	118.195
21161	5236	3	0	681.591	245.838	119.479
21162	5236	1	0	681.591	245.838	121.414
21163	5236	3	1	329.591	325.838	121.947
21183	5236	1	1	329.591	325.838	175.488
21184	5236	3	0	505.591	324.838	176.238
21193	5236	1	0	505.591	324.838	187.342
21194	5236	3	0	553.591	329.838	187.593
21128	5237	1	0	643.762	267.566	40.2489
21129	5237	3	0	524.762	243.566	40.6824
21158	5237	1	0	524.762	243.566	115.928
21159	5237	3	0	520.762	241.566	117.612
21180	5237	1	0	520.762	241.566	144.508
21181	5237	2	0	471.762	170.566	145.308
21182	5237	3	0	497.659	175.91	145.358
21185	5237	1	0	497.659	175.91	176.505
21186	5237	3	1	327.659	323.91	177.689
21191	5237	1	1	327.659	323.91	184.424
21192	5237	3	1	315.659	307.91	184.841
21139	5238	1	0	645.271	463.88	43.3857
21140	5238	3	0	656.271	419.88	43.5839
21168	5238	1	0	656.271	419.88	129.634
21169	5238	3	0	693.271	290.88	130.418
23261	5479	1	0	734.324	140.612	38.2142
23262	5479	3	0	719.324	128.612	38.4642
23269	5479	1	0	719.324	128.612	72.3951
23270	5479	3	1	317.324	118.612	72.8287
23258	5480	1	0	732.471	84.6938	37.1635
23259	5480	2	0	814.471	59.6938	37.8306
23260	5480	3	0	798.425	73.9309	37.8639
23263	5480	1	0	798.425	73.9309	38.7144
23264	5480	3	0	785.425	69.9309	38.8978
23273	5480	1	0	785.425	69.9309	104.71
23274	5480	3	0	754.425	147.931	104.944
23247	5481	1	0	744.682	302.485	32.9622
23248	5481	2	0	489.682	275.485	33.2455
23249	5481	3	0	498.047	272.275	33.2623
23256	5482	1	0	728.375	116.467	36.2966
23257	5482	3	0	721.375	232.467	36.9635
23271	5482	1	0	721.375	232.467	74.5293
23272	5482	3	1	242.375	192.467	75.4131
23254	5483	1	0	816.794	120.851	35.2632
23255	5483	3	0	609.794	192.851	35.88
23277	5483	1	0	609.794	192.851	115.098
23278	5483	3	1	101.794	161.851	115.748
23250	5484	1	0	767.03	259.938	33.6623
23251	5484	3	0	653.03	308.938	33.9458
23279	5484	1	0	653.03	308.938	116.465
23280	5484	3	0	681.03	259.938	117.665
23285	5484	1	0	681.03	259.938	122.967
23286	5484	3	1	164.03	316.938	123.951
23287	5484	1	1	164.03	316.938	124.835
23288	5484	3	0	674.03	278.938	125.218
23291	5484	1	0	674.03	278.938	126.469
23292	5484	3	1	99.0299	329.938	127.136
23281	5485	1	0	858.761	420.699	118.499
23282	5485	3	0	655.761	387.699	119.966
23243	5486	1	0	757.232	404.994	31.1445
23244	5486	3	1	263.233	422.994	31.3779
23245	5486	1	1	263.233	422.994	32.1119
23246	5486	3	0	581.232	433.994	32.6287
23265	5486	1	0	581.232	433.994	63.8579
23266	5486	3	1	303.233	395.994	64.1081
23252	5487	1	0	832.154	327.672	34.2628
23253	5487	3	0	795.154	271.672	34.4961
23267	5487	1	0	795.154	271.672	66.7429
23268	5487	3	1	317.154	249.673	67.5096
23275	5488	1	0	573.009	45.1007	112.413
23276	5488	3	1	64.0094	316.101	113.497
23283	5488	1	1	64.0094	316.101	121.85
23284	5488	3	0	600.009	161.101	122.334
23289	5488	1	0	600.009	161.101	125.535
23290	5488	3	0	652.009	169.101	126.285
24616	5659	1	0	799.501	200.249	3.68451
24617	5659	3	0	724.501	224.249	3.93457
24644	5659	1	0	724.501	224.249	34.2649
24645	5659	2	1	23.5006	97.2489	35.1487
24646	5659	3	1	32.1516	103.543	35.1653
24651	5659	1	1	32.1516	103.543	39.7673
24652	5659	3	1	65.1516	55.5425	43.6022
24618	5660	1	0	875.632	149.235	4.48498
24619	5660	3	0	875.632	213.235	4.70184
24632	5660	1	0	875.632	213.235	17.1409
24633	5660	3	1	138.632	367.235	17.9578
24611	5661	1	0	736.642	229.719	2.63422
24612	5661	3	0	600.642	246.719	2.86761
24642	5661	1	0	600.642	246.719	28.2951
24643	5661	3	1	369.642	240.719	33.5978
24653	5661	1	1	369.642	240.719	52.3059
24654	5661	3	0	625.642	229.719	52.6393
24659	5661	1	0	625.642	229.719	57.2415
24660	5661	3	0	557.642	252.719	58.792
24605	5662	1	0	526.094	298.883	0.900269
24606	5662	3	0	516.094	336.883	1.15021
24647	5663	1	0	687.526	83.9612	36.5162
24648	5663	3	0	786.526	148.961	37.5496
24609	5664	1	0	659.635	222.19	1.91742
24610	5664	3	0	726.635	334.19	2.20081
24624	5664	1	0	726.635	334.19	9.40399
24625	5664	3	0	758.635	370.19	10.5548
24649	5664	1	0	758.635	370.19	37.9164
24650	5664	3	0	789.635	339.19	38.9504
24657	5664	1	0	789.635	339.19	53.8735
24658	5664	3	1	271.635	324.19	54.6405
24620	5665	1	0	787.51	47.7569	5.05212
24621	5665	3	0	860.51	111.757	5.26874
24630	5665	1	0	860.51	111.757	15.1401
24631	5665	3	1	325.51	306.757	16.0239
24655	5665	1	1	325.51	306.757	53.1229
24656	5665	3	0	574.51	132.757	53.4233
24661	5665	1	0	574.51	132.757	59.2756
24662	5665	3	1	359.51	232.757	60.0258
24607	5666	1	0	652.751	368.365	1.43366
24608	5666	3	0	679.751	404.365	1.66724
24638	5666	1	0	679.751	404.365	21.8093
24639	5666	3	1	119.751	164.365	22.4598
24626	5667	1	0	505.028	187.524	12.7557
24627	5667	3	1	236.028	225.524	13.0057
24613	5668	1	0	829.51	324.281	3.21796
24614	5668	2	0	869.51	374.281	3.45099
24615	5668	3	0	860.08	367.394	3.46771
24634	5668	1	0	860.08	367.394	18.7916
24635	5668	3	0	858.08	279.394	19.3935
24636	5668	1	0	858.08	279.394	20.0919
24637	5668	3	1	139.08	267.394	20.7257
24628	5669	1	0	590.924	118.572	13.6394
24629	5669	3	1	250.924	113.572	14.056
24622	5670	1	0	734.613	11.1278	5.53558
24623	5670	3	0	837.613	20.1278	5.96912
24640	5670	1	0	837.613	20.1278	23.8605
24641	5670	3	1	352.613	129.128	24.4605
