16981	4787	1	0	568.239	285.788	14.4418
16982	4787	3	0	529.239	346.788	14.8585
16983	4787	1	0	529.239	346.788	15.0919
16984	4787	3	0	519.239	375.788	15.1753
17027	4787	1	0	519.239	375.788	31.5494
17028	4787	3	0	515.239	375.788	32.2665
17033	4787	1	0	515.239	375.788	35.418
17034	4787	3	0	511.239	353.788	35.8681
17035	4787	1	0	511.239	353.788	36.1351
17036	4787	3	0	519.239	344.788	36.5852
17053	4787	1	0	519.239	344.788	50.4921
17054	4787	3	0	519.239	371.788	50.7924
16975	4788	1	0	831.667	327.469	13.0742
16976	4788	3	0	829.667	353.469	13.2077
17021	4788	1	0	829.667	353.469	28.0979
17022	4788	3	0	829.667	353.469	28.248
17023	4788	1	0	829.667	353.469	28.7649
17024	4788	3	0	825.667	355.469	29.3485
17047	4788	1	0	825.667	355.469	48.5081
17048	4788	3	0	825.667	346.469	48.8414
17063	4788	1	0	825.667	346.469	62.5482
17064	4788	3	0	822.667	345.469	62.8484
17065	4788	1	0	822.667	345.469	68.9006
17066	4788	3	0	820.667	336.469	69.3508
17067	4788	1	0	820.667	336.469	70.1846
17068	4788	3	0	815.667	322.469	70.7517
17069	4788	1	0	815.667	322.469	71.4352
17070	4788	3	1	358.667	165.469	72.6855
17073	4788	1	1	358.667	165.469	74.2861
17074	4788	3	1	366.667	156.469	74.4194
17095	4788	1	1	366.667	156.469	134.803
17096	4788	3	0	785.667	143.469	135.687
17099	4788	1	0	785.667	143.469	146.326
17100	4788	3	0	788.667	146.469	147.209
17107	4788	1	0	788.667	146.469	226.424
17108	4788	3	0	734.667	167.469	228.793
17123	4788	1	0	734.667	167.469	291.993
17124	4788	3	0	742.667	193.469	292.844
17003	4789	1	0	670.496	284.403	20.7444
17004	4789	3	0	660.496	285.403	20.9279
17009	4789	1	0	660.496	285.403	22.1117
17010	4789	3	0	669.496	285.403	22.2782
17011	4789	1	0	669.496	285.403	22.9615
17012	4789	3	0	503.496	15.4029	24.6625
17031	4789	1	0	503.496	15.4029	33.6672
17032	4789	3	1	343.496	348.403	35.0179
17109	4789	1	1	343.496	348.403	255.208
17110	4789	3	1	339.496	348.403	255.508
17111	4789	1	1	339.496	348.403	255.675
17112	4789	3	1	343.496	347.403	256.608
17127	4789	1	1	343.496	347.403	298.13
17128	4789	3	1	341.496	344.403	299.014
17129	4789	1	1	341.496	344.403	299.364
17130	4789	3	1	341.496	352.403	300.098
16987	4790	1	0	602.564	145.561	15.9092
16988	4790	3	0	616.564	156.561	16.0424
16993	4790	1	0	616.564	156.561	18.3602
16994	4790	3	0	616.564	156.561	18.4602
17013	4790	1	0	616.564	156.561	25.8798
17014	4790	3	0	651.564	234.561	26.1633
17043	4790	1	0	651.564	234.561	46.3906
17044	4790	3	0	654.564	233.561	46.6906
17045	4790	1	0	654.564	233.561	46.8908
17046	4790	3	0	675.564	229.561	47.3409
17075	4790	1	0	675.564	229.561	74.8364
17076	4790	3	0	626.564	276.561	76.1207
17077	4790	1	0	626.564	276.561	76.5876
17078	4790	3	0	714.564	255.561	77.0045
17097	4790	1	0	714.564	255.561	136.787
17098	4790	3	1	342.564	127.561	138.321
17117	4790	1	1	342.564	127.561	285.173
17118	4790	3	1	342.564	128.561	285.473
17119	4790	1	1	342.564	128.561	285.589
17120	4790	3	1	344.564	133.561	287.457
17135	4790	1	1	344.564	133.561	312.939
17136	4790	3	1	344.564	133.561	312.989
16971	4791	1	0	795.382	258.973	11.3234
16972	4791	3	0	795.382	246.973	11.5234
16973	4791	1	0	795.382	246.973	12.0903
16974	4791	3	0	790.382	124.973	12.3238
17015	4791	1	0	790.382	124.973	26.6135
17016	4791	3	0	777.382	123.973	27.0138
17017	4791	1	0	777.382	123.973	27.1136
17018	4791	3	0	787.382	146.973	27.2803
17037	4791	1	0	787.382	146.973	40.1371
17038	4791	3	0	584.382	84.9733	40.9708
17105	4791	1	0	584.382	84.9733	225.757
17106	4791	3	0	584.382	84.9733	226.041
16999	4792	1	0	711.988	248.505	19.9775
17000	4792	3	0	754.988	263.505	20.2109
17001	4792	1	0	754.988	263.505	20.3774
17002	4792	3	0	793.988	267.505	20.5276
17005	4792	1	0	793.988	267.505	21.1779
17006	4792	3	0	774.988	267.505	21.3446
17007	4792	1	0	774.988	267.505	21.6115
17008	4792	3	0	772.988	262.505	21.7781
17019	4792	1	0	772.988	262.505	27.564
17020	4792	3	0	772.988	262.505	27.781
17039	4792	1	0	772.988	262.505	41.5378
17040	4792	3	0	754.988	256.505	41.8046
17041	4792	1	0	754.988	256.505	42.338
17042	4792	3	1	350.988	249.505	45.6066
17131	4792	1	1	350.988	249.505	301.048
17132	4792	3	1	350.988	257.505	301.982
17133	4792	1	1	350.988	257.505	302.199
17134	4792	3	1	350.988	253.505	302.449
16977	4793	1	0	661.496	400.54	13.4745
16978	4793	3	0	667.496	400.54	13.6579
16979	4793	1	0	667.496	400.54	13.8247
16980	4793	3	0	694.496	399.54	14.1583
17025	4793	1	0	694.496	399.54	30.3655
17026	4793	3	0	694.496	397.54	30.9659
17049	4793	1	0	694.496	397.54	49.1251
17050	4793	3	0	694.496	392.54	49.3916
17051	4793	1	0	694.496	392.54	49.8084
17052	4793	3	0	694.496	378.54	50.1085
17071	4793	1	0	694.496	378.54	73.4857
17072	4793	3	0	694.496	378.54	73.6025
16985	4794	1	0	634.479	310.328	15.4754
16986	4794	3	0	603.479	314.328	15.6256
17055	4794	1	0	603.479	314.328	51.126
17056	4794	3	0	601.479	311.328	51.276
17057	4794	1	0	601.479	311.328	52.0763
17058	4794	3	0	603.479	292.328	52.2765
17083	4794	1	0	603.479	292.328	127.749
17084	4794	3	0	623.479	292.328	127.966
17089	4794	1	0	623.479	292.328	131.118
17090	4794	3	0	550.479	243.328	131.951
17125	4794	1	0	550.479	243.328	293.327
17126	4794	3	0	764.479	279.328	294.211
16989	4795	1	0	569.956	73.351	16.4759
16990	4795	3	0	545.956	185.351	17.0429
16991	4795	1	0	545.956	185.351	17.46
16992	4795	3	0	509.956	225.351	17.7265
17029	4795	1	0	509.956	225.351	32.8001
17030	4795	3	0	509.956	227.351	33.3837
17061	4795	1	0	509.956	227.351	56.4786
17062	4795	3	0	511.956	231.351	56.7119
17079	4795	1	0	511.956	231.351	120.612
17080	4795	3	0	533.956	241.351	122.196
17081	4795	1	0	533.956	241.351	122.697
17082	4795	3	0	529.956	241.351	122.863
17085	4795	1	0	529.956	241.351	128.266
17086	4795	3	1	269.956	251.351	128.716
17091	4795	1	1	269.956	251.351	132.602
17092	4795	3	0	601.956	279.351	133.436
17101	4795	1	0	601.956	279.351	224.173
17102	4795	3	0	619.956	280.351	224.44
17103	4795	1	0	619.956	280.351	224.907
17104	4795	3	0	635.956	282.351	225.14
17121	4795	1	0	635.956	282.351	289.958
17122	4795	3	0	651.956	270.351	290.459
16995	4796	1	0	662.559	49.5816	18.8605
16996	4796	3	0	719.559	50.5816	19.2968
16997	4796	1	0	719.559	50.5816	19.5773
16998	4796	3	0	777.559	65.5816	19.7274
17059	4796	1	0	777.559	65.5816	53.0436
17060	4796	3	0	746.559	120.582	56.1281
17087	4796	1	0	746.559	120.582	129.5
17088	4796	3	0	569.559	168.582	130.517
17093	4796	1	0	569.559	168.582	134.119
17094	4796	3	0	517.559	163.582	134.303
17113	4796	1	0	517.559	163.582	258.309
17114	4796	3	1	360.559	39.5816	259.476
17115	4796	1	1	360.559	39.5816	259.71
17116	4796	3	1	382.559	59.5816	261.06
17388	4828	1	0	155.695	356	3.13239
17389	4828	3	0	179.695	313	3.3493
17390	4828	1	0	179.695	313	3.6994
17391	4828	3	0	206.695	303	4.0163
17392	4828	1	0	206.695	303	4.38336
17393	4828	3	0	215.695	296	4.63354
17418	4828	1	0	215.695	296	86.0937
17419	4828	3	1	512.695	180	93.8469
17424	4828	1	1	512.695	180	99.3156
17425	4828	3	1	515.695	184	100.866
17429	4828	1	1	515.695	184	102.817
17430	4828	3	0	274.695	324	103.117
17410	4829	1	0	221.602	385.012	78.4232
17411	4829	3	0	218.602	393.012	78.69
17416	4829	1	0	218.602	393.012	80.5242
17417	4829	3	1	510.602	265.012	82.325
17439	4829	1	1	510.602	265.012	121.427
17440	4829	3	0	252.602	257.012	121.827
17454	4829	1	0	252.602	257.012	130.964
17455	4829	3	0	181.602	340.012	131.681
17464	4829	1	0	181.602	340.012	143.821
17465	4829	3	1	509.602	373.012	144.755
17384	4830	1	0	294.029	404.266	1.63184
17385	4830	3	0	319.029	372.266	1.86523
17394	4830	1	0	319.029	372.266	64.3318
17395	4830	3	0	319.029	372.266	64.3818
17412	4830	1	0	319.029	372.266	78.9069
17413	4830	3	0	331.029	372.266	79.0735
17414	4830	1	0	331.029	372.266	79.2568
17415	4830	3	1	511.029	369.266	80.1242
17462	4830	1	1	511.029	369.266	143.304
17463	4830	3	0	351.029	381.266	143.571
17468	4830	1	0	351.029	381.266	162.548
17469	4830	3	1	514.029	264.266	164.199
17386	4831	1	0	178.309	262.061	2.09875
17387	4831	3	0	61.3092	174.061	2.64868
17400	4831	1	0	61.3092	174.061	75.4712
17401	4831	3	0	61.3092	174.061	75.5377
17402	4831	1	0	61.3092	174.061	75.7716
17403	4831	3	0	69.3092	174.061	76.1216
17404	4831	1	0	69.3092	174.061	76.2885
17405	4831	3	0	59.3092	178.061	76.4219
17443	4831	1	0	59.3092	178.061	123.478
17444	4831	3	1	611.309	188.061	124.228
17445	4831	1	1	611.309	188.061	125.245
17446	4831	3	1	636.309	242.061	126.512
17456	4831	1	1	636.309	242.061	132.064
17457	4831	3	0	72.3092	115.061	132.882
17426	4832	1	0	304.151	86.0983	101.517
17427	4832	2	1	625.151	154.098	102.284
17428	4832	3	0	366.172	196.921	102.584
17431	4832	1	0	366.172	196.921	103.368
17432	4832	3	1	508.172	172.921	103.751
17435	4832	1	1	508.172	172.921	105.835
17436	4832	3	1	513.172	173.921	106.686
17460	4832	1	1	513.172	173.921	137.985
17461	4832	3	1	511.172	272.921	139.652
17466	4832	1	1	511.172	272.921	161.431
17467	4832	3	0	288.172	355.921	162.281
17470	4832	1	0	288.172	355.921	168.451
17471	4832	3	1	519.172	163.921	169.652
17449	4834	1	0	160.791	60.5233	128.563
17450	4834	2	1	504.791	61.5233	129.147
17451	4834	3	0	407.242	123.164	129.28
17452	4834	1	0	407.242	123.164	130.314
17453	4834	3	0	362.242	167.164	130.597
17406	4835	1	0	337.943	139.291	76.9388
17407	4835	3	0	379.943	242.291	77.3058
17408	4835	1	0	379.943	242.291	77.5057
17409	4835	3	0	363.943	261.291	77.7059
17458	4835	1	0	363.943	261.291	133.199
17459	4835	3	0	385.943	294.291	136.817
17396	4836	1	0	267.544	472.495	64.7155
17397	4836	3	0	284.544	468.495	64.9989
17398	4836	1	0	284.544	468.495	65.1656
17399	4836	3	0	154.544	454.495	65.9826
17420	4836	1	0	154.544	454.495	96.5641
17421	4836	3	1	502.544	97.495	97.4313
17422	4836	1	1	502.544	97.495	97.9482
17423	4836	3	1	511.544	115.495	99.0822
17433	4836	1	1	511.544	115.495	105.118
17434	4836	3	1	520.544	101.495	105.568
17437	4836	1	1	520.544	101.495	106.969
17438	4836	3	1	520.544	104.495	107.503
17441	4836	1	1	520.544	104.495	122.177
17442	4836	3	0	201.544	261.495	123.177
17447	4836	1	0	201.544	261.495	127.779
17448	4836	3	0	176.544	260.495	127.996
17472	4836	1	0	176.544	260.495	172.303
17473	4836	3	1	515.544	90.495	172.987
19013	4997	1	0	764.5	151.89	12.456
19014	4997	3	1	370.5	148.89	14.7735
19068	4997	1	1	370.5	148.89	117.811
19069	4997	3	1	371.5	151.89	118.795
19153	4997	1	1	371.5	151.89	481.063
19154	4997	3	0	550.5	236.89	481.597
19159	4997	1	0	550.5	236.89	484.616
19160	4997	3	0	658.5	295.89	485.483
19163	4997	1	0	658.5	295.89	486.767
19164	4997	3	0	631.5	349.89	487.901
19171	4997	1	0	631.5	349.89	492.788
19172	4997	3	1	364.5	122.89	498.459
19187	4997	1	1	364.5	122.89	528.863
19188	4997	3	1	366.5	128.89	529.247
19238	4997	1	1	366.5	128.89	749.659
19239	4997	3	1	364.5	150.89	750.927
19005	4998	1	0	752.297	369.192	5.3855
19006	4998	3	0	577.297	345.192	6.55316
19007	4998	1	0	577.297	345.192	6.93677
19008	4998	3	1	352.297	251.192	9.32129
19060	4998	1	1	352.297	251.192	72.9537
19061	4998	3	1	352.297	251.192	73.3375
19062	4998	1	1	352.297	251.192	112.492
19063	4998	3	1	352.297	251.192	112.559
19066	4998	1	1	352.297	251.192	116.361
19067	4998	3	1	352.297	254.192	117.211
19149	4998	1	1	352.297	254.192	478.812
19150	4998	3	0	614.297	253.192	479.062
19165	4998	1	0	614.297	253.192	488.302
19166	4998	3	0	587.297	210.192	489.703
19169	4998	1	0	587.297	210.192	491.07
19170	4998	3	0	558.297	225.192	492.171
19173	4998	1	0	558.297	225.192	499.293
19174	4998	3	0	567.297	290.192	499.626
19175	4998	1	0	567.297	290.192	500.51
19176	4998	3	0	583.297	333.192	500.71
19183	4998	1	0	583.297	333.192	526.094
19184	4998	3	1	343.297	365.192	527.211
19011	4999	1	0	679.774	35.8577	10.7384
19012	4999	3	0	591.774	187.858	12.089
19045	4999	1	0	591.774	187.858	53.8272
19046	4999	2	0	491.774	348.858	54.4774
19047	4999	3	0	500.125	342.123	54.494
19048	4999	1	0	500.125	342.123	54.6942
19049	4999	3	0	499.125	366.123	55.4114
19052	4999	1	0	499.125	366.123	56.8452
19053	4999	3	1	331.125	360.123	57.7122
19181	4999	1	1	331.125	360.123	524.71
19182	4999	3	0	524.125	371.123	525.844
19236	4999	1	0	524.125	371.123	747.408
19237	4999	3	1	335.125	243.123	749.226
19003	5000	1	0	494.329	139.377	3.05139
19004	5000	3	1	319.329	356.377	4.88525
19050	5000	1	1	319.329	356.377	56.3283
19051	5000	3	0	580.33	256.377	56.5785
19054	5000	1	0	580.33	256.377	58.9467
19055	5000	3	0	515.33	296.377	59.1968
19056	5000	1	0	515.33	296.377	59.4971
19057	5000	3	0	514.33	311.377	59.6472
19058	5000	1	0	514.33	311.377	64.0325
19059	5000	3	0	513.33	333.377	65.0331
19151	5000	1	0	513.33	333.377	479.245
19152	5000	3	0	534.33	359.377	480.613
19155	5000	1	0	534.33	359.377	481.797
19156	5000	3	1	313.329	217.377	482.898
19157	5000	1	1	313.329	217.377	483.181
19158	5000	3	1	317.329	217.377	484.249
19177	5000	1	1	317.329	217.377	522.842
19178	5000	3	1	317.329	217.377	522.925
19179	5000	1	1	317.329	217.377	524.159
19180	5000	3	1	296.329	221.377	524.393
19185	5000	1	1	296.329	221.377	527.445
19186	5000	3	1	323.329	227.377	528.546
19230	5000	1	1	323.329	227.377	737.718
19231	5000	3	1	314.329	227.377	738.052
19232	5000	1	1	314.329	227.377	738.452
19233	5000	3	1	322.329	235.377	740.42
19234	5000	1	1	322.329	235.377	740.72
19235	5000	3	0	732.33	343.377	746.924
19009	5001	1	0	532.302	16.495	10.0547
19010	5001	3	0	524.302	164.495	10.3719
19027	5001	1	0	524.302	164.495	25.4298
19028	5001	3	0	689.302	29.495	27.4308
19029	5001	1	0	689.302	29.495	28.2316
19030	5001	3	0	661.302	39.495	30.9158
19070	5001	1	0	661.302	39.495	126.483
19071	5001	3	0	561.302	207.495	127.283
19074	5001	1	0	561.302	207.495	130.285
19075	5001	3	0	533.302	167.495	131.136
19084	5001	1	0	533.302	167.495	143.159
19085	5001	3	0	564.302	180.495	146.077
19090	5001	1	0	564.302	180.495	149.395
19091	5001	3	0	571.302	188.495	150.079
19092	5001	1	0	571.302	188.495	158.2
19093	5001	3	0	516.302	224.495	159.217
19106	5001	1	0	516.302	224.495	168.222
19107	5001	3	1	323.302	62.495	169.356
19108	5001	1	1	323.302	62.495	170.056
19109	5001	3	1	319.302	80.495	170.723
19118	5001	1	1	319.302	80.495	455.745
19119	5001	3	0	609.302	170.495	456.095
19141	5001	1	0	609.302	170.495	466.019
19142	5001	3	1	390.302	74.495	466.987
19143	5001	1	1	390.302	74.495	467.454
19144	5001	3	1	383.302	75.495	468.204
19161	5001	1	1	383.302	75.495	486.1
19162	5001	3	0	603.302	61.495	486.4
19191	5001	1	0	603.302	61.495	532.149
19192	5001	3	1	259.302	397.495	533.5
19207	5001	1	1	259.302	397.495	603.098
19208	5001	3	0	531.302	139.495	604.583
19246	5001	1	0	531.302	139.495	763.484
19247	5001	3	1	267.302	385.495	769.355
19248	5001	1	1	267.302	385.495	807.047
19249	5001	3	1	265.302	389.495	812.718
19254	5001	1	1	265.302	389.495	826.828
19255	5001	3	1	241.302	380.495	829.78
19023	5002	1	0	567.708	89.1951	20.2435
19024	5002	3	0	597.708	90.1951	20.877
19025	5002	1	0	597.708	90.1951	21.4774
19026	5002	3	0	779.708	39.1951	24.8961
19031	5002	1	0	779.708	39.1951	31.1994
19032	5002	3	1	396.708	81.1951	32.8
19043	5002	1	1	396.708	81.1951	45.1225
19044	5002	3	0	541.708	80.1951	45.7061
19076	5002	1	0	541.708	80.1951	132.937
19077	5002	3	0	544.708	86.1951	133.304
19078	5002	1	0	544.708	86.1951	133.637
19079	5002	3	0	544.708	99.1951	134.087
19082	5002	1	0	544.708	99.1951	141.124
19083	5002	3	1	396.708	81.1951	142.725
19123	5002	1	1	396.708	81.1951	458.23
19124	5002	3	1	402.708	89.1951	459.065
19130	5002	1	1	402.708	89.1951	461.7
19131	5002	3	0	522.708	90.1951	461.9
19145	5002	1	0	522.708	90.1951	473.758
19146	5002	3	1	301.708	82.1951	475.176
19147	5002	1	1	301.708	82.1951	475.476
19148	5002	3	1	318.708	88.1951	476.577
19167	5002	1	1	318.708	88.1951	490.253
19168	5002	3	0	618.708	117.195	490.903
19205	5002	1	0	618.708	117.195	600.98
19206	5002	3	0	619.708	124.195	602.081
19209	5002	1	0	619.708	124.195	605.05
19210	5002	3	1	270.708	413.195	605.9
19226	5002	1	1	270.708	413.195	615.623
19227	5002	3	1	270.708	407.195	616.624
19228	5002	1	1	270.708	407.195	663.522
19229	5002	3	1	271.708	400.195	665.323
19242	5002	1	1	271.708	400.195	758.432
19243	5002	3	0	559.708	418.195	758.781
19256	5002	1	0	559.708	418.195	830.68
19257	5002	3	1	176.708	390.195	832.048
19258	5002	1	1	176.708	390.195	834.566
19259	5002	3	0	610.708	335.195	835.05
19262	5002	1	0	610.708	335.195	836.751
19263	5002	3	1	170.708	385.195	837.401
19019	5003	1	0	822.209	189.219	18.2087
19020	5003	3	0	818.209	189.219	18.5755
19021	5003	1	0	818.209	189.219	18.9593
19022	5003	3	0	782.209	234.219	19.4263
19035	5003	1	0	782.209	234.219	36.385
19036	5003	3	0	592.209	88.2189	43.2216
19072	5003	1	0	592.209	88.2189	127.8
19073	5003	3	0	622.209	126.219	128.217
19096	5003	1	0	622.209	126.219	160.401
19097	5003	3	0	622.209	149.219	160.652
19098	5003	1	0	622.209	149.219	161.118
19099	5003	3	0	600.209	149.219	161.285
19110	5003	1	0	600.209	149.219	173.074
19111	5003	3	1	305.209	165.219	174.809
19116	5003	1	1	305.209	165.219	188.049
19117	5003	3	1	305.209	165.219	189.4
19125	5003	1	1	305.209	165.219	459.381
19126	5003	3	0	553.209	209.219	459.798
19197	5003	1	0	553.209	209.219	547.96
19198	5003	3	0	532.209	220.219	549.594
19203	5003	1	0	532.209	220.219	598.929
19204	5003	3	0	506.209	256.219	599.879
19211	5003	1	0	506.209	256.219	606.401
19212	5003	3	1	266.209	347.219	607.485
19220	5003	1	1	266.209	347.219	612.255
19221	5003	3	0	696.209	270.219	613.222
19264	5003	1	0	696.209	270.219	838.419
19265	5003	3	1	281.209	218.219	839.369
19266	5003	1	1	281.209	218.219	839.903
19267	5003	3	1	273.209	230.219	841.371
19064	5004	1	0	804.786	391.731	113.859
19065	5004	3	0	797.786	343.731	115.56
19080	5004	1	0	797.786	343.731	139.557
19081	5004	3	0	681.786	257.731	140.691
19086	5004	1	0	681.786	257.731	146.51
19087	5004	3	0	781.786	185.731	146.844
19114	5004	1	0	781.786	185.731	179.978
19115	5004	3	0	767.786	182.731	180.145
19120	5004	1	0	767.786	182.731	456.379
19121	5004	2	1	272.786	41.731	457.797
19122	5004	3	0	494.105	143.478	458.064
19127	5004	1	0	494.105	143.478	460.082
19128	5004	2	1	265.105	72.4778	460.565
19129	5004	3	0	499.632	160.342	460.849
19132	5004	1	0	499.632	160.342	462.083
19133	5004	2	1	324.632	43.342	462.901
19134	5004	3	0	500.563	135.611	463.134
19135	5004	1	0	500.563	135.611	463.851
19136	5004	3	0	725.563	198.611	464.485
19137	5004	1	0	725.563	198.611	465.119
19138	5004	3	0	729.563	155.611	465.369
19139	5004	1	0	729.563	155.611	465.536
19140	5004	3	0	719.563	150.611	465.669
19189	5004	1	0	719.563	150.611	529.714
19190	5004	3	0	583.563	262.611	531.532
19240	5004	1	0	583.563	262.611	754.746
19241	5004	3	0	576.563	293.611	757.197
19244	5004	1	0	576.563	293.611	759.415
19245	5004	3	0	525.563	293.611	762.417
19260	5004	1	0	525.563	293.611	835.217
19261	5004	3	0	523.563	333.611	836.267
19017	5005	1	0	813.042	281.991	16.1241
19018	5005	3	0	861.042	34.9906	17.4247
19033	5005	1	0	861.042	34.9906	33.4167
19034	5005	3	1	337.042	86.9906	34.8672
19037	5005	1	1	337.042	86.9906	43.7383
19038	5005	3	0	674.042	95.9906	44.0884
19039	5005	1	0	674.042	95.9906	44.1385
19040	5005	3	0	676.042	100.991	44.272
19041	5005	1	0	676.042	100.991	44.5055
19042	5005	3	0	700.042	109.991	44.6222
19102	5005	1	0	700.042	109.991	162.419
19103	5005	3	0	674.042	97.9906	162.819
19104	5005	1	0	674.042	97.9906	163.019
19105	5005	3	0	608.042	82.9906	163.57
19193	5005	1	0	608.042	82.9906	534.601
19194	5005	3	1	264.042	331.991	542.373
19195	5005	1	1	264.042	331.991	544.908
19196	5005	3	0	612.042	125.991	546.292
19199	5005	1	0	612.042	125.991	550.094
19200	5005	3	1	264.042	336.991	551.129
19201	5005	1	1	264.042	336.991	595.56
19202	5005	3	0	665.042	198.991	598.579
19213	5005	1	0	665.042	198.991	608.235
19214	5005	3	1	240.042	283.991	608.869
19217	5005	1	1	240.042	283.991	611.487
19218	5005	2	0	492.042	278.991	611.821
19219	5005	3	0	501.857	277.276	611.838
19224	5005	1	0	501.857	277.276	614.089
19225	5005	3	0	770.857	166.276	614.623
19252	5005	1	0	770.857	166.276	821.607
19253	5005	3	1	271.857	296.276	825.11
19015	5006	1	0	856.242	257.234	15.4238
19016	5006	3	0	729.242	317.234	15.7741
19088	5006	1	0	729.242	317.234	147.177
19089	5006	3	0	651.242	196.234	148.645
19094	5006	1	0	651.242	196.234	159.501
19095	5006	3	0	716.242	223.234	159.834
19100	5006	1	0	716.242	223.234	161.652
19101	5006	3	0	748.242	294.234	161.819
19112	5006	1	0	748.242	294.234	178.044
19113	5006	3	0	748.242	294.234	179.111
19215	5006	1	0	748.242	294.234	609.469
19216	5006	3	0	576.242	245.234	610.937
19222	5006	1	0	576.242	245.234	613.689
19223	5006	3	0	648.242	197.234	613.839
19250	5006	1	0	648.242	197.234	820.34
19251	5006	3	1	213.242	299.234	821.024
19923	5047	1	0	275.671	233.123	2.88519
19924	5047	3	1	691.671	240.123	3.40179
19925	5047	1	1	691.671	240.123	3.61847
19926	5047	3	1	731.671	239.123	3.78516
19921	5048	1	0	197.826	92.9284	2.08447
19922	5048	3	1	573.826	133.928	2.41803
19919	5050	1	0	232.354	348.46	1.06738
19920	5050	3	1	568.354	303.46	1.43427
19937	5050	1	1	568.354	303.46	11.1715
19939	5050	3	1	529.354	299.46	11.4383
19935	5051	1	0	48.8655	302.078	10.6379
19936	5051	2	1	565.865	270.078	11.0882
19938	5051	3	0	390.878	253.438	11.3049
19933	5053	1	0	184.486	439.867	9.32092
19934	5053	3	0	226.486	353.867	10.3212
19927	5054	1	0	90.7924	224.018	4.31879
19928	5054	3	0	242.792	307.018	5.95245
19931	5055	1	0	261.623	271.096	7.75348
19932	5055	3	1	728.623	156.096	8.4704
19929	5056	1	0	349.547	86.8519	6.53613
19930	5056	3	1	746.547	57.8519	7.0863
21205	5239	1	0	638.422	264.93	6.9198
21206	5239	3	0	671.422	287.93	7.28662
21234	5239	1	0	671.422	287.93	23.4275
21235	5239	3	0	687.422	287.93	23.9443
21236	5239	1	0	687.422	287.93	24.3445
21237	5239	3	0	704.422	287.93	24.5111
21256	5239	1	0	704.422	287.93	38.5172
21257	5239	3	0	726.422	288.93	39.4507
21272	5239	1	0	726.422	288.93	70.2149
21273	5239	3	0	587.422	198.93	73.8829
21283	5239	1	0	587.422	198.93	126.245
21284	5239	3	0	592.422	203.93	130.88
21308	5239	1	0	592.422	203.93	192.979
21309	5239	3	0	588.422	196.93	196.147
21318	5239	1	0	588.422	196.93	235.935
21319	5239	3	0	617.422	204.93	237.352
21320	5239	1	0	617.422	204.93	238.036
21321	5239	3	0	584.422	200.93	238.253
21332	5239	1	0	584.422	200.93	276.974
21333	5239	3	0	512.422	228.93	277.941
21215	5240	1	0	561.613	117.58	9.67102
21216	5240	3	0	591.613	118.58	10.1546
21260	5240	1	0	591.613	118.58	44.4367
21261	5240	3	0	517.613	92.5803	45.537
21287	5240	1	0	517.613	92.5803	134.915
21288	5240	3	0	518.613	81.5803	135.215
21289	5240	1	0	518.613	81.5803	135.648
21290	5240	3	0	517.613	94.5803	137.416
21291	5240	1	0	517.613	94.5803	137.767
21292	5240	3	0	519.613	93.5803	138.333
21312	5240	1	0	519.613	93.5803	199.599
21313	5240	3	1	223.613	231.58	200.616
21314	5240	1	1	223.613	231.58	231.299
21315	5240	3	1	221.613	254.58	231.533
21338	5240	1	1	221.613	254.58	281.476
21339	5240	3	1	230.613	254.58	283.26
21340	5240	1	1	230.613	254.58	320.596
21341	5240	3	1	231.613	254.58	323.397
21344	5240	1	1	231.613	254.58	407.159
21345	5240	3	1	231.613	254.58	407.259
21346	5240	1	1	231.613	254.58	407.492
21347	5240	3	1	222.613	260.58	407.643
21348	5240	1	1	222.613	260.58	408.576
21349	5240	3	0	667.613	334.58	409.06
21199	5241	1	0	805.335	176.941	4.55225
21200	5241	3	0	805.335	179.941	4.68555
21246	5241	1	0	805.335	179.941	28.5295
21247	5241	3	0	584.335	303.941	30.1138
21266	5241	1	0	584.335	303.941	64.2125
21267	5241	3	0	584.335	302.941	66.3636
21209	5242	1	0	602.332	245.835	8.28699
21210	5242	3	0	602.332	245.835	8.4538
21213	5242	1	0	602.332	245.835	9.27069
21214	5242	3	0	602.332	245.835	9.40405
21238	5242	1	0	602.332	245.835	25.5283
21239	5242	3	0	602.332	245.835	25.6785
21240	5242	1	0	602.332	245.835	26.062
21241	5242	3	0	511.332	291.835	26.9121
21242	5242	1	0	511.332	291.835	27.0123
21243	5242	3	0	518.332	301.835	27.3124
21264	5242	1	0	518.332	301.835	63.4284
21265	5242	3	0	518.332	301.835	63.5452
21326	5242	1	0	518.332	301.835	243.405
21327	5242	3	0	529.332	303.835	244.656
21330	5242	1	0	529.332	303.835	275.59
21331	5242	3	0	542.332	315.835	276.64
21358	5242	1	0	542.332	315.835	426.806
21359	5242	3	0	500.332	348.835	428.24
21211	5243	1	0	532.73	261.077	8.72052
21212	5243	3	0	527.73	265.077	8.9707
21244	5243	1	0	527.73	265.077	27.6462
21245	5243	3	0	526.73	231.077	28.0294
21248	5243	1	0	526.73	231.077	30.614
21249	5243	3	0	559.73	211.077	31.6477
21258	5243	1	0	559.73	211.077	43.3028
21259	5243	3	0	534.73	216.077	44.0532
21262	5243	1	0	534.73	216.077	45.9706
21263	5243	3	0	518.73	189.077	47.288
21268	5243	1	0	518.73	189.077	66.9137
21269	5243	3	0	520.73	189.077	67.614
21285	5243	1	0	520.73	189.077	132.731
21286	5243	3	0	516.73	195.077	134.365
21322	5243	1	0	516.73	195.077	238.636
21323	5243	3	1	248.73	191.077	239.336
21334	5243	1	1	248.73	191.077	278.474
21335	5243	3	0	574.73	179.077	278.841
21360	5243	1	0	574.73	179.077	428.874
21361	5243	3	1	276.73	285.077	432.276
21207	5244	1	0	697.564	240.385	7.83679
21208	5244	3	0	698.564	235.385	7.98675
21293	5244	1	0	698.564	235.385	138.867
21294	5244	3	0	693.564	233.385	140.251
21324	5244	1	0	693.564	233.385	239.953
21325	5244	3	0	715.564	233.385	241.337
21336	5244	1	0	715.564	233.385	279.592
21337	5244	3	1	266.564	188.385	280.976
21342	5244	1	1	266.564	188.385	398.853
21343	5244	3	1	269.564	183.385	399.887
21350	5244	1	1	269.564	183.385	409.794
21351	5244	3	0	721.564	248.385	410.227
21201	5245	1	0	596.806	235.221	5.03577
21202	5245	3	0	630.806	367.221	5.75275
21227	5245	1	0	630.806	367.221	14.3571
21228	5245	3	0	626.806	375.221	14.7072
21280	5245	1	0	626.806	375.221	118.24
21281	5245	2	1	353.806	255.221	119.591
21282	5245	3	1	345.401	253.211	119.608
21203	5246	1	0	507.835	295.552	6.16962
21204	5246	3	0	529.835	344.552	6.44354
21223	5246	1	0	529.835	344.552	12.5227
21224	5246	3	0	515.835	360.552	12.9228
21225	5246	1	0	515.835	360.552	13.7065
21226	5246	3	0	511.835	375.552	14.2069
21278	5246	1	0	511.835	375.552	116.49
21279	5246	3	1	343.835	372.552	117.807
21217	5247	1	0	701.267	47.9271	10.6382
21218	5247	3	0	680.267	48.9271	10.8384
21252	5247	1	0	680.267	48.9271	33.7151
21253	5247	3	0	711.267	76.9271	35.6326
21254	5247	1	0	711.267	76.9271	36.983
21255	5247	3	0	702.267	81.9271	37.9002
21316	5247	1	0	702.267	81.9271	233.584
21317	5247	3	0	602.267	44.9271	234.517
21352	5247	1	0	602.267	44.9271	410.444
21353	5247	3	1	198.267	348.927	412.296
21197	5248	1	0	708.715	212.279	3.185
21198	5248	3	0	804.715	244.279	3.7998
21219	5248	1	0	804.715	244.279	11.1885
21220	5248	3	0	821.715	248.279	11.472
21221	5248	1	0	821.715	248.279	11.7054
21222	5248	3	0	818.715	238.279	11.9222
21231	5248	1	0	818.715	238.279	19.1757
21232	5248	2	0	830.715	254.279	22.9772
21233	5248	3	0	822.238	252.369	22.9938
21270	5248	1	0	822.238	252.369	69.6315
21271	5248	3	0	822.238	251.369	69.9815
21297	5248	1	0	822.238	251.369	152.508
21298	5248	3	0	805.238	250.369	156.777
21299	5248	1	0	805.238	250.369	172.852
21300	5248	2	0	836.238	247.369	174.853
21301	5248	3	0	819.094	244.303	174.886
21302	5248	1	0	819.094	244.303	174.969
21303	5248	3	0	819.094	250.303	177.121
21356	5248	1	0	819.094	250.303	422.436
21357	5248	3	1	348.094	133.303	424.871
21195	5249	1	0	576.162	156.31	2.26788
21196	5249	3	0	777.162	357.31	2.8515
21229	5249	1	0	777.162	357.31	16.908
21230	5249	3	0	806.162	363.31	17.9918
21274	5249	1	0	806.162	363.31	105.15
21275	5249	3	0	800.162	363.31	105.783
21276	5249	1	0	800.162	363.31	105.95
21277	5249	3	0	806.162	365.31	107.217
21304	5249	1	0	806.162	365.31	185.342
21305	5249	3	0	805.162	365.31	187.092
21306	5249	1	0	805.162	365.31	190.411
21307	5249	3	0	801.162	367.31	190.777
21310	5249	1	0	801.162	367.31	196.581
21311	5249	3	1	324.162	108.31	198.032
21328	5249	1	1	324.162	108.31	245.723
21329	5249	3	1	331.162	114.31	248.708
21354	5249	1	1	331.162	114.31	420.852
21355	5249	3	0	564.162	23.3103	421.886
21250	5250	1	0	518.847	106.937	32.0314
21251	5250	3	0	875.847	190.937	33.3317
21295	5250	1	0	875.847	190.937	150.84
21296	5250	3	0	873.847	186.937	151.908
23007	5419	1	0	248.167	362.004	17.4574
23008	5419	3	0	313.167	293.004	18.6579
23009	5419	1	0	313.167	293.004	19.6249
23010	5419	3	0	241.167	377.004	20.2917
23015	5419	1	0	241.167	377.004	25.7613
23016	5419	3	0	196.167	384.004	28.1793
23029	5419	1	0	196.167	384.004	46.5891
23030	5419	3	1	620.167	113.004	49.4403
23045	5419	1	1	620.167	113.004	115.675
23046	5419	3	1	636.167	102.004	117.309
23075	5419	1	1	636.167	102.004	231.834
23076	5419	3	1	628.167	349.004	232.785
23001	5420	1	0	228.353	159.083	9.13715
23002	5420	3	1	628.353	344.083	10.4545
23049	5420	1	1	628.353	344.083	123.53
23050	5420	3	1	725.353	104.083	125.697
23051	5420	1	1	725.353	104.083	128.398
23052	5420	3	0	163.353	298.083	129.165
23053	5420	1	0	163.353	298.083	129.715
23054	5420	3	0	56.3532	331.083	129.949
22979	5421	1	0	274.119	474.715	1.26733
22980	5421	3	0	348.119	397.715	1.43402
23005	5421	1	0	348.119	397.715	15.1566
23006	5421	3	0	354.119	325.715	16.657
23031	5421	1	0	354.119	325.715	51.8079
23032	5421	3	1	685.119	202.715	53.4756
23039	5421	1	1	685.119	202.715	70.4349
23040	5421	3	0	263.119	356.715	70.9849
23057	5421	1	0	263.119	356.715	134.351
23058	5421	3	0	271.119	346.715	134.685
23065	5421	1	0	271.119	346.715	149.558
23066	5421	3	0	226.119	194.715	152.227
23017	5423	1	0	175.407	294.439	28.5128
23018	5423	3	1	625.407	274.439	29.9467
23033	5423	1	1	625.407	274.439	62.4474
23034	5423	3	0	376.407	302.439	63.0979
23059	5423	1	0	376.407	302.439	135.052
23060	5423	3	1	505.407	153.439	136.569
23063	5423	1	1	505.407	153.439	137.303
23064	5423	3	1	508.407	144.439	138.253
23071	5423	1	1	508.407	144.439	171.203
23072	5423	3	1	518.407	136.439	172.07
23077	5423	1	1	518.407	136.439	248.86
23078	5423	3	1	745.407	383.439	249.693
23079	5423	1	1	745.407	383.439	249.81
23080	5423	3	1	732.407	380.439	250.093
23019	5424	1	0	236.359	233.668	30.8809
23020	5424	3	0	276.359	321.668	32.2318
23027	5424	1	0	276.359	321.668	43.8708
23028	5424	3	1	616.359	210.668	45.4049
23035	5424	1	1	616.359	210.668	63.6814
23036	5424	3	0	319.359	307.668	64.5154
23055	5424	1	0	319.359	307.668	132.6
23056	5424	3	1	568.359	153.668	133.768
23061	5424	1	1	568.359	153.668	136.803
23062	5424	3	1	574.359	144.668	137.086
23069	5424	1	1	574.359	144.668	170.452
23070	5424	3	1	575.359	136.668	170.836
23081	5424	1	1	575.359	136.668	251.094
23082	5424	3	1	801.359	378.668	252.061
22989	5425	1	0	92.5016	399.897	5.21887
22990	5425	3	0	64.5016	393.897	5.46893
23023	5425	1	0	64.5016	393.897	36.9175
23024	5425	3	1	504.502	333.897	38.0015
23047	5425	1	1	504.502	333.897	118.243
23048	5425	3	1	503.502	323.897	121.862
22987	5426	1	0	48.7383	294.201	4.70196
22988	5426	3	0	54.7383	282.201	5.00208
22991	5426	1	0	54.7383	282.201	5.7691
22992	5426	3	0	54.7383	282.201	5.95239
23013	5426	1	0	54.7383	282.201	23.777
23014	5426	3	1	502.738	208.201	24.8444
22996	5427	1	0	40.3656	23.6933	7.36963
22997	5427	3	1	523.366	29.6933	7.93652
23003	5427	1	1	523.366	29.6933	11.9385
23004	5427	3	1	496.366	37.6933	12.3054
23025	5427	1	1	496.366	37.6933	39.8857
23026	5427	3	0	51.3656	141.693	42.3537
23067	5427	1	0	51.3656	141.693	165.75
23068	5427	3	0	51.3656	141.693	165.966
23083	5427	1	0	51.3656	141.693	313.274
23084	5427	2	1	632.366	199.693	317.075
23085	5427	3	0	331.384	203.549	317.425
23086	5427	1	0	331.384	203.549	318.276
23087	5427	3	0	99.3835	196.549	318.926
22983	5428	1	0	24.5807	14.4966	2.55121
22984	5428	3	0	317.581	40.4966	3.81805
22998	5428	1	0	317.581	40.4966	8.20331
22999	5428	2	1	485.581	335.497	8.6535
23000	5428	3	1	494.16	329.53	8.67017
23021	5428	1	1	494.16	329.53	35.6666
23022	5428	3	0	49.16	304.53	36.7173
23037	5428	1	0	49.16	304.53	68.601
23038	5428	3	0	97.16	334.53	69.9014
23041	5428	1	0	97.16	334.53	71.2851
23042	5428	3	1	625.16	215.53	73.8365
23043	5428	1	1	625.16	215.53	81.8898
23044	5428	3	1	625.16	207.53	83.124
23073	5428	1	1	625.16	207.53	189.878
23074	5428	3	0	260.16	319.53	193.548
22981	5429	1	0	133.013	81.2224	2.05096
22982	5429	3	0	61.0126	178.222	2.28436
22985	5429	1	0	61.0126	178.222	4.23498
22986	5429	3	0	58.0126	159.222	4.48523
22993	5429	1	0	58.0126	159.222	6.36945
22994	5429	2	1	450.013	172.222	6.85266
22995	5429	3	1	495.147	180.286	6.93604
23011	5429	1	1	495.147	180.286	20.8088
23012	5429	3	0	321.147	104.286	23.3268
23862	5539	1	0	790.205	132.587	66.2011
23863	5539	3	1	43.2048	415.587	69.269
23845	5540	1	0	741.723	20.2789	1.91772
23846	5540	2	0	811.723	242.279	2.78461
23847	5540	3	0	803.675	240.449	2.80121
23860	5540	1	0	803.675	240.449	11.9393
23861	5540	3	0	747.675	241.449	12.2562
23876	5540	1	0	747.675	241.449	87.4282
23877	5540	3	0	747.675	241.449	87.5449
23854	5541	1	0	505.415	381.15	6.97003
23855	5541	3	0	505.415	377.15	8.3208
23884	5542	1	0	595.061	266.281	208.396
23885	5542	3	1	394.061	337.281	209.579
23886	5542	1	1	394.061	337.281	210.163
23887	5542	3	1	394.061	340.281	211.297
23848	5543	1	0	561.64	103.012	4.61877
23849	5543	3	0	545.64	140.012	4.86883
23888	5543	1	0	545.64	140.012	254.686
23889	5543	3	1	54.6398	296.012	258.754
23890	5543	1	1	54.6398	296.012	263.507
23891	5543	3	1	314.64	312.012	265.307
23843	5544	1	0	684.021	35.9682	1.35089
23844	5544	3	0	677.021	349.968	1.60083
23856	5544	1	0	677.021	349.968	8.72089
23857	5544	3	0	634.021	380.968	9.58795
23872	5544	1	0	634.021	380.968	81.6255
23873	5544	3	0	634.021	376.968	82.3758
23868	5545	1	0	535.274	260.719	78.0069
23869	5545	3	0	522.274	261.719	78.5573
23882	5545	1	0	522.274	261.719	202.109
23883	5545	3	1	390.274	400.719	207.795
23850	5546	1	0	655.237	109.081	5.46918
23851	5546	3	0	624.237	149.081	5.7193
23852	5546	1	0	624.237	149.081	6.1029
23853	5546	3	0	632.237	137.081	6.41974
23880	5546	1	0	632.237	137.081	108.356
23881	5546	3	1	309.237	396.081	109.573
23864	5547	1	0	534.609	22.5525	70.0361
23865	5547	3	0	514.609	23.5525	71.0368
23866	5547	1	0	514.609	23.5525	74.7719
23867	5547	3	0	509.608	20.5525	75.6055
23878	5547	1	0	509.608	20.5525	97.0331
23879	5547	3	1	200.609	380.552	106.655
23858	5548	1	0	851.872	414.686	10.1215
23859	5548	3	0	750.872	391.686	11.3222
23870	5548	1	0	750.872	391.686	79.7078
23871	5548	3	0	751.872	393.686	81.142
23874	5548	1	0	751.872	393.686	83.793
23875	5548	3	1	104.872	384.686	86.7278
24942	5695	1	0	591.555	415.595	14.2402
24943	5695	3	0	550.555	419.595	14.4735
24964	5695	1	0	550.555	419.595	29.8149
24965	5695	3	0	550.555	419.595	29.9149
24968	5695	1	0	550.555	419.595	30.815
24969	5695	3	0	514.555	424.595	31.3318
25020	5695	1	0	514.555	424.595	305.851
25021	5695	3	0	513.555	397.595	307.085
25046	5695	1	0	513.555	397.595	329.329
25047	5695	3	0	804.555	397.595	330.113
25052	5695	1	0	804.555	397.595	334.916
25053	5695	3	1	361.555	204.595	336.049
24954	5696	1	0	810.221	183.842	17.5585
24955	5696	3	0	793.221	250.842	17.9086
24980	5696	1	0	793.221	250.842	37.3846
24981	5696	3	0	760.221	16.8422	38.1683
25016	5696	1	0	760.221	16.8422	300.599
25017	5696	3	0	760.221	16.8422	301.999
25018	5696	1	0	760.221	16.8422	302.166
25019	5696	3	0	760.221	18.8422	304.2
25028	5696	1	0	760.221	18.8422	317.54
25029	5696	3	0	867.221	102.842	318.79
25060	5696	1	0	867.221	102.842	342.152
25061	5696	3	0	867.221	88.8422	343.685
24948	5697	1	0	611.776	350.155	15.9242
24949	5697	3	0	683.776	370.155	16.1575
24986	5697	1	0	683.776	370.155	41.1027
24987	5697	3	0	812.776	252.156	41.8199
24990	5697	1	0	812.776	252.156	43.1204
24991	5697	3	0	821.776	233.156	43.4039
25010	5697	1	0	821.776	233.156	273.185
25011	5697	3	1	374.776	397.155	275.119
24944	5698	1	0	514.338	231.886	15.1075
24945	5698	3	0	552.338	243.886	15.3242
24946	5698	1	0	552.338	243.886	15.5075
24947	5698	3	0	496.338	237.886	15.7575
24950	5698	1	0	496.338	237.886	16.341
24951	5698	3	0	514.338	264.886	16.6245
24966	5698	1	0	514.338	264.886	30.0983
24967	5698	3	0	511.338	286.886	30.5817
24996	5698	1	0	511.338	286.886	258.428
24997	5698	3	0	511.338	286.886	258.494
24998	5698	1	0	511.338	286.886	258.611
24999	5698	1	0	511.338	286.886	258.678
25000	5698	3	0	511.338	286.886	258.678
25001	5698	1	0	511.338	286.886	259.478
25002	5698	3	1	146.338	330.886	260.029
24931	5699	1	0	696.735	100.082	5.93585
24932	5699	3	0	669.735	120.082	6.33575
24933	5699	1	0	669.735	120.082	6.98615
24934	5699	3	1	26.7351	355.082	9.27087
24935	5699	1	1	26.7351	355.082	9.53778
24936	5699	3	1	38.7351	365.082	9.9212
24937	5699	1	1	38.7351	365.082	10.1882
24938	5699	3	0	708.735	133.082	12.7227
24958	5699	1	0	708.735	133.082	18.8759
24959	5699	3	0	703.735	133.082	19.2261
24960	5699	1	0	703.735	133.082	19.3762
24961	5699	3	0	670.735	139.082	19.5596
24962	5699	1	0	670.735	139.082	20.3933
24963	5699	3	0	668.735	135.082	20.6935
24974	5699	1	0	668.735	135.082	33.9998
24975	5699	3	0	520.735	14.082	34.9835
24994	5699	1	0	520.735	14.082	96.9617
24995	5699	3	1	43.7351	365.082	98.0289
24939	5700	1	0	623.388	242.404	13.1564
24940	5700	2	0	829.388	362.404	13.6732
24941	5700	3	0	820.877	355.014	13.6899
24984	5700	1	0	820.877	355.014	39.8191
24985	5700	3	0	790.877	101.014	40.3527
25022	5700	1	0	790.877	101.014	308.519
25023	5700	3	0	811.877	380.014	310.086
25044	5700	1	0	811.877	380.014	328.712
25045	5700	3	0	644.877	379.014	329.113
25048	5700	1	0	644.877	379.014	330.53
25049	5700	3	0	679.877	382.014	331.414
25050	5700	1	0	679.877	382.014	331.681
25051	5700	3	1	245.877	194.014	333.482
25064	5700	1	1	245.877	194.014	348.204
25065	5700	3	1	236.877	196.014	348.938
24988	5701	1	0	675.003	462.955	42.2534
24989	5701	3	0	816.003	320.955	42.8538
24992	5701	1	0	816.003	320.955	43.6374
24993	5701	3	0	821.003	300.955	43.8207
25012	5701	1	0	821.003	300.955	287.058
25013	5701	3	1	363.003	318.955	288.041
25014	5701	1	1	363.003	318.955	288.326
25015	5701	3	1	363.003	318.955	289.276
24970	5702	1	0	553.794	133.217	32.1323
24971	5702	3	0	520.794	205.217	32.616
25003	5702	1	0	520.794	205.217	261.479
25004	5702	3	0	520.794	205.217	261.613
25005	5702	1	0	520.794	205.217	261.679
25006	5702	1	0	520.794	205.217	261.896
25007	5702	3	0	520.794	205.217	261.896
25008	5702	1	0	520.794	205.217	263.797
25009	5702	3	1	289.794	384.217	266.965
24956	5703	1	0	794.594	83.9734	18.3754
24957	5703	3	0	838.594	56.9734	18.6257
24976	5703	1	0	838.594	56.9734	35.467
24977	5703	3	0	618.594	14.9734	35.934
25030	5703	1	0	618.594	14.9734	319.307
25031	5703	3	0	869.594	39.9734	320.541
25062	5703	1	0	869.594	39.9734	344.085
25063	5703	3	0	857.594	34.9734	346.136
24978	5704	1	0	844.128	168.262	36.4009
24979	5704	3	0	687.128	15.2621	37.0012
25026	5704	1	0	687.128	15.2621	314.888
25027	5704	3	0	855.128	227.262	316.339
25034	5704	1	0	855.128	227.262	323.193
25035	5704	3	0	851.128	179.262	323.46
25036	5704	1	0	851.128	179.262	323.593
25037	5704	3	0	851.128	165.262	323.81
25058	5704	1	0	851.128	165.262	340.535
25059	5704	3	0	858.128	160.262	341.935
24952	5705	1	0	671.596	245.633	16.9913
24953	5705	3	0	671.596	245.633	17.0747
24982	5705	1	0	671.596	245.633	38.5019
24983	5705	3	0	817.596	16.6335	39.4525
25024	5705	1	0	817.596	16.6335	310.753
25025	5705	3	0	851.596	300.634	314.438
25038	5705	1	0	851.596	300.634	324.126
25039	5705	3	0	848.596	230.633	324.46
25040	5705	1	0	848.596	230.633	324.743
25041	5705	3	0	852.596	239.633	324.91
25056	5705	1	0	852.596	239.633	338.818
25057	5705	3	0	849.596	239.633	340.268
24972	5706	1	0	630.733	23.3201	33.0995
24973	5706	3	0	526.733	117.32	33.7997
25032	5706	1	0	526.733	117.32	321.125
25033	5706	3	0	729.733	272.32	322.926
25042	5706	1	0	729.733	272.32	325.144
25043	5706	3	0	837.733	302.32	325.978
25054	5706	1	0	837.733	302.32	336.8
25055	5706	3	0	826.733	325.32	338.401
