17169	4807	1	0	539.136	377.238	14.6744
17170	4807	3	0	770.136	377.238	15.2247
17185	4807	1	0	770.136	377.238	21.645
17186	4807	3	0	651.136	365.238	22.0117
17163	4808	1	0	612.351	309.64	5.93622
17164	4808	3	0	737.351	216.64	6.72009
17171	4808	1	0	737.351	216.64	15.5748
17172	4808	3	0	842.351	278.64	15.9752
17187	4808	1	0	842.351	278.64	25.5802
17188	4808	3	0	698.351	260.64	26.397
17189	4808	1	0	698.351	260.64	157.154
17190	4808	3	1	260.351	259.64	157.904
17218	4808	1	1	260.351	259.64	332.35
17219	4808	3	0	598.351	281.64	332.784
17224	4808	1	0	598.351	281.64	341.756
17225	4808	3	1	260.351	283.64	342.457
17165	4809	1	0	792.265	330.012	12.6065
17166	4809	3	0	827.265	399.012	13.0232
17195	4809	1	0	827.265	399.012	173.03
17196	4809	2	1	315.265	377.012	173.797
17197	4809	3	0	494.108	297.276	174.03
17230	4809	1	0	494.108	297.276	358.899
17231	4809	3	0	517.108	326.276	360.566
17232	4809	1	0	517.108	326.276	361.017
17233	4809	2	1	371.108	326.276	361.633
17234	4809	3	0	497.734	280.98	361.817
17237	4809	1	0	497.734	280.98	363.268
17238	4809	3	1	337.734	298.98	363.751
17177	4810	1	0	583.418	161.675	18.5936
17178	4810	3	0	565.418	218.675	18.8272
17193	4810	1	0	565.418	218.675	167.81
17194	4810	3	1	293.418	139.675	168.577
17203	4810	1	1	293.418	139.675	269.215
17204	4810	3	1	328.418	145.675	269.815
17212	4810	1	1	328.418	145.675	293.061
17213	4810	3	0	625.418	169.675	294.978
17228	4810	1	0	625.418	169.675	350.145
17229	4810	3	1	266.418	69.6749	350.762
17235	4810	1	1	266.418	69.6749	362.451
17236	4810	3	0	560.418	48.6749	362.901
17239	4810	1	0	560.418	48.6749	364.151
17240	4810	3	0	623.418	222.675	364.668
17260	4810	1	0	623.418	222.675	399.891
17261	4810	3	1	330.418	121.675	400.308
17173	4811	1	0	556.465	79.3117	16.4924
17174	4811	3	0	763.465	157.312	16.9258
17183	4812	1	0	798.72	19.1432	20.4611
17184	4812	3	0	831.72	49.1432	20.7946
17191	4812	1	0	831.72	49.1432	162.723
17192	4812	3	1	230.72	108.143	163.274
17222	4812	1	1	230.72	108.143	333.951
17223	4812	3	0	817.72	287.143	334.752
17226	4812	1	0	817.72	287.143	346.276
17227	4812	3	1	263.72	149.143	347.21
17258	4812	1	1	263.72	149.143	398.673
17259	4812	3	0	493.72	274.143	399.541
17175	4813	1	0	495.015	6.41333	17.6596
17176	4813	3	0	547.015	18.4133	18.1767
17214	4813	1	0	547.015	18.4133	296.896
17215	4813	3	1	314.015	38.4133	297.447
17220	4813	1	1	314.015	38.4133	333.184
17221	4813	3	0	698.015	83.4133	333.568
17179	4814	1	0	703.677	10.2583	19.3439
17180	4814	3	0	687.677	80.2583	19.5941
17200	4814	1	0	687.677	80.2583	222.89
17201	4814	2	1	371.677	263.258	223.507
17202	4814	3	0	498.756	256.13	223.674
17243	4814	1	0	498.756	256.13	375.458
17244	4814	3	1	384.756	198.13	375.875
17245	4814	1	1	384.756	198.13	389.133
17246	4814	2	0	485.756	212.13	389.617
17247	4814	3	0	495.893	213.799	389.634
17253	4814	1	0	495.893	213.799	393.937
17254	4814	2	1	362.893	183.799	394.287
17255	4814	3	0	493.573	208.567	394.454
17167	4815	1	0	705.881	310.184	13.707
17168	4815	3	0	825.881	331.184	14.2241
17198	4815	1	0	825.881	331.184	220.839
17199	4815	3	1	339.881	371.184	221.523
17207	4815	1	1	339.881	371.184	284.172
17208	4815	3	0	635.881	269.184	284.756
17209	4815	1	0	635.881	269.184	292.127
17210	4815	2	1	392.881	312.184	292.727
17211	4815	3	1	383.568	308.337	292.744
17216	4815	1	1	383.568	308.337	331.566
17217	4815	3	0	580.568	95.3372	331.983
17250	4815	1	0	580.568	95.3372	392.953
17251	4815	2	1	397.568	65.3372	393.303
17252	4815	3	1	388.118	73.86	393.32
17256	4815	1	1	388.118	73.86	395.405
17257	4815	3	0	505.118	57.86	395.905
17262	4815	1	0	505.118	57.86	401.809
17263	4815	3	1	311.118	53.86	402.176
17181	4816	1	0	789.937	96.4454	19.9275
17182	4816	3	0	735.937	111.445	20.1943
17205	4816	1	0	735.937	111.445	277.436
17206	4816	3	0	501.937	175.445	278.57
17241	4816	1	0	501.937	175.445	374.524
17242	4816	3	1	376.937	78.4454	374.824
17248	4816	1	1	376.937	78.4454	390.167
17249	4816	3	0	510.937	131.445	391.051
19270	5007	1	0	814.229	7.05029	115.546
19271	5007	3	1	238.229	61.0503	116.347
19303	5007	1	1	238.229	61.0503	186.488
19304	5007	3	0	650.229	56.0503	187.122
19313	5007	1	0	650.229	56.0503	198.545
19314	5007	3	1	100.229	149.05	199.012
19366	5007	1	1	100.229	149.05	323.198
19367	5007	3	0	773.229	250.05	323.682
19372	5007	1	0	773.229	250.05	331.42
19373	5007	3	1	360.229	176.05	332.037
19392	5007	1	1	360.229	176.05	389.786
19393	5007	3	0	620.229	94.0503	390.153
19414	5007	1	0	620.229	94.0503	446.092
19415	5007	3	1	288.229	109.05	446.475
19436	5007	1	1	288.229	109.05	462.203
19437	5007	3	0	562.229	202.05	462.57
19450	5007	1	0	562.229	202.05	482.551
19451	5007	3	1	376.229	106.05	483.068
19466	5007	1	1	376.229	106.05	511.554
19467	5007	3	0	599.229	110.05	511.77
19479	5007	1	0	599.229	110.05	526.197
19480	5007	3	1	328.229	170.05	527.482
19520	5007	1	1	328.229	170.05	567.86
19521	5007	3	0	524.229	100.05	568.076
19528	5007	1	0	524.229	100.05	578.384
19529	5007	3	1	208.229	182.05	578.684
19268	5008	1	0	782.252	50.5986	110.06
19269	5008	3	1	258.252	159.599	110.51
19301	5008	1	1	258.252	159.599	185.338
19302	5008	3	0	566.252	54.5986	185.654
19311	5008	1	0	566.252	54.5986	195.177
19312	5008	3	1	303.252	63.5986	195.81
19362	5008	1	1	303.252	63.5986	321.831
19363	5008	3	0	521.252	44.5986	322.098
19370	5008	1	0	521.252	44.5986	328.935
19371	5008	3	1	232.252	59.5986	329.535
19396	5008	1	1	232.252	59.5986	391.421
19397	5008	3	0	639.252	165.599	392.021
19404	5008	1	0	639.252	165.599	437.019
19405	5008	3	0	786.252	180.599	437.786
19412	5008	1	0	786.252	180.599	445.191
19413	5008	3	1	226.252	81.5986	445.558
19440	5008	1	1	226.252	81.5986	463.854
19441	5008	3	0	709.252	91.5986	464.338
19446	5008	1	0	709.252	91.5986	475.796
19447	5008	3	0	757.252	122.599	476.113
19474	5008	1	0	757.252	122.599	518.108
19475	5008	3	1	282.252	56.5986	523.595
19522	5008	1	1	282.252	56.5986	568.36
19523	5008	3	0	786.252	95.5986	568.627
19536	5008	1	0	786.252	95.5986	591.993
19537	5008	3	1	310.252	270.599	592.443
19540	5008	1	1	310.252	270.599	595.662
19541	5008	3	1	325.252	320.599	596.33
19615	5008	1	1	325.252	320.599	667.328
19616	5008	3	0	700.252	263.599	667.778
19272	5009	1	0	496.149	342.386	120.866
19273	5009	3	1	223.149	298.386	121.132
19293	5009	1	1	223.149	298.386	182.519
19294	5009	3	0	573.149	346.386	182.752
19315	5009	1	0	573.149	346.386	203.148
19316	5009	3	0	652.149	296.386	204.582
19317	5009	1	0	652.149	296.386	204.849
19318	5009	3	0	671.149	306.386	205.182
19344	5009	1	0	671.149	306.386	259.463
19345	5009	3	0	626.149	283.386	259.78
19368	5009	1	0	626.149	283.386	326.767
19369	5009	3	1	249.149	274.386	327.701
19388	5009	1	1	249.149	274.386	387.768
19389	5009	3	0	622.149	263.386	388.586
19402	5009	1	0	622.149	263.386	435.985
19403	5009	3	0	699.149	275.386	436.585
19410	5009	1	0	699.149	275.386	444.324
19411	5009	3	1	310.149	190.386	444.741
19438	5009	1	1	310.149	190.386	463.053
19439	5009	3	0	635.149	151.386	463.354
19444	5009	1	0	635.149	151.386	474.495
19445	5009	3	0	642.149	250.386	474.845
19448	5009	1	0	642.149	250.386	478.365
19449	5009	3	1	288.149	180.386	479.048
19464	5009	1	1	288.149	180.386	511.003
19465	5009	3	0	548.149	192.386	511.237
19476	5009	1	0	548.149	192.386	524.229
19477	5009	2	1	303.149	174.386	524.796
19478	5009	3	0	493.728	196.04	525.046
19534	5009	1	0	493.728	196.04	591.259
19535	5009	3	1	305.728	202.04	591.576
19566	5009	1	1	305.728	202.04	622.548
19567	5009	3	0	610.728	147.04	622.882
19570	5009	1	0	610.728	147.04	624.216
19571	5009	3	0	756.728	110.04	624.883
19617	5009	1	0	756.728	110.04	668.145
19618	5009	3	1	314.728	196.04	668.762
19309	5010	1	0	628.273	227.592	190.007
19310	5010	3	1	263.273	236.592	190.274
19358	5010	1	1	263.273	236.592	320.38
19359	5010	3	0	635.273	110.592	320.68
19374	5010	1	0	635.273	110.592	336.94
19375	5010	3	0	566.273	348.592	339.124
19406	5010	1	0	566.273	348.592	438.937
19407	5010	3	1	263.273	292.592	440.038
19408	5010	1	1	263.273	292.592	440.671
19409	5010	3	0	532.273	351.592	443.957
19442	5010	1	0	532.273	351.592	467.924
19443	5010	3	1	228.273	295.592	468.808
19462	5010	1	1	228.273	295.592	509.769
19463	5010	3	0	520.273	304.592	510.236
19472	5010	1	0	520.273	304.592	516.557
19473	5010	3	1	145.273	249.592	517.091
19526	5010	1	1	145.273	249.592	569.794
19527	5010	3	0	760.273	273.592	570.245
19530	5010	1	0	760.273	273.592	579.118
19531	5010	3	1	311.273	295.592	579.718
19532	5010	1	1	311.273	295.592	590.475
19533	5010	3	0	615.273	320.592	590.942
19538	5010	1	0	615.273	320.592	592.91
19539	5010	3	0	757.273	319.592	593.244
19564	5010	1	0	757.273	319.592	618.062
19565	5010	3	0	528.273	337.592	619.429
19568	5010	1	0	528.273	337.592	623.199
19569	5010	3	1	214.273	325.592	623.515
19572	5010	1	1	214.273	325.592	625.4
19573	5010	3	1	123.273	325.592	625.834
19278	5011	1	0	646.977	349.078	140.894
19279	5011	2	1	397.977	321.078	141.778
19280	5011	3	1	388.519	316.833	141.795
19295	5011	1	1	388.519	316.833	183.069
19296	5011	3	0	577.519	340.833	183.286
19328	5011	1	0	577.519	340.833	213.536
19329	5011	3	1	191.519	351.833	214.02
19348	5011	1	1	191.519	351.833	269.251
19349	5011	3	0	697.519	189.833	270.102
19350	5011	1	0	697.519	189.833	275.988
19351	5011	3	1	386.519	157.833	276.722
19360	5011	1	1	386.519	157.833	321.031
19361	5011	3	0	625.519	226.833	321.347
19378	5011	1	0	625.519	226.833	351.181
19379	5011	3	1	197.519	188.833	352.666
19398	5011	1	1	197.519	188.833	392.605
19399	5011	3	0	664.519	122.834	392.988
19420	5011	1	0	664.519	122.834	448.327
19421	5011	3	1	335.519	86.8335	448.627
19428	5011	1	1	335.519	86.8335	459.551
19429	5011	3	0	613.519	119.834	459.751
19456	5011	1	0	613.519	119.834	485.886
19457	5011	3	0	697.519	202.833	486.186
19485	5011	1	0	697.519	202.833	534.903
19486	5011	3	0	662.519	296.833	535.904
19496	5011	1	0	662.519	296.833	548.196
19497	5011	3	0	540.519	364.833	551.898
19506	5011	1	0	540.519	364.833	555.701
19507	5011	3	1	356.519	348.833	555.984
19524	5011	1	1	356.519	348.833	569.144
19525	5011	3	0	554.519	375.833	569.378
19550	5011	1	0	554.519	375.833	608.555
19551	5011	3	1	210.519	352.833	609.189
19552	5011	1	1	210.519	352.833	611.774
19553	5011	3	0	534.519	261.833	612.141
19578	5011	1	0	534.519	261.833	637.392
19579	5011	3	0	535.519	282.833	638.626
19588	5011	1	0	535.519	282.833	645.497
19589	5011	3	0	500.519	270.833	646.532
19595	5011	1	0	500.519	270.833	650.234
19596	5011	2	0	491.519	307.833	651.768
19597	5011	3	0	500.933	304.261	651.785
19602	5011	1	0	500.933	304.261	653.836
19603	5011	2	1	345.933	221.261	654.086
19604	5011	3	0	499.424	228.218	654.286
19607	5011	1	0	499.424	228.218	656.154
19608	5011	3	1	355.424	186.218	656.421
19613	5011	1	1	355.424	186.218	665.377
19614	5011	3	0	561.424	336.218	665.977
19276	5012	1	0	789.801	474.112	133.223
19277	5012	3	0	741.801	369.112	134.374
19281	5012	1	0	741.801	369.112	153.969
19282	5012	3	1	105.801	200.113	154.586
19305	5012	1	1	105.801	200.113	187.956
19306	5012	3	0	840.801	130.113	188.523
19330	5012	1	0	840.801	130.113	216.822
19331	5012	3	0	744.801	121.113	218.172
19352	5012	1	0	744.801	121.113	277.555
19353	5012	3	0	779.801	101.113	278.722
19380	5012	1	0	779.801	101.113	357.452
19381	5012	3	1	135.801	113.113	359.669
19400	5012	1	1	135.801	113.113	395.824
19401	5012	3	0	791.801	103.113	397.058
19424	5012	1	0	791.801	103.113	449.861
19425	5012	3	1	395.801	23.1125	450.278
19434	5012	1	1	395.801	23.1125	461.486
19435	5012	3	0	597.801	72.1125	461.719
19483	5012	1	0	597.801	72.1125	531.518
19484	5012	3	0	629.801	64.1125	531.918
19490	5012	1	0	629.801	64.1125	537.555
19491	5012	3	1	267.801	279.112	538.172
19500	5012	1	1	267.801	279.112	553.066
19501	5012	3	0	595.801	109.113	553.449
19514	5012	1	0	595.801	109.113	563.057
19515	5012	3	0	643.801	83.1125	563.974
19548	5012	1	0	643.801	83.1125	607.154
19549	5012	3	1	209.801	76.1125	607.955
19560	5012	1	1	209.801	76.1125	614.859
19561	5012	3	0	682.801	252.113	615.243
19574	5012	1	0	682.801	252.113	630.754
19575	5012	3	0	656.801	261.112	633.739
19576	5012	1	0	656.801	261.112	636.691
19577	5012	3	1	369.801	206.113	637.058
19586	5012	1	1	369.801	206.113	644.747
19587	5012	3	0	514.801	191.113	645.247
19590	5012	1	0	514.801	191.113	646.865
19591	5012	3	0	510.801	200.113	648.099
19283	5013	1	0	857.515	244.227	155.386
19284	5013	3	1	126.515	289.227	156.037
19307	5013	1	1	126.515	289.227	189.09
19308	5013	3	0	821.515	373.227	189.724
19325	5013	1	0	821.515	373.227	209.484
19326	5013	2	0	489.515	167.227	210.085
19327	5013	3	0	499.405	171.072	210.101
19332	5013	1	0	499.405	171.072	223.909
19333	5013	3	0	504.405	167.072	225.743
19354	5013	1	0	504.405	167.072	280.724
19355	5013	3	0	529.405	146.072	281.941
19384	5013	1	0	529.405	146.072	369.275
19385	5013	3	1	376.405	101.072	370.275
19394	5013	1	1	376.405	101.072	390.603
19395	5013	3	0	708.405	170.072	390.954
19422	5013	1	0	708.405	170.072	449.044
19423	5013	3	1	382.405	138.072	449.344
19426	5013	1	1	382.405	138.072	458.9
19427	5013	3	0	633.405	148.072	459.151
19487	5013	1	0	633.405	148.072	536.338
19488	5013	2	1	422.405	316.072	537.038
19489	5013	3	1	402.409	309.074	537.071
19498	5013	1	1	402.409	309.074	552.365
19499	5013	3	0	695.409	306.074	552.632
19510	5013	1	0	695.409	306.074	559.854
19511	5013	3	0	708.409	237.074	560.721
19546	5013	1	0	708.409	237.074	606.387
19547	5013	3	1	390.409	96.0745	606.804
19554	5013	1	1	390.409	96.0745	612.575
19555	5013	3	0	558.409	124.075	612.808
19580	5013	1	0	558.409	124.075	639.143
19581	5013	3	1	348.409	127.075	640.111
19598	5013	1	1	348.409	127.075	652.168
19599	5013	3	1	368.409	144.074	652.786
19605	5013	1	1	368.409	144.074	655.02
19606	5013	3	0	587.409	132.074	655.254
19319	5014	1	0	658.881	147.389	206.449
19320	5014	2	0	485.882	449.389	207.7
19321	5014	3	0	495.013	438.039	207.717
19322	5014	1	0	495.013	438.039	208.234
19323	5014	2	0	852.013	444.039	209.084
19324	5014	3	0	833.987	422.56	209.117
19341	5014	1	0	833.987	422.56	257.645
19342	5014	2	0	842.987	443.56	258.462
19343	5014	3	0	834.263	432.654	258.478
19376	5014	1	0	834.263	432.654	346.395
19377	5014	3	0	837.263	437.654	346.796
19562	5014	1	0	837.263	437.654	615.693
19563	5014	3	0	701.263	385.654	616.928
19274	5015	1	0	648.458	158.454	126.135
19275	5015	3	0	582.458	141.454	126.535
19285	5015	1	0	582.458	141.454	157.271
19286	5015	3	0	559.458	143.454	158.705
19289	5015	1	0	559.458	143.454	160.639
19290	5015	3	1	374.458	146.454	161.089
19291	5015	1	1	374.458	146.454	161.94
19292	5015	3	1	380.458	127.454	162.24
19299	5015	1	1	380.458	127.454	184.354
19300	5015	3	0	606.458	151.454	184.554
19336	5015	1	0	606.458	151.454	230.413
19337	5015	2	1	292.458	157.454	231.247
19338	5015	3	0	495.417	202.352	231.48
19339	5015	1	0	495.417	202.352	251.924
19340	5015	3	0	519.417	265.352	252.258
19382	5015	1	0	519.417	265.352	364.639
19383	5015	3	1	396.417	304.352	365.49
19390	5015	1	1	396.417	304.352	389.036
19391	5015	3	0	601.417	209.352	389.336
19418	5015	1	0	601.417	209.352	447.626
19419	5015	3	1	340.417	103.352	447.909
19430	5015	1	1	340.417	103.352	460.218
19431	5015	3	0	603.417	135.352	460.435
19454	5015	1	0	603.417	135.352	485.252
19455	5015	3	0	617.417	268.352	485.569
19460	5015	1	0	617.417	268.352	490.606
19461	5015	3	1	182.417	184.352	491.006
19470	5015	1	1	182.417	184.352	513.055
19471	5015	3	0	853.417	294.352	514.589
19494	5015	1	0	853.417	294.352	540.073
19495	5015	3	1	307.417	338.352	540.74
19504	5015	1	1	307.417	338.352	554.967
19505	5015	3	0	621.417	363.352	555.401
19508	5015	1	0	621.417	363.352	558.169
19509	5015	3	0	610.417	305.352	559.337
19542	5015	1	0	610.417	305.352	604.735
19543	5015	3	1	277.417	130.352	605.086
19558	5015	1	1	277.417	130.352	614.126
19559	5015	3	0	623.417	190.352	614.392
19582	5015	1	0	623.417	190.352	640.561
19583	5015	3	1	309.417	220.352	641.044
19600	5015	1	1	309.417	220.352	653.102
19601	5015	3	0	550.417	196.352	653.419
19619	5015	1	0	550.417	196.352	669.529
19620	5015	3	1	362.417	97.3516	670.013
19287	5016	1	0	871.536	396.311	159.205
19288	5016	3	1	344.536	384.311	160.056
19297	5016	1	1	344.536	384.311	183.72
19298	5016	3	0	603.536	255.311	183.954
19334	5016	1	0	603.536	255.311	228.995
19335	5016	3	1	364.536	150.311	229.396
19346	5016	1	1	364.536	150.311	268.434
19347	5016	3	0	647.536	111.311	268.701
19356	5016	1	0	647.536	111.311	282.475
19357	5016	3	1	399.536	81.3112	286.01
19364	5016	1	1	399.536	81.3112	322.415
19365	5016	3	0	674.536	68.3112	322.782
19386	5016	1	0	674.536	68.3112	375.328
19387	5016	3	0	525.536	124.311	375.945
19416	5016	1	0	525.536	124.311	446.909
19417	5016	3	1	330.536	90.3112	447.143
19432	5016	1	1	330.536	90.3112	460.919
19433	5016	3	0	565.536	138.311	461.152
19452	5016	1	0	565.536	138.311	484.619
19453	5016	3	0	541.536	228.311	484.885
19458	5016	1	0	541.536	228.311	489.105
19459	5016	3	1	257.536	108.311	490.039
19468	5016	1	1	257.536	108.311	512.204
19469	5016	3	0	589.536	72.3112	512.471
19481	5016	1	0	589.536	72.3112	530.817
19482	5016	3	0	517.536	84.3112	531.217
19492	5016	1	0	517.536	84.3112	538.756
19493	5016	3	1	257.536	160.311	539.19
19502	5016	1	1	257.536	160.311	553.933
19503	5016	3	0	754.536	191.311	554.35
19512	5016	1	0	754.536	191.311	561.021
19513	5016	3	0	726.536	130.311	562.256
19516	5016	1	0	726.536	130.311	564.691
19517	5016	3	1	377.536	255.311	565.241
19518	5016	1	1	377.536	255.311	567.276
19519	5016	3	0	612.536	228.311	567.51
19544	5016	1	0	612.536	228.311	605.586
19545	5016	3	1	321.536	99.3112	605.903
19556	5016	1	1	321.536	99.3112	613.192
19557	5016	3	0	701.536	179.311	613.575
19584	5016	1	0	701.536	179.311	641.645
19585	5016	3	1	183.536	262.311	642.679
19592	5016	1	1	183.536	262.311	648.766
19593	5016	2	0	487.536	103.311	649.934
19594	5016	3	0	497.583	110.399	649.95
19609	5016	1	0	497.583	110.399	657.589
19610	5016	3	1	346.583	83.3989	661.891
19611	5016	1	1	346.583	83.3989	664.493
19612	5016	3	0	551.583	84.3989	664.776
19621	5016	1	0	551.583	84.3989	670.53
19622	5016	3	1	264.583	93.3989	670.813
20921	5157	1	0	149.742	417.796	7.50403
20922	5157	3	1	668.742	317.796	8.43799
20919	5158	1	0	118.09	342.975	6.67035
20920	5158	3	0	140.09	302.975	6.97058
20917	5159	1	0	314.874	12.4408	5.18652
20918	5159	3	1	553.874	128.441	5.85339
20915	5160	1	0	225.067	67.2527	4.05267
20916	5160	3	1	658.067	160.253	4.61957
20923	5165	1	0	188.913	464.17	9.33832
20924	5165	3	1	584.912	334.17	9.83844
20925	5166	1	0	166.76	371.045	10.5554
20926	5166	3	1	540.76	394.045	11.0889
21389	5251	1	0	608.885	187.238	96.4678
21390	5251	3	1	222.885	193.238	96.8846
21411	5251	1	1	222.885	193.238	134.205
21412	5251	3	0	680.885	160.238	134.438
21418	5251	1	0	680.885	160.238	141.992
21419	5251	3	0	818.885	256.238	142.509
21443	5251	1	0	818.885	256.238	176.661
21444	5251	3	0	656.885	310.238	177.378
21481	5251	1	0	656.885	310.238	219.885
21482	5251	3	1	292.885	250.238	220.219
21538	5251	1	1	292.885	250.238	309.818
21539	5251	3	0	565.885	274.238	310.151
21542	5251	1	0	565.885	274.238	318.156
21543	5251	3	0	515.885	306.238	318.506
21554	5251	1	0	515.885	306.238	335.299
21555	5251	3	0	582.885	204.238	336.833
21560	5251	1	0	582.885	204.238	341.369
21561	5251	3	0	519.885	265.238	343.67
21564	5251	1	0	519.885	265.238	345.338
21565	5251	3	0	505.885	307.238	349.223
21572	5251	1	0	505.885	307.238	355.927
21573	5251	3	0	509.885	262.238	357.161
21578	5251	1	0	509.885	262.238	360.78
21579	5251	3	0	504.885	274.238	363.298
21612	5251	1	0	504.885	274.238	408.492
21613	5251	3	0	510.885	273.238	435.294
21618	5251	1	0	510.885	273.238	437.362
21619	5251	3	1	300.885	202.238	437.712
21643	5251	1	1	300.885	202.238	483.995
21644	5251	3	0	521.885	289.238	484.312
21662	5251	1	0	521.885	289.238	510.613
21663	5251	3	0	578.885	310.238	512.381
21387	5252	1	0	570.244	185.498	95.5339
21388	5252	3	0	616.244	92.4979	96.0175
21395	5252	1	0	616.244	92.4979	107.289
21396	5252	3	0	621.244	160.498	108.04
21445	5252	1	0	621.244	160.498	177.695
21446	5252	3	0	683.244	198.498	178.295
21483	5252	1	0	683.244	198.498	220.602
21484	5252	3	1	189.244	206.498	221.119
21485	5252	1	1	189.244	206.498	227.173
21486	5252	3	0	662.244	220.498	228.407
21505	5252	1	0	662.244	220.498	266.393
21506	5252	3	0	653.244	262.498	266.777
21562	5252	1	0	653.244	262.498	344.053
21563	5252	3	0	611.244	245.498	344.971
21574	5252	1	0	611.244	245.498	357.511
21575	5252	3	0	731.244	203.498	358.595
21620	5252	1	0	731.244	203.498	439.814
21621	5252	3	0	638.244	230.498	440.515
21375	5253	1	0	829.835	284.384	82.0604
21376	5253	2	0	879.835	448.384	82.7941
21377	5253	3	0	870.066	438.019	82.8107
21399	5253	1	0	870.066	438.019	109.774
21400	5253	3	0	670.066	426.019	110.557
21439	5253	1	0	670.066	426.019	174.61
21440	5253	3	0	805.066	464.019	174.927
21626	5253	1	0	805.066	464.019	443.183
21627	5253	3	0	625.066	446.019	443.967
21631	5253	1	0	625.066	446.019	446.252
21632	5253	3	0	862.066	469.019	446.819
21637	5253	1	0	862.066	469.019	452.122
21638	5253	3	0	871.066	350.019	452.84
21373	5254	1	0	868.147	444.914	80.3256
21374	5254	3	0	873.147	450.914	81.6434
21401	5254	1	0	873.147	450.914	111.041
21402	5254	3	0	708.147	358.914	111.325
21437	5254	1	0	708.147	358.914	173.86
21438	5254	3	0	843.147	459.914	174.177
21628	5254	1	0	843.147	459.914	444.5
21629	5254	2	0	870.147	479.914	445.785
21630	5254	3	0	860.837	467.939	445.802
21380	5255	1	0	586.591	435.43	89.2471
21381	5255	3	1	352.591	256.43	89.6639
21409	5255	1	1	352.591	256.43	133.421
21410	5255	3	0	659.591	226.43	133.688
21422	5255	1	0	659.591	226.43	145.561
21423	5255	2	1	409.591	93.4298	146.178
21424	5255	3	1	399.901	100.97	146.195
21451	5255	1	1	399.901	100.97	195.289
21452	5255	2	0	491.901	253.97	195.739
21453	5255	3	0	501.682	253.453	195.756
21479	5255	1	0	501.682	253.453	214.566
21480	5255	3	1	389.682	181.453	214.866
21534	5255	1	1	389.682	181.453	305.499
21535	5255	3	0	653.682	138.453	305.782
21550	5255	1	0	653.682	138.453	328.028
21551	5255	3	1	318.682	98.453	328.362
21584	5255	1	1	318.682	98.453	377.289
21585	5255	3	0	560.682	168.453	377.739
21608	5255	1	0	560.682	168.453	400.586
21609	5255	3	1	190.682	168.453	400.953
21652	5255	1	1	190.682	168.453	489.799
21653	5255	3	0	832.682	250.453	490.633
21666	5255	1	0	832.682	250.453	514.45
21667	5255	3	0	679.682	183.453	515.617
21670	5255	1	0	679.682	183.453	516.851
21671	5255	3	1	197.682	297.453	517.435
21680	5255	1	1	197.682	297.453	548.957
21681	5255	3	1	218.682	322.453	549.307
21385	5256	1	0	657.702	138.995	90.7812
21386	5256	3	1	352.702	77.9949	91.2148
21407	5256	1	1	352.702	77.9949	132.604
21408	5256	3	0	723.702	77.9949	132.82
21420	5256	1	0	723.702	77.9949	144.277
21421	5256	3	1	317.702	125.995	145.011
21454	5256	1	1	317.702	125.995	196.239
21455	5256	3	0	538.702	46.9949	196.606
21460	5256	1	0	538.702	46.9949	203.026
21461	5256	3	0	529.702	46.9949	203.877
21477	5256	1	0	529.702	46.9949	213.799
21478	5256	3	1	338.702	88.9949	214.066
21540	5256	1	1	338.702	88.9949	310.651
21541	5256	3	0	706.702	37.9949	311.185
21552	5256	1	0	706.702	37.9949	328.945
21553	5256	3	1	363.702	41.9949	329.396
21588	5256	1	1	363.702	41.9949	379.406
21589	5256	3	0	673.702	263.995	379.74
21610	5256	1	0	673.702	263.995	401.437
21611	5256	3	1	389.702	327.995	401.871
21645	5256	1	1	389.702	327.995	484.712
21646	5256	3	0	559.702	426.995	484.995
21664	5256	1	0	559.702	426.995	512.782
21665	5256	3	1	274.702	373.995	513.365
21668	5256	1	1	274.702	373.995	516.101
21669	5256	3	0	660.702	385.995	516.468
21364	5257	1	0	574.965	115.147	75.1891
21365	5257	3	1	295.965	137.147	75.5727
21405	5257	1	1	295.965	137.147	131.803
21406	5257	3	0	552.965	86.1473	132.037
21429	5257	1	0	552.965	86.1473	158.434
21430	5257	3	0	525.965	47.1473	158.718
21435	5257	1	0	525.965	47.1473	168.723
21436	5257	3	0	513.965	60.1473	171.191
21449	5257	1	0	513.965	60.1473	179.546
21450	5257	3	0	524.965	110.147	180.613
21456	5257	1	0	524.965	110.147	197.323
21457	5257	3	1	309.965	102.147	197.724
21462	5257	1	1	309.965	102.147	204.427
21463	5257	3	0	500.965	102.147	204.694
21475	5257	1	0	500.965	102.147	208.813
21476	5257	3	0	611.965	387.147	209.897
21495	5257	1	0	611.965	387.147	249.902
21496	5257	3	1	309.965	389.147	250.318
21522	5257	1	1	309.965	389.147	289.824
21523	5257	3	0	584.965	203.147	290.207
21546	5257	1	0	584.965	203.147	324.96
21547	5257	3	1	307.965	277.147	325.343
21590	5257	1	1	307.965	277.147	380.157
21591	5257	3	0	565.965	345.147	380.407
21606	5257	1	0	565.965	345.147	395.8
21607	5257	3	1	202.965	261.147	396.467
21647	5257	1	1	202.965	261.147	485.379
21648	5257	3	0	711.965	154.147	485.763
21656	5257	1	0	711.965	154.147	497.137
21657	5257	3	1	304.965	299.147	497.454
21674	5257	1	1	304.965	299.147	542.769
21675	5257	3	1	109.965	218.147	544.12
21368	5258	1	0	706.504	238.682	77.7243
21369	5258	3	1	216.504	331.681	78.1245
21413	5258	1	1	216.504	331.681	134.888
21414	5258	2	0	854.504	79.6815	135.255
21415	5258	3	0	818.369	105.063	135.322
21447	5258	1	0	818.369	105.063	178.596
21448	5258	3	0	653.369	144.063	179.296
21458	5258	1	0	653.369	144.063	201.642
21459	5258	3	0	569.369	111.063	202.009
21491	5258	1	0	569.369	111.063	237.745
21492	5258	3	0	539.369	91.0632	242.731
21497	5258	1	0	539.369	91.0632	251.585
21498	5258	3	0	521.369	97.0632	253.836
21503	5258	1	0	521.369	97.0632	259.873
21504	5258	3	1	99.369	327.063	260.607
21536	5258	1	1	99.369	327.063	308.717
21537	5258	3	0	718.369	99.0632	309.184
21544	5258	1	0	718.369	99.0632	319.724
21545	5258	3	1	269.369	181.063	323.426
21568	5258	1	1	269.369	181.063	353.809
21569	5258	3	0	569.369	83.0632	354.376
21598	5258	1	0	569.369	83.0632	386.41
21599	5258	3	1	293.369	58.0632	387.31
21641	5258	1	1	293.369	58.0632	483.294
21642	5258	3	0	658.369	73.0632	483.544
21658	5258	1	0	658.369	73.0632	497.854
21659	5258	3	1	338.369	214.063	499.005
21672	5258	1	1	338.369	214.063	524.623
21673	5258	3	1	114.369	107.063	525.474
21378	5259	1	0	549.768	331.429	88.6467
21379	5259	3	0	662.768	309.429	88.9302
21393	5259	1	0	662.768	309.429	104.822
21394	5259	3	0	530.768	293.429	106.006
21433	5259	1	0	530.768	293.429	162.453
21434	5259	3	1	148.768	152.429	163.17
21469	5259	1	1	148.768	152.429	206.478
21470	5259	3	0	678.768	107.429	206.929
21471	5259	1	0	678.768	107.429	207.412
21472	5259	3	0	737.768	67.4289	207.679
21487	5259	1	0	737.768	67.4289	230.041
21488	5259	3	1	191.768	125.429	230.507
21499	5259	1	1	191.768	125.429	258.089
21500	5259	3	0	677.768	104.429	258.689
21514	5259	1	0	677.768	104.429	283.437
21515	5259	3	0	629.768	100.429	285.155
21516	5259	1	0	629.768	100.429	285.589
21517	5259	3	0	764.768	117.429	286.622
21524	5259	1	0	764.768	117.429	290.507
21525	5259	3	0	673.768	90.4289	292.091
21530	5259	1	0	673.768	90.4289	298.495
21531	5259	3	0	497.768	72.4289	301.697
21556	5259	1	0	497.768	72.4289	337.083
21557	5259	3	0	553.768	63.4289	339.218
21566	5259	1	0	553.768	63.4289	349.506
21567	5259	3	0	523.768	82.4289	353.059
21570	5259	1	0	523.768	82.4289	354.927
21571	5259	3	1	270.768	87.4289	355.36
21580	5259	1	1	270.768	87.4289	363.615
21581	5259	3	1	117.768	114.429	364.082
21592	5259	1	1	117.768	114.429	380.924
21593	5259	3	0	686.768	310.429	383.358
21596	5259	1	0	686.768	310.429	384.759
21597	5259	3	1	287.768	206.429	385.176
21614	5259	1	1	287.768	206.429	435.677
21615	5259	3	0	700.768	293.429	436.228
21654	5259	1	0	700.768	293.429	495.536
21655	5259	3	1	251.768	186.429	496.67
21676	5259	1	1	251.768	186.429	546.071
21677	5259	3	1	293.768	225.429	546.522
21682	5259	1	1	293.768	225.429	635.084
21683	5259	3	1	302.768	252.429	635.467
21366	5260	1	0	653.491	254.085	76.407
21367	5260	3	0	587.491	99.0851	76.6571
21382	5260	1	0	587.491	99.0851	90.0307
21383	5260	2	0	447.491	42.0851	90.3475
21384	5260	3	0	495.508	81.518	90.4308
21391	5260	1	0	495.508	81.518	100.686
21392	5260	3	1	140.508	57.518	101.07
21416	5260	1	1	140.508	57.518	135.805
21417	5260	3	0	797.508	15.518	137.273
21425	5260	1	0	797.508	15.518	154.849
21426	5260	3	0	704.508	14.518	155.316
21427	5260	1	0	704.508	14.518	156.583
21428	5260	3	1	312.508	248.518	157.584
21464	5260	1	1	312.508	248.518	205.145
21465	5260	2	0	469.508	315.518	205.428
21466	5260	3	0	496.77	301.324	205.478
21489	5260	1	0	496.77	301.324	233.794
21490	5260	3	1	126.77	322.324	234.176
21493	5260	1	1	126.77	322.324	248.984
21494	5260	3	0	506.77	250.324	249.585
21509	5260	1	0	506.77	250.324	276.666
21510	5260	2	0	492.77	5.32425	278.584
21511	5260	3	0	501.134	15.8949	278.6
21526	5260	1	0	501.134	15.8949	292.358
21527	5260	3	1	250.133	353.895	293.459
21532	5260	1	1	250.133	353.895	302.197
21533	5260	3	0	583.133	347.895	302.447
21548	5260	1	0	583.133	347.895	325.877
21549	5260	3	1	204.133	318.895	326.777
21586	5260	1	1	204.133	318.895	378.389
21587	5260	3	0	681.133	196.895	378.756
21594	5260	1	0	681.133	196.895	383.875
21595	5260	3	0	673.133	151.895	384.275
21604	5260	1	0	673.133	151.895	395.082
21605	5260	3	0	787.133	49.8949	395.333
21616	5260	1	0	787.133	49.8949	436.578
21617	5260	3	1	173.133	163.895	436.978
21649	5260	1	1	173.133	163.895	486.13
21650	5260	2	0	834.133	55.8949	486.93
21651	5260	3	0	825.407	63.9311	486.947
21660	5260	1	0	825.407	63.9311	506.727
21661	5260	3	1	302.408	68.9311	507.611
21678	5260	1	1	302.408	68.9311	546.922
21679	5260	3	1	288.408	74.9311	547.739
21362	5261	1	0	693.57	186.176	74.6723
21363	5261	3	0	744.57	88.1755	74.9224
21397	5261	1	0	744.57	88.1755	108.306
21398	5261	3	0	717.57	191.176	109.057
21431	5261	1	0	717.57	191.176	159.618
21432	5261	3	1	188.57	275.176	160.585
21467	5261	1	1	188.57	275.176	205.795
21468	5261	3	0	519.57	180.176	206.128
21473	5261	1	0	519.57	180.176	208.063
21474	5261	3	0	801.57	216.176	208.413
21501	5261	1	0	801.57	216.176	258.956
21502	5261	3	1	121.57	213.176	259.406
21507	5261	1	1	121.57	213.176	269.445
21508	5261	3	1	112.57	160.176	269.945
21512	5261	1	1	112.57	160.176	282.704
21513	5261	3	0	500.57	137.176	283.187
21518	5261	1	0	500.57	137.176	287.223
21519	5261	3	1	256.57	125.175	287.673
21520	5261	1	1	256.57	125.175	288.556
21521	5261	3	1	166.57	134.176	288.89
21528	5261	1	1	166.57	134.176	297.578
21529	5261	3	0	762.57	215.176	298.128
21558	5261	1	0	762.57	215.176	339.684
21559	5261	3	0	726.57	116.175	340.952
21576	5261	1	0	726.57	116.175	358.962
21577	5261	3	0	727.57	89.1755	360.029
21582	5261	1	0	727.57	89.1755	368.651
21583	5261	3	0	761.57	53.1755	369.201
21600	5261	1	0	761.57	53.1755	387.777
21601	5261	3	1	140.57	110.175	388.595
21602	5261	1	1	140.57	110.175	390.046
21603	5261	3	0	610.57	49.1755	390.646
21622	5261	1	0	610.57	49.1755	440.698
21623	5261	3	0	573.57	94.1755	441.315
21639	5261	1	0	573.57	94.1755	482.077
21640	5261	3	0	519.57	86.1755	482.961
21370	5262	1	0	634.818	288.242	78.6913
21371	5262	2	0	877.818	476.242	79.675
21372	5262	3	0	868.199	464.531	79.6917
21403	5262	1	0	868.199	464.531	111.892
21404	5262	3	0	822.199	371.531	113.142
21441	5262	1	0	822.199	371.531	175.294
21442	5262	3	0	842.199	408.531	175.594
21624	5262	1	0	842.199	408.531	441.898
21625	5262	3	0	530.199	394.531	442.749
21633	5262	1	0	530.199	394.531	447.252
21634	5262	3	0	862.199	473.531	448.22
21635	5262	1	0	862.199	473.531	451.305
21636	5262	3	0	865.199	423.531	451.806
23297	5489	1	0	722.557	407.07	75.5903
23298	5489	3	1	349.557	349.07	77.8247
23324	5489	1	1	349.557	349.07	132.536
23325	5489	3	0	548.557	376.07	132.787
23334	5489	1	0	548.557	376.07	142.458
23335	5489	3	1	142.557	244.07	143.159
23386	5489	1	1	142.557	244.07	206.611
23387	5489	3	0	694.557	264.07	206.894
23408	5489	1	0	694.557	264.07	222.469
23409	5489	3	1	353.557	197.07	222.819
23434	5489	1	1	353.557	197.07	244.816
23435	5489	3	0	607.557	115.07	245.116
23452	5489	1	0	607.557	115.07	271.497
23453	5489	3	1	258.557	142.07	271.797
23484	5489	1	1	258.557	142.07	382.465
23485	5489	3	0	563.557	21.0702	382.832
23494	5489	1	0	563.557	21.0702	400.644
23495	5489	3	1	380.557	152.07	401.612
23516	5489	1	1	380.557	152.07	437.438
23517	5489	3	0	764.557	180.07	437.971
23526	5489	1	0	764.557	180.07	447.561
23527	5489	3	1	306.557	141.07	447.978
23295	5490	1	0	627.986	335.545	73.1064
23296	5490	3	0	614.986	19.5449	74.84
23350	5490	1	0	614.986	19.5449	164.137
23351	5490	3	0	614.986	103.545	164.838
23354	5490	1	0	614.986	103.545	168.758
23355	5490	3	0	656.986	101.545	169.157
23358	5490	1	0	656.986	101.545	173.909
23359	5490	3	0	680.986	81.5449	178.346
23360	5490	1	0	680.986	81.5449	178.696
23361	5490	2	0	830.986	-0.455109	179.413
23362	5490	3	0	805.091	28.9994	179.463
23363	5490	1	0	805.091	28.9994	179.98
23364	5490	2	0	805.091	1.99942	180.414
23365	5490	3	0	797.313	12.1954	180.43
23540	5490	1	0	797.313	12.1954	487.139
23541	5490	2	0	824.313	16.1954	488.54
23542	5490	3	0	799.289	43.3625	488.59
23299	5491	1	0	736.371	91.8056	82.2268
23300	5491	3	0	768.371	69.8056	82.5102
23313	5491	1	0	768.371	69.8056	112.676
23314	5491	2	0	489.371	251.806	113.844
23315	5491	3	0	497.633	249.831	113.86
23330	5491	1	0	497.633	249.831	137.839
23331	5491	3	1	278.633	221.831	138.123
23352	5491	1	1	278.633	221.831	166.656
23353	5491	3	0	507.633	162.831	167.756
23374	5491	1	0	507.633	162.831	196.539
23375	5491	3	0	513.633	158.831	197.49
23398	5491	1	0	513.633	158.831	212.147
23399	5491	3	1	219.633	148.831	212.497
23420	5491	1	1	219.633	148.831	233.759
23421	5491	3	0	504.633	331.831	234.059
23450	5491	1	0	504.633	331.831	262.609
23451	5491	3	1	333.633	406.831	263.709
23474	5491	1	1	333.633	406.831	379.347
23475	5491	3	0	601.633	356.831	379.647
23490	5491	1	0	601.633	356.831	394.64
23491	5491	3	0	733.633	369.831	395.007
23538	5491	1	0	733.633	369.831	485.454
23539	5491	3	0	691.633	351.831	486.738
23301	5492	1	0	606.807	203.486	83.4443
23302	5492	3	1	280.807	191.486	84.8618
23318	5492	1	1	280.807	191.486	130.469
23319	5492	3	0	506.807	168.486	130.702
23332	5492	1	0	506.807	168.486	141.441
23333	5492	3	1	309.807	141.486	141.891
23390	5492	1	1	309.807	141.486	207.895
23391	5492	3	0	629.807	132.486	208.178
23413	5492	1	0	629.807	132.486	223.87
23414	5492	3	1	357.807	132.486	224.17
23436	5492	1	1	357.807	132.486	245.85
23437	5492	3	0	536.807	62.4856	246.317
23454	5492	1	0	536.807	62.4856	272.214
23455	5492	3	1	329.807	95.4856	272.53
23486	5492	1	1	329.807	95.4856	383.299
23487	5492	3	0	658.807	93.4856	384.033
23492	5492	1	0	658.807	93.4856	399.01
23493	5492	3	1	335.807	88.4856	399.961
23518	5492	1	1	335.807	88.4856	438.49
23519	5492	3	0	626.807	96.4856	438.789
23524	5492	1	0	626.807	96.4856	446.294
23525	5492	3	1	234.807	120.486	446.894
23307	5493	1	0	540.571	30.8801	97.8188
23308	5493	3	1	322.571	36.8801	98.2188
23322	5493	1	1	322.571	36.8801	131.72
23323	5493	3	0	573.571	138.88	131.953
23336	5493	1	0	573.571	138.88	146.01
23337	5493	3	0	543.571	194.88	146.394
23342	5493	1	0	543.571	194.88	155.449
23343	5493	3	1	343.571	95.8801	156.099
23378	5493	1	1	343.571	95.8801	201.091
23379	5493	3	1	364.571	42.8801	201.375
23392	5493	1	1	364.571	42.8801	208.562
23393	5493	3	0	591.571	95.8801	208.779
23400	5493	1	0	591.571	95.8801	214.949
23401	5493	3	0	524.571	32.8801	215.215
23410	5493	1	0	524.571	32.8801	223.17
23411	5493	2	1	353.571	71.8801	223.353
23412	5493	3	0	494.206	142.786	223.536
23415	5493	1	0	494.206	142.786	224.52
23416	5493	2	1	336.206	76.7862	224.754
23417	5493	3	0	494.122	150.123	224.954
23424	5493	1	0	494.122	150.123	235.027
23425	5493	3	1	159.122	101.123	235.277
23446	5493	1	1	159.122	101.123	249.618
23447	5493	3	0	773.122	180.123	250.435
23460	5493	1	0	773.122	180.123	284.837
23461	5493	3	1	195.122	252.123	286.154
23462	5493	1	1	195.122	252.123	290.056
23463	5493	3	0	568.122	125.123	290.506
23500	5493	1	0	568.122	125.123	413.303
23501	5493	3	1	141.122	120.123	415.238
23520	5493	1	1	141.122	120.123	439.206
23521	5493	3	0	677.122	269.123	439.839
23532	5493	1	0	677.122	269.123	480.284
23533	5493	3	1	303.122	386.123	480.835
23346	5494	1	0	780.995	374.014	161.569
23347	5494	3	0	591.995	369.014	162.236
23356	5494	1	0	591.995	369.014	172.592
23357	5494	3	0	585.995	368.014	173.593
23368	5494	1	0	585.995	368.014	192.987
23369	5494	3	0	585.995	366.014	193.671
23372	5494	1	0	585.995	366.014	195.222
23373	5494	3	0	552.995	328.014	196.239
23376	5494	1	0	552.995	328.014	197.823
23377	5494	3	0	591.995	306.014	200.341
23382	5494	1	0	591.995	306.014	202.642
23383	5494	3	1	307.995	290.014	202.859
23384	5494	1	1	307.995	290.014	204.61
23385	5494	3	1	196.995	336.014	204.86
23396	5494	1	1	196.995	336.014	210.03
23397	5494	3	0	729.995	408.014	210.613
23402	5494	1	0	729.995	408.014	215.665
23403	5494	3	0	786.995	379.014	219.534
23428	5494	1	0	786.995	379.014	237.528
23429	5494	3	0	751.995	334.014	238.579
23468	5494	1	0	751.995	334.014	293.258
23469	5494	3	0	817.995	314.014	294.059
23488	5494	1	0	817.995	314.014	393.006
23489	5494	3	1	255.995	258.014	393.639
23514	5494	1	1	255.995	258.014	436.77
23515	5494	3	0	551.995	300.014	437.054
23522	5494	1	0	551.995	300.014	440.223
23523	5494	3	0	796.995	258.014	441.04
23536	5494	1	0	796.995	258.014	484.137
23537	5494	3	0	553.995	248.014	485.138
23303	5495	1	0	736.96	191.794	92.3157
23304	5495	3	1	153.96	161.794	93.0664
23328	5495	1	1	153.96	161.794	134.12
23329	5495	3	0	785.96	324.794	134.637
23340	5495	1	0	785.96	324.794	150.546
23341	5495	3	1	196.96	342.794	151.947
23380	5495	1	1	196.96	342.794	202.159
23381	5495	3	0	533.96	401.794	202.409
23406	5495	1	0	533.96	401.794	221.519
23407	5495	3	1	206.96	234.794	221.836
23441	5495	1	1	206.96	234.794	247.851
23442	5495	2	0	477.96	251.794	248.218
23443	5495	3	0	498.224	250.835	248.251
23458	5495	1	0	498.224	250.835	279.886
23459	5495	3	1	321.224	306.835	280.468
23476	5495	1	1	321.224	306.835	380.13
23477	5495	2	0	491.224	303.835	380.531
23478	5495	3	0	500.929	300.742	380.547
23498	5495	1	0	500.929	300.742	410.351
23499	5495	3	1	274.929	204.742	411.185
23508	5495	1	1	274.929	204.742	432.901
23509	5495	3	0	627.929	222.742	433.218
23528	5495	1	0	627.929	222.742	476.532
23529	5495	3	1	349.929	229.742	477.783
23305	5496	1	0	844.505	338.718	94.6172
23306	5496	3	1	287.505	93.7184	95.5344
23320	5496	1	1	287.505	93.7184	131.119
23321	5496	3	0	545.505	87.7184	131.352
23338	5496	1	0	545.505	87.7184	146.794
23339	5496	3	1	259.505	48.7183	147.861
23394	5496	1	1	259.505	48.7183	209.162
23395	5496	3	0	707.505	157.718	209.446
23418	5496	1	0	707.505	157.718	225.571
23419	5496	3	0	595.505	224.718	226.588
23422	5496	1	0	595.505	224.718	234.41
23423	5496	3	1	275.505	149.718	234.693
23438	5496	1	1	275.505	149.718	246.85
23439	5496	2	0	489.505	181.718	247.451
23440	5496	3	0	499.091	184.541	247.467
23456	5496	1	0	499.091	184.541	275.582
23457	5496	3	1	381.091	202.541	277.867
23482	5496	1	1	381.091	202.541	381.632
23483	5496	3	0	638.091	291.541	381.915
23496	5496	1	0	638.091	291.541	406.348
23497	5496	3	1	391.091	314.541	407.866
23512	5496	1	1	391.091	314.541	436.07
23513	5496	3	0	597.091	394.541	436.387
23530	5496	1	0	597.091	394.541	478.9
23531	5496	3	1	264.091	330.541	479.567
23293	5497	1	0	667.189	384.47	62.2846
23294	5497	3	0	544.189	326.47	63.1015
23309	5497	1	0	544.189	326.47	103.354
23310	5497	3	1	313.189	220.47	103.704
23316	5497	1	1	313.189	220.47	129.752
23317	5497	3	0	657.189	190.47	129.968
23344	5497	1	0	657.189	190.47	159.985
23345	5497	3	0	603.189	256.47	161.186
23366	5497	1	0	603.189	256.47	188.585
23367	5497	3	1	359.189	254.47	189.169
23388	5497	1	1	359.189	254.47	207.211
23389	5497	3	0	652.189	329.47	207.478
23404	5497	1	0	652.189	329.47	219.918
23405	5497	3	1	294.189	314.47	220.251
23432	5497	1	1	294.189	314.47	243.732
23433	5497	3	0	614.189	218.47	244.232
23466	5497	1	0	614.189	218.47	292.258
23467	5497	3	0	649.189	251.47	293.008
23470	5497	1	0	649.189	251.47	294.325
23471	5497	3	0	625.189	179.47	298.795
23502	5497	1	0	625.189	179.47	416.107
23503	5497	3	0	508.189	122.47	419.992
23506	5497	1	0	508.189	122.47	427.698
23507	5497	3	0	502.189	150.47	432.134
23510	5497	1	0	502.189	150.47	433.468
23511	5497	3	0	555.189	134.47	435.603
23543	5497	1	0	555.189	134.47	489.023
23544	5497	3	1	325.189	75.4703	490.141
23545	5497	1	1	325.189	75.4703	491.275
23546	5497	3	1	349.189	39.4702	491.709
23311	5498	1	0	707.4	255.312	107.857
23312	5498	3	1	146.4	240.312	111.459
23326	5498	1	1	146.4	240.312	133.17
23327	5498	3	0	655.4	376.312	133.554
23348	5498	1	0	655.4	376.312	162.553
23349	5498	3	0	738.4	272.312	163.837
23370	5498	1	0	738.4	272.312	193.988
23371	5498	3	0	751.4	249.312	194.822
23426	5498	1	0	751.4	249.312	235.944
23427	5498	3	0	617.4	216.312	237.228
23430	5498	1	0	617.4	216.312	239.73
23431	5498	3	1	147.4	341.312	240.496
23444	5498	1	1	147.4	341.312	248.634
23445	5498	3	0	697.4	64.3123	249.085
23448	5498	1	0	697.4	64.3123	260.14
23449	5498	3	0	639.4	338.312	260.958
23464	5498	1	0	639.4	338.312	290.89
23465	5498	3	0	579.4	338.312	291.974
23472	5498	1	0	579.4	338.312	299.145
23473	5498	3	1	220.4	295.312	301.73
23479	5498	1	1	220.4	295.312	380.898
23480	5498	2	0	491.4	220.312	381.315
23481	5498	3	0	500.448	220.758	381.331
23504	5498	1	0	500.448	220.758	420.275
23505	5498	3	0	525.448	263.758	427.18
23534	5498	1	0	525.448	263.758	481.268
23535	5498	3	1	217.448	220.758	482.236
25072	5707	1	0	800.657	411.038	108.292
25073	5707	2	1	391.657	356.038	108.959
25074	5707	3	1	363.588	337.014	109.008
25112	5707	1	1	363.588	337.014	171.627
25113	5707	3	0	676.588	133.014	171.877
25135	5707	1	0	676.588	133.014	182.849
25136	5707	3	1	242.588	127.014	183.166
25161	5707	1	1	242.588	127.014	205.695
25162	5707	2	1	388.588	70.0143	206.412
25163	5707	3	1	361.276	91.9633	206.462
25177	5707	1	1	361.276	91.9633	232.544
25178	5707	3	0	657.276	163.963	232.727
25189	5707	1	0	657.276	163.963	237.78
25190	5707	2	1	400.276	118.963	238.063
25191	5707	3	1	362.534	138.467	238.13
25089	5708	1	0	822.721	160.047	120.749
25090	5708	3	0	720.721	301.047	121.966
25145	5708	1	0	720.721	301.047	188.602
25146	5708	3	0	849.721	246.047	189.686
25196	5708	1	0	849.721	246.047	240.181
25197	5708	3	1	229.721	319.047	240.514
25208	5708	1	1	229.721	319.047	321.759
25209	5708	3	0	720.721	182.047	322.51
25081	5709	1	0	677.1	152.397	114.812
25082	5709	3	0	685.1	118.397	115.062
25091	5709	1	0	685.1	118.397	122.317
25092	5709	3	0	606.1	214.397	123.267
25104	5709	1	0	606.1	214.397	130.854
25105	5709	3	0	531.1	196.397	132.738
25128	5709	1	0	531.1	196.397	180.615
25129	5709	3	1	276.1	179.397	180.865
25175	5709	1	1	276.1	179.397	231.794
25176	5709	3	0	732.1	39.3973	232.161
25192	5709	1	0	732.1	39.3973	238.48
25193	5709	3	1	348.1	63.3973	238.764
25066	5710	1	0	589.095	300.347	104.223
25067	5710	3	1	212.095	303.347	104.706
25120	5710	1	1	212.095	303.347	174.228
25121	5710	3	0	496.095	276.347	174.495
25152	5710	1	0	496.095	276.347	194.439
25153	5710	3	0	555.095	252.347	195.256
25070	5711	1	0	597.255	25.8753	107.358
25071	5711	3	1	297.255	60.8753	107.658
25118	5711	1	1	297.255	60.8753	173.561
25119	5711	3	0	504.255	42.8753	173.761
25130	5711	1	0	504.255	42.8753	181.265
25131	5711	3	1	304.255	51.8753	181.498
25149	5711	1	1	304.255	51.8753	193.605
25150	5711	2	0	489.255	59.8753	193.855
25151	5711	3	0	498.043	67.9586	193.872
25164	5711	1	0	498.043	67.9586	206.896
25165	5711	3	0	514.043	75.9586	207.346
25206	5711	1	0	514.043	75.9586	311.037
25207	5711	3	0	544.043	128.959	313.721
25068	5712	1	0	515.145	158.779	106.624
25069	5712	3	1	246.145	173.779	106.957
25116	5712	1	1	246.145	173.779	172.844
25117	5712	3	0	704.145	182.779	173.144
25132	5712	1	0	704.145	182.779	181.932
25133	5712	2	1	366.145	178.779	182.449
25134	5712	3	1	348.795	182.311	182.482
25158	5712	1	1	348.795	182.311	205.128
25159	5712	2	1	354.795	221.311	205.361
25160	5712	3	1	345.759	220.972	205.379
25168	5712	1	1	345.759	220.972	229.442
25169	5712	2	0	946.759	133.972	229.676
25170	5712	3	0	822.344	168.96	229.859
25187	5712	1	0	822.344	168.96	237.029
25188	5712	3	1	251.344	210.96	237.329
25093	5713	1	0	632.055	199.228	123.701
25094	5713	3	0	494.055	191.228	124.634
25102	5713	1	0	494.055	191.228	128.719
25103	5713	3	0	594.055	120.228	129.587
25106	5713	1	0	594.055	120.228	133.172
25107	5713	3	1	154.055	102.228	135.089
25124	5713	1	1	154.055	102.228	175.996
25125	5713	3	0	858.055	309.228	176.729
25143	5713	1	0	858.055	309.228	186.952
25144	5713	3	0	684.055	172.228	188.269
25156	5713	1	0	684.055	172.228	196.69
25157	5713	3	1	137.055	308.228	197.14
25181	5713	1	1	137.055	308.228	234.028
25182	5713	3	0	834.055	318.228	234.395
25198	5713	1	0	834.055	318.228	241.015
25199	5713	3	1	220.055	340.228	241.232
25077	5714	1	0	782.432	130.523	110.676
25078	5714	3	0	693.432	265.523	111.377
25083	5714	1	0	693.432	265.523	116.513
25084	5714	3	1	136.432	197.523	116.996
25097	5714	1	1	136.432	197.523	126.418
25098	5714	2	0	912.432	119.523	126.785
25099	5714	3	0	859.281	145.34	126.868
25139	5714	1	0	859.281	145.34	184.633
25140	5714	3	1	180.281	237.34	185.133
25179	5714	1	1	180.281	237.34	233.228
25180	5714	3	0	517.281	396.34	233.511
25204	5714	1	0	517.281	396.34	305.733
25205	5714	3	0	593.281	375.34	309.569
25210	5714	1	0	593.281	375.34	322.877
25211	5714	2	1	400.28	358.34	323.11
25212	5714	3	1	381.407	346.201	323.144
25087	5715	1	0	880.859	369.699	119.265
25088	5715	3	0	806.859	276.699	120.365
25108	5715	1	0	806.859	276.699	135.64
25109	5715	3	1	390.859	245.699	139.009
25114	5715	1	1	390.859	245.699	172.294
25115	5715	3	0	692.859	68.6991	172.527
25137	5715	1	0	692.859	68.6991	183.65
25138	5715	3	1	156.859	179.699	184.016
25183	5715	1	1	156.859	179.699	234.945
25184	5715	3	0	838.859	61.6991	235.595
25194	5715	1	0	838.859	61.6991	239.364
25195	5715	3	1	111.859	127.699	239.681
25079	5716	1	0	654.234	120.674	114.195
25080	5716	3	0	583.234	58.6735	114.445
25095	5716	1	0	583.234	58.6735	124.917
25096	5716	3	0	588.234	82.6736	125.868
25100	5716	1	0	588.234	82.6736	127.285
25101	5716	3	0	699.234	46.6735	128.353
25110	5716	1	0	699.234	46.6735	141.91
25111	5716	3	0	841.234	29.6735	142.594
25147	5716	1	0	841.234	29.6735	190.954
25148	5716	3	0	683.234	71.6736	192.321
25154	5716	1	0	683.234	71.6736	195.623
25155	5716	3	1	153.234	107.674	196.24
25185	5716	1	1	153.234	107.674	236.179
25186	5716	3	0	554.234	26.6735	236.662
25202	5716	1	0	554.234	26.6735	305.033
25203	5716	3	1	190.234	114.674	305.283
25085	5717	1	0	802.874	369.189	117.48
25086	5717	3	0	598.874	347.189	118.748
25126	5717	1	0	598.874	347.189	179.881
25127	5717	3	1	257.874	299.189	180.181
25173	5717	1	1	257.874	299.189	230.91
25174	5717	3	0	675.874	392.189	231.21
25213	5717	1	0	675.874	392.189	323.494
25214	5717	3	1	115.874	284.189	324.661
25075	5718	1	0	793.94	323.599	109.376
25076	5718	3	1	132.94	250.599	109.926
25122	5718	1	1	132.94	250.599	174.962
25123	5718	3	0	766.94	363.599	175.345
25141	5718	1	0	766.94	363.599	185.801
25142	5718	3	1	240.94	326.599	186.284
25166	5718	1	1	240.94	326.599	207.929
25167	5718	3	1	320.94	362.599	208.23
25171	5718	1	1	320.94	362.599	230.109
25172	5718	3	0	798.94	400.599	230.393
25200	5718	1	0	798.94	400.599	241.682
25201	5718	3	1	244.94	389.599	241.898
