17718	4867	1	0	570.538	232.625	2.80096
17719	4867	3	0	740.538	289.625	3.33447
17732	4867	1	0	740.538	289.625	11.389
17733	4867	3	0	608.538	40.6251	13.2397
17756	4867	1	0	608.538	40.6251	25.9636
17757	4867	3	0	656.538	37.6251	26.2803
17768	4867	1	0	656.538	37.6251	37.0357
17769	4867	3	0	632.538	51.6251	37.9028
17776	4867	1	0	632.538	51.6251	48.3245
17777	4867	3	0	636.538	47.6251	51.6594
17828	4867	1	0	636.538	47.6251	183.255
17829	4867	2	1	106.538	131.625	183.738
17830	4867	3	0	501.285	187.809	184.155
17831	4867	1	0	501.285	187.809	184.689
17832	4867	3	0	693.285	45.8085	185.239
17927	4867	1	0	693.285	45.8085	780.653
17928	4867	3	0	764.285	18.8085	781.97
17720	4868	1	0	650.351	191.555	3.95148
17721	4868	3	0	628.351	371.555	4.56842
17745	4868	1	0	628.351	371.555	19.1099
17746	4868	3	0	764.351	352.555	19.7267
17758	4868	1	0	764.351	352.555	29.2983
17759	4868	3	0	814.351	331.555	30.249
17796	4868	1	0	814.351	331.555	116.256
17797	4868	3	0	802.351	331.555	118.507
17741	4869	1	0	513.944	199.214	17.5589
17742	4869	3	0	635.944	197.214	17.9258
17772	4869	1	0	635.944	197.214	43.8226
17773	4869	3	1	309.944	291.214	44.5396
17782	4869	1	1	309.944	291.214	54.8941
17783	4869	3	1	306.944	307.214	55.4612
17786	4869	1	1	306.944	307.214	71.418
17787	4869	3	0	666.944	223.214	72.3519
17792	4869	1	0	666.944	223.214	113.672
17793	4869	3	1	229.944	321.214	114.339
17804	4869	1	1	229.944	321.214	132.48
17805	4869	3	1	194.944	324.214	133.214
17806	4869	1	1	194.944	324.214	140.084
17807	4869	3	0	626.944	222.214	140.751
17816	4869	1	0	626.944	222.214	149.688
17817	4869	3	1	189.944	337.214	150.889
17855	4869	1	1	189.944	337.214	273.246
17856	4869	3	1	189.944	337.214	273.363
17868	4869	1	1	189.944	337.214	698.687
17869	4869	3	0	668.944	336.214	699.02
17876	4869	1	0	668.944	336.214	703.79
17877	4869	3	1	231.944	324.214	705.024
17882	4869	1	1	231.944	324.214	743.647
17883	4869	3	0	609.944	309.214	744.13
17890	4869	1	0	609.944	309.214	751.151
17891	4869	3	1	256.944	326.214	751.652
17897	4869	1	1	256.944	326.214	755.487
17898	4869	3	0	629.944	301.214	755.971
17905	4869	1	0	629.944	301.214	762.841
17906	4869	3	0	600.944	218.214	763.141
17918	4869	1	0	600.944	218.214	772.664
17919	4869	3	1	239.944	306.214	773.214
17716	4870	1	0	535.214	192.825	1.65064
17717	4870	3	0	529.214	425.825	2.30084
17736	4870	1	0	529.214	425.825	15.6744
17737	4870	3	0	793.214	215.825	16.2247
17774	4870	1	0	793.214	215.825	45.2399
17775	4870	3	0	769.214	214.825	47.424
17794	4870	1	0	769.214	214.825	114.923
17795	4870	3	1	320.214	316.825	115.706
17866	4870	1	1	320.214	316.825	697.886
17867	4870	3	0	540.214	289.825	698.22
17874	4870	1	0	540.214	289.825	702.989
17875	4870	3	0	528.214	247.825	703.34
17892	4870	1	0	528.214	247.825	752.019
17893	4870	2	1	230.214	166.825	752.469
17894	4870	3	0	499.406	199.333	752.786
17895	4870	1	0	499.406	199.333	753.669
17896	4870	3	0	536.406	213.333	755.104
17899	4870	1	0	536.406	213.333	756.237
17900	4870	3	1	245.406	277.333	756.721
17901	4870	1	1	245.406	277.333	758.005
17902	4870	3	1	171.406	330.333	758.889
17916	4870	1	1	171.406	330.333	771.78
17917	4870	3	0	716.406	308.333	772.314
17923	4870	1	0	716.406	308.333	778.134
17924	4870	3	0	647.406	189.333	779.552
17929	4870	1	0	647.406	189.333	782.587
17930	4870	3	0	657.406	156.333	784.822
17728	4871	1	0	685.789	83.3517	8.92102
17729	4871	3	0	771.789	38.3517	10.0549
17778	4871	1	0	771.789	38.3517	52.0095
17779	4871	3	1	49.7887	346.352	53.1432
17784	4871	1	1	49.7887	346.352	61.1138
17785	4871	3	0	779.789	27.3517	62.3477
17822	4871	1	0	779.789	27.3517	180.086
17823	4871	2	1	133.789	96.3517	180.637
17824	4871	3	0	499.053	174.068	181.037
17825	4871	1	0	499.053	174.068	181.571
17826	4871	2	1	154.053	174.068	181.971
17827	4871	3	0	497.276	196.235	182.355
17857	4871	1	0	497.276	196.235	622.674
17858	4871	3	0	525.276	198.235	623.241
17861	4871	1	0	525.276	198.235	694.685
17862	4871	2	1	175.275	34.2354	695.602
17863	4871	3	0	496.062	150.485	695.969
17872	4871	1	0	496.062	150.485	700.555
17873	4871	3	1	32.0621	317.485	701.339
17726	4872	1	0	799.737	139.641	8.08716
17727	4872	3	0	507.737	346.641	8.53754
17743	4872	1	0	507.737	346.641	18.326
17744	4872	3	0	519.737	254.641	18.7596
17747	4872	1	0	519.737	254.641	20.7772
17748	4872	3	0	519.737	228.641	21.4777
17770	4872	1	0	519.737	228.641	42.2884
17771	4872	3	1	161.737	322.641	42.8387
17780	4872	1	1	161.737	322.641	53.5765
17781	4872	3	1	196.737	320.641	54.4438
17788	4872	1	1	196.737	320.641	72.9354
17789	4872	3	0	534.737	218.641	75.6865
17790	4872	1	0	534.737	218.641	112.221
17791	4872	3	1	82.7373	321.641	112.972
17820	4872	1	1	82.7373	321.641	178.636
17821	4872	3	0	750.737	225.641	179.67
17847	4872	1	0	750.737	225.641	211.384
17848	4872	3	1	55.7373	327.641	212.251
17853	4872	1	1	55.7373	327.641	272.612
17854	4872	3	1	55.7373	327.641	272.729
17870	4872	1	1	55.7373	327.641	699.421
17871	4872	3	0	834.737	204.641	700.071
17878	4872	1	0	834.737	204.641	706.024
17879	4872	3	1	305.737	179.641	706.658
17880	4872	1	1	305.737	179.641	719.933
17881	4872	3	1	336.737	181.641	720.7
17884	4872	1	1	336.737	181.641	744.764
17885	4872	3	0	719.737	412.641	745.932
17931	4872	1	0	719.737	412.641	786.89
17932	4872	3	0	686.737	295.641	789.541
17730	4873	1	0	539.05	56.8102	10.4387
17731	4873	3	0	599.05	375.81	11.0386
17734	4873	1	0	599.05	375.81	14.1068
17735	4873	3	0	510.05	32.8102	15.1574
17753	4873	1	0	510.05	32.8102	25.1299
17754	4873	2	0	493.05	50.8102	25.6635
17755	4873	3	0	501.378	59.0813	25.6801
17833	4873	1	0	501.378	59.0813	185.639
17834	4873	3	1	97.3776	193.081	186.073
17835	4873	1	1	97.3776	193.081	187.44
17836	4873	3	0	572.378	49.0813	188.408
17920	4873	1	0	572.378	49.0813	777.05
17921	4873	2	0	482.378	227.081	777.484
17922	4873	3	0	499.662	226.015	777.517
17766	4874	1	0	843.773	432	35.6014
17767	4874	3	0	522.773	382	36.4356
17808	4874	1	0	522.773	382	141.251
17809	4874	3	1	207.773	379	141.834
17814	4874	1	1	207.773	379	148.688
17815	4874	3	0	524.773	386	149.255
17839	4874	1	0	524.773	386	191.275
17840	4874	3	1	86.7735	364	192.009
17845	4874	1	1	86.7735	364	209.917
17846	4874	3	0	520.773	387	210.834
17912	4874	1	0	520.773	387	767.211
17913	4874	3	0	553.773	429	768.878
17724	4875	1	0	790.719	104.976	7.15326
17725	4875	3	0	638.719	242.976	7.70367
17738	4875	1	0	638.719	242.976	16.5416
17739	4875	2	0	492.719	464.976	17.1086
17740	4875	3	0	502.079	453.439	17.1254
17751	4875	1	0	502.079	453.439	22.9451
17752	4875	3	0	537.079	409.439	24.4461
17762	4875	1	0	537.079	409.439	32.45
17763	4875	3	0	708.079	344.439	33.3171
17798	4875	1	0	708.079	344.439	118.857
17799	4875	3	0	697.079	326.439	121.359
17810	4875	1	0	697.079	326.439	143.401
17811	4875	3	1	278.079	190.439	144.252
17812	4875	1	1	278.079	190.439	147.387
17813	4875	3	0	670.079	428.439	147.937
17841	4875	1	0	670.079	428.439	194.043
17842	4875	3	0	608.079	385.439	196.628
17907	4875	1	0	608.079	385.439	763.492
17908	4875	2	1	258.079	230.439	763.959
17909	4875	3	0	493.784	233.283	764.226
17910	4875	1	0	493.784	233.283	765.276
17911	4875	3	0	622.784	349.283	766.527
17722	4876	1	0	534.248	110.589	5.16894
17723	4876	3	0	522.248	362.589	6.3363
17749	4876	1	0	522.248	362.589	21.9946
17750	4876	3	0	661.248	362.589	22.4783
17760	4876	1	0	661.248	362.589	31.1493
17761	4876	3	0	580.248	349.589	32.0164
17764	4876	1	0	580.248	349.589	33.7004
17765	4876	3	0	617.248	347.589	34.1341
17800	4876	1	0	617.248	347.589	121.959
17801	4876	3	1	132.248	246.589	124.227
17802	4876	1	1	132.248	246.589	124.977
17803	4876	3	1	159.248	246.589	125.544
17818	4876	1	1	159.248	246.589	177.419
17819	4876	3	0	630.248	267.589	177.986
17837	4876	1	0	630.248	267.589	189.758
17838	4876	3	1	107.248	259.589	190.425
17843	4876	1	1	107.248	259.589	208.549
17844	4876	3	0	652.248	277.589	209.35
17849	4876	1	0	652.248	277.589	227.326
17850	4876	3	1	198.248	192.589	227.876
17851	4876	1	1	198.248	192.589	228.626
17852	4876	3	1	198.248	232.589	229.41
17859	4876	1	1	198.248	232.589	633.198
17860	4876	3	1	177.248	229.589	635.382
17864	4876	1	1	177.248	229.589	696.235
17865	4876	3	0	715.248	235.589	696.802
17886	4876	1	0	715.248	235.589	746.348
17887	4876	3	1	269.248	284.589	746.949
17888	4876	1	1	269.248	284.589	750.367
17889	4876	3	0	783.248	217.589	750.851
17903	4876	1	0	783.248	217.589	760.34
17904	4876	3	1	346.248	356.589	761.09
17914	4876	1	1	346.248	356.589	769.312
17915	4876	3	0	759.248	224.589	770.412
17925	4876	1	0	759.248	224.589	779.885
17926	4876	3	0	821.248	222.589	780.286
18825	4987	1	0	634.096	190.723	21.2268
18826	4987	2	0	583.096	450.724	21.6603
18827	4987	3	0	587.526	439.564	21.677
18840	4987	1	0	587.526	439.564	30.5148
18841	4987	3	0	536.526	171.564	31.2987
18862	4987	1	0	536.526	171.564	58.2795
18863	4987	3	1	260.526	359.564	59.0962
18889	4987	1	1	260.526	359.564	321.903
18890	4987	3	1	262.526	365.564	322.804
18891	4987	1	1	262.526	365.564	328.123
18892	4987	3	0	587.526	372.564	328.574
18893	4987	1	0	587.526	372.564	329.524
18894	4987	3	1	286.526	401.564	329.958
18895	4987	1	1	286.526	401.564	333.961
18896	4987	3	0	554.526	388.564	334.244
18918	4987	1	0	554.526	388.564	352.403
18919	4987	3	1	55.5261	242.564	353.32
18990	4987	1	1	55.5261	242.564	725.954
18991	4987	3	0	660.526	237.564	726.972
18997	4987	1	0	660.526	237.564	731.958
18998	4987	3	1	154.526	239.564	732.408
18830	4988	1	0	810.988	278.453	22.9613
18831	4988	3	0	780.988	172.453	23.4948
18860	4988	1	0	780.988	172.453	50.0752
18861	4988	3	1	95.9878	360.453	50.9592
18908	4988	1	1	95.9878	360.453	340.397
18909	4988	3	0	676.988	62.453	340.897
18914	4988	1	0	676.988	62.453	344.049
18915	4988	3	1	66.9878	395.453	345.266
18956	4988	1	1	66.9878	395.453	588.07
18957	4988	3	0	794.988	53.453	588.636
18972	4988	1	0	794.988	53.453	609.05
18973	4988	3	1	51.9878	392.453	610.034
18978	4988	1	1	51.9878	392.453	613.736
18979	4988	3	0	754.988	79.453	614.337
18984	4988	1	0	754.988	79.453	709.645
18985	4988	3	0	661.988	136.453	711.179
18992	4988	1	0	661.988	136.453	727.339
18993	4988	2	1	68.9878	172.453	727.906
18994	4988	3	0	501.408	209.587	728.322
18995	4988	1	0	501.408	209.587	728.939
18996	4988	3	0	732.408	69.5865	731.558
18805	4989	1	0	625.418	275.193	11.2557
18806	4989	3	0	609.418	333.193	11.9061
18809	4989	1	0	609.418	333.193	13.5065
18810	4989	2	0	493.418	246.193	14.0233
18811	4989	3	0	501.648	244.62	14.04
18819	4989	1	0	501.648	244.62	19.5592
18820	4989	2	0	648.648	-37.3802	20.093
18821	4989	3	0	650.396	9.35806	20.1595
18864	4989	1	0	650.396	9.35806	61.5308
18865	4989	3	1	74.3962	234.358	63.2318
18866	4989	1	1	74.3962	234.358	63.5985
18867	4989	3	1	74.3962	213.358	64.2321
18912	4989	1	1	74.3962	213.358	343.065
18913	4989	3	0	739.396	183.358	343.699
18951	4989	1	0	739.396	183.358	585.652
18952	4989	2	1	110.396	81.3581	586.235
18953	4989	3	0	498.29	175.807	586.635
18958	4989	1	0	498.29	175.807	589.07
18959	4989	3	1	58.2896	367.807	589.904
18962	4989	1	1	58.2896	367.807	593.406
18963	4989	3	0	564.29	102.807	593.94
18964	4989	1	0	564.29	102.807	594.24
18965	4989	3	1	69.2896	358.807	596.575
18970	4989	1	1	69.2896	358.807	607.982
18971	4989	3	0	600.29	113.807	608.666
18980	4989	1	0	600.29	113.807	614.62
18981	4989	3	1	79.2896	378.807	615.788
18883	4990	1	0	772.322	12.213	144.593
18884	4990	3	0	721.322	96.213	145.21
18905	4990	1	0	721.322	96.213	339.113
18906	4990	2	1	299.322	227.213	339.613
18907	4990	3	0	495.42	215.366	339.88
18910	4990	1	0	495.42	215.366	341.18
18911	4990	3	1	209.42	326.366	342.631
18916	4990	1	1	209.42	326.366	345.633
18917	4990	3	1	218.42	344.366	346.3
18960	4990	1	1	218.42	344.366	590.454
18961	4990	3	1	278.42	344.366	590.821
18814	4991	1	0	518.258	119.714	16.8414
18815	4991	3	0	530.258	80.7144	17.2749
18834	4991	1	0	530.258	80.7144	25.6623
18835	4991	3	0	530.258	185.714	26.8961
18838	4991	1	0	530.258	185.714	29.1473
18839	4991	3	0	776.258	302.714	29.9312
18848	4991	1	0	776.258	302.714	35.9011
18849	4991	3	0	859.258	292.714	36.3345
18868	4991	1	0	859.258	292.714	67.6502
18869	4991	3	1	286.258	253.714	68.3005
18901	4991	1	1	286.258	253.714	336.929
18902	4991	3	0	760.258	301.714	337.646
18920	4991	1	0	760.258	301.714	361.291
18921	4991	3	1	302.258	231.714	361.858
18922	4991	1	1	302.258	231.714	362.292
18923	4991	3	0	787.258	296.714	363.092
18942	4991	1	0	787.258	296.714	373.515
18943	4991	2	1	404.258	234.714	373.915
18944	4991	3	1	385.236	234.878	373.948
18945	4991	1	1	385.236	234.878	374.465
18946	4991	3	1	313.236	228.878	374.948
18954	4991	1	1	313.236	228.878	587.036
18955	4991	3	0	753.236	210.878	587.469
18974	4991	1	0	753.236	210.878	610.584
18975	4991	3	1	208.236	224.878	611.135
18976	4991	1	1	208.236	224.878	612.786
18977	4991	3	0	750.236	230.878	613.269
18807	4992	1	0	597.279	221.283	12.4562
18808	4992	3	0	507.279	402.283	13.2396
18842	4992	1	0	507.279	402.283	31.7822
18843	4992	3	0	702.279	291.283	32.3993
18850	4992	1	0	702.279	291.283	36.6681
18851	4992	3	0	816.279	288.283	37.0516
18854	4992	1	0	816.279	288.283	38.419
18855	4992	3	0	771.279	289.283	38.9027
18870	4992	1	0	771.279	289.283	69.3844
18871	4992	3	1	379.279	286.283	69.9847
18897	4992	1	1	379.279	286.283	334.595
18898	4992	3	0	680.279	298.283	334.844
18924	4992	1	0	680.279	298.283	363.493
18925	4992	3	1	300.279	299.283	363.893
18940	4992	1	1	300.279	299.283	372.314
18941	4992	3	0	618.279	339.283	373.139
18828	4993	1	0	780.28	193.693	22.194
18829	4993	3	0	690.28	416.693	22.5775
18844	4993	1	0	690.28	416.693	32.7493
18845	4993	3	0	606.28	303.693	33.8165
18852	4993	1	0	606.28	303.693	37.4518
18853	4993	3	0	660.28	303.693	37.9187
18872	4993	1	0	660.28	303.693	70.4849
18873	4993	3	1	355.28	212.693	71.0687
18899	4993	1	1	355.28	212.693	335.545
18900	4993	3	0	560.28	324.693	336.445
18926	4993	1	0	560.28	324.693	364.426
18927	4993	3	1	279.28	260.693	364.876
18938	4993	1	1	279.28	260.693	371.43
18939	4993	3	0	543.28	395.693	371.764
18816	4994	1	0	659.955	24.0646	18.3921
18817	4994	2	0	491.955	168.065	18.9756
18818	4994	3	0	500.628	170.827	18.9921
18822	4994	1	0	500.628	170.827	20.443
18823	4994	2	0	485.628	258.828	20.7933
18824	4994	3	0	494.712	257.082	20.8099
18832	4994	1	0	494.712	257.082	24.0955
18833	4994	3	0	670.712	170.081	25.0789
18880	4994	1	0	670.712	170.081	112.791
18881	4994	2	0	846.712	442.082	117.744
18882	4994	3	0	837.728	431.158	117.761
18885	4994	1	0	837.728	431.158	156.015
18886	4994	3	0	795.728	422.158	156.365
18836	4995	1	0	747.696	314.638	27.2631
18837	4995	3	0	495.697	472.638	28.597
18858	4995	1	0	495.697	472.638	40.1367
18859	4995	3	0	507.697	297.638	40.9203
18878	4995	1	0	507.697	297.638	76.255
18879	4995	3	1	265.697	179.637	76.9722
18903	4995	1	1	265.697	179.637	338.279
18904	4995	3	0	532.696	217.637	338.779
18930	4995	1	0	532.696	217.637	366.177
18931	4995	3	1	152.697	190.637	366.711
18932	4995	1	1	152.697	190.637	368.162
18933	4995	3	1	246.697	173.637	369.279
18936	4995	1	1	246.697	173.637	370.746
18937	4995	3	0	541.696	194.637	371.03
18947	4995	1	0	541.696	194.637	376.282
18948	4995	3	1	326.697	165.637	376.566
18988	4995	1	1	326.697	165.637	724.937
18989	4995	3	0	579.696	177.637	725.404
19001	4995	1	0	579.696	177.637	733.826
19002	4995	3	1	289.697	119.637	734.393
18812	4996	1	0	519.415	82.4979	14.5236
18813	4996	3	0	611.415	385.498	15.1741
18846	4996	1	0	611.415	385.498	34.1167
18847	4996	3	0	542.415	312.498	35.3008
18856	4996	1	0	542.415	312.498	39.3027
18857	4996	3	0	578.415	313.498	39.7529
18874	4996	1	0	578.415	313.498	71.7191
18875	4996	3	1	266.415	133.498	72.4696
18876	4996	1	1	266.415	133.498	74.6543
18877	4996	3	0	586.415	316.498	75.4546
18887	4996	1	0	586.415	316.498	188.582
18888	4996	3	0	583.415	271.498	189.149
18928	4996	1	0	583.415	271.498	365.393
18929	4996	3	1	362.415	205.498	365.844
18934	4996	1	1	362.415	205.498	369.962
18935	4996	3	0	519.415	265.498	370.229
18949	4996	1	0	519.415	265.498	377.967
18950	4996	3	0	519.415	265.498	378.484
18966	4996	1	0	519.415	265.498	604.58
18967	4996	3	1	297.415	251.498	604.947
18968	4996	1	1	297.415	251.498	606.815
18969	4996	3	0	527.415	250.498	607.399
18982	4996	1	0	527.415	250.498	616.588
18983	4996	3	1	209.415	243.498	617.289
18986	4996	1	1	209.415	243.498	723.786
18987	4996	3	0	513.415	243.498	724.454
18999	4996	1	0	513.415	243.498	732.909
19000	4996	3	1	286.415	219.498	733.309
22776	5395	1	0	757.863	207.727	17.8254
22777	5395	3	0	724.863	423.727	18.2422
22792	5395	1	0	724.863	423.727	26.864
22793	5395	3	0	832.863	363.727	27.9644
22826	5395	1	0	832.863	363.727	104.805
22827	5395	3	1	91.8633	228.727	105.839
22830	5395	1	1	91.8633	228.727	122.049
22831	5395	3	1	99.8633	201.727	122.549
22850	5395	1	1	99.8633	201.727	153.783
22851	5395	3	0	755.863	229.727	154.534
22907	5395	1	0	755.863	229.727	553.202
22908	5395	3	1	192.863	207.727	553.702
22913	5395	1	1	192.863	207.727	561.24
22914	5395	3	1	187.863	229.727	561.657
22927	5395	1	1	187.863	229.727	574.066
22928	5395	3	0	523.863	286.727	574.749
22933	5395	1	0	523.863	286.727	583.855
22934	5395	3	0	538.863	235.727	584.172
22943	5395	1	0	538.863	235.727	593.411
22944	5395	3	0	793.863	232.727	593.711
22773	5396	1	0	692.218	206.865	16.7914
22774	5396	2	0	652.218	472.866	17.2917
22775	5396	3	0	654.65	437.103	17.3416
22790	5396	1	0	654.65	437.103	25.113
22791	5396	3	0	508.65	210.103	26.4138
22824	5396	1	0	508.65	210.103	103.521
22825	5396	3	1	213.65	198.103	104.155
22848	5396	1	1	213.65	198.103	152.766
22849	5396	3	0	603.65	223.103	153.216
22921	5396	1	0	603.65	223.103	565.043
22922	5396	3	0	583.65	202.103	571.28
22949	5396	1	0	583.65	202.103	718.088
22950	5396	3	0	576.65	202.103	719.406
22761	5397	1	0	756.077	235.739	11.389
22762	5397	3	0	756.077	235.739	11.4558
22763	5397	1	0	756.077	235.739	11.7559
22764	5397	3	0	579.077	327.739	12.2564
22778	5397	1	0	579.077	327.739	18.7258
22779	5397	3	0	705.077	395.739	19.1428
22794	5397	1	0	705.077	395.739	28.3312
22795	5397	3	0	589.077	436.739	28.7981
22798	5397	1	0	589.077	436.739	30.3322
22799	5397	3	0	651.077	355.739	30.949
22796	5398	1	0	709.809	387.515	29.1817
22797	5398	3	0	715.809	363.515	29.8319
22828	5398	1	0	715.809	363.515	106.59
22829	5398	3	0	752.809	337.515	108.391
22780	5399	1	0	612.82	336.618	19.7598
22781	5399	3	0	647.82	445.618	20.1268
22800	5399	1	0	647.82	445.618	31.4493
22801	5399	3	0	560.82	362.618	32.2664
22802	5399	1	0	560.82	362.618	32.8168
22803	5399	3	0	545.82	435.618	33.1503
22806	5399	1	0	545.82	435.618	35.2181
22807	5399	3	0	759.82	442.618	36.1852
22868	5399	1	0	759.82	442.618	169.992
22869	5399	3	1	262.82	212.618	170.909
22878	5399	1	1	262.82	212.618	523.733
22879	5399	3	0	590.82	35.6182	524.234
22903	5399	1	0	590.82	35.6182	548.732
22904	5399	3	1	251.82	370.618	549.6
22929	5399	1	1	251.82	370.618	575.133
22930	5399	3	0	616.82	427.618	575.567
22945	5399	1	0	616.82	427.618	594.512
22946	5399	3	1	358.82	427.618	594.979
22759	5400	1	0	700.505	243.513	10.7387
22760	5400	3	0	571.505	273.513	11.0556
22782	5400	1	0	571.505	273.513	20.7439
22783	5400	3	0	706.505	425.513	21.144
22788	5400	1	0	706.505	425.513	23.9791
22789	5400	3	0	534.505	433.513	24.4128
22808	5400	1	0	534.505	433.513	36.6188
22809	5400	3	0	640.505	436.513	37.9529
22864	5400	1	0	640.505	436.513	160.837
22865	5400	3	1	293.505	204.513	161.32
22866	5400	1	1	293.505	204.513	168.624
22867	5400	3	0	570.505	460.513	169.374
22870	5400	1	0	570.505	460.513	276.768
22871	5400	3	0	561.505	429.513	277.335
22894	5400	1	0	561.505	429.513	544.33
22895	5400	3	1	139.505	357.513	545.28
22931	5400	1	1	139.505	357.513	576.117
22932	5400	3	0	552.505	407.513	576.734
22947	5400	1	0	552.505	407.513	698.526
22948	5400	3	0	603.505	454.513	699.077
22755	5401	1	0	675.602	250.861	6.92004
22756	5401	3	0	530.602	358.861	7.30359
22786	5401	1	0	530.602	358.861	22.5615
22787	5401	3	0	652.602	212.861	23.4788
22810	5401	1	0	652.602	212.861	77.1241
22811	5401	3	0	652.602	212.861	77.1907
22818	5401	1	0	652.602	212.861	99.3691
22819	5401	3	1	213.602	304.861	99.9863
22832	5401	1	1	213.602	304.861	122.933
22833	5401	3	1	193.602	352.861	124.116
22874	5401	1	1	193.602	352.861	521.215
22875	5401	3	0	589.602	151.861	521.732
22882	5401	1	0	589.602	151.861	525.735
22883	5401	3	0	620.602	32.8614	526.135
22901	5401	1	0	620.602	32.8614	547.915
22902	5401	3	0	551.602	101.861	548.182
22909	5401	1	0	551.602	101.861	555.87
22910	5401	3	1	325.602	154.861	556.737
22915	5401	1	1	325.602	154.861	561.941
22916	5401	3	1	349.602	204.861	562.358
22925	5401	1	1	349.602	204.861	572.865
22926	5401	3	0	589.602	142.861	573.232
22935	5401	1	0	589.602	142.861	584.589
22936	5401	3	1	233.602	248.861	585.106
22753	5402	1	0	619.456	158.172	5.71918
22754	5402	3	0	811.456	388.172	6.21942
22784	5402	1	0	811.456	388.172	21.4107
22785	5402	3	0	800.456	212.172	22.128
22820	5402	1	0	800.456	212.172	100.503
22821	5402	3	1	349.456	305.172	101.604
22834	5402	1	1	349.456	305.172	124.5
22835	5402	3	1	346.456	350.172	129.086
22872	5402	1	1	346.456	350.172	519.697
22873	5402	3	0	711.456	397.172	520.064
22889	5402	1	0	711.456	397.172	527.953
22890	5402	3	0	659.456	399.172	528.653
22891	5402	1	0	659.456	399.172	543.195
22892	5402	2	0	641.456	441.172	543.779
22893	5402	3	0	643.243	419.282	543.812
22919	5402	1	0	643.243	419.282	563.725
22920	5402	3	0	748.243	418.282	564.442
22939	5402	1	0	748.243	418.282	589.709
22940	5402	3	1	69.2434	155.282	591.36
22751	5403	1	0	591.947	99.2792	4.96869
22752	5403	3	0	792.947	70.2792	5.3858
22767	5403	1	0	792.947	70.2792	13.7738
22768	5403	3	0	801.947	39.2792	14.2571
22812	5403	1	0	801.947	39.2792	78.1079
22813	5403	3	0	801.947	39.2792	78.1913
22838	5403	1	0	801.947	39.2792	147.346
22839	5403	3	0	774.947	81.2792	147.679
22840	5403	1	0	774.947	81.2792	147.896
22841	5403	3	0	792.947	93.2792	148.48
22846	5403	1	0	792.947	93.2792	151.599
22847	5403	3	0	783.947	37.2792	152.266
22860	5403	1	0	783.947	37.2792	157.652
22861	5403	3	1	85.9474	175.279	158.986
22876	5403	1	1	85.9474	175.279	522.165
22877	5403	3	0	632.947	304.279	523.1
22887	5403	1	0	632.947	304.279	527.052
22888	5403	3	0	786.947	363.279	527.569
22896	5403	1	0	786.947	363.279	546.164
22897	5403	2	0	821.947	394.279	546.431
22898	5403	3	0	805.131	375.933	546.464
22911	5403	1	0	805.131	375.933	559.923
22912	5403	3	1	59.1306	58.9326	560.757
22917	5403	1	1	59.1306	58.9326	562.775
22918	5403	3	1	153.131	58.9326	563.125
22923	5403	1	1	153.131	58.9326	571.914
22924	5403	3	0	755.131	189.933	572.498
22941	5403	1	0	755.131	189.933	592.127
22942	5403	3	1	279.131	48.9326	592.844
22765	5404	1	0	722.574	299.267	12.6398
22766	5404	3	0	541.574	77.2675	13.3068
22771	5404	1	0	541.574	77.2675	15.8742
22772	5404	3	0	518.574	65.2675	16.3078
22816	5404	1	0	518.574	65.2675	79.6251
22817	5404	3	0	518.574	65.2675	79.7753
22822	5404	1	0	518.574	65.2675	102.137
22823	5404	3	1	39.5738	353.267	102.954
22880	5404	1	1	39.5738	353.267	524.651
22881	5404	3	0	519.574	113.268	525.451
22899	5404	1	0	519.574	113.268	546.998
22900	5404	3	0	761.574	148.268	547.448
22905	5404	1	0	761.574	148.268	551.684
22906	5404	3	0	668.574	37.2675	552.869
22937	5404	1	0	668.574	37.2675	585.974
22938	5404	3	1	144.574	378.267	589.192
22749	5405	1	0	598.7	166.029	3.45123
22750	5405	3	0	510.7	246.029	4.61871
22757	5405	1	0	510.7	246.029	7.67053
22758	5405	3	0	672.7	48.0289	8.32092
22769	5405	1	0	672.7	48.0289	14.6073
22770	5405	3	0	650.7	46.0289	15.5908
22814	5405	1	0	650.7	46.0289	78.8416
22815	5405	3	0	650.7	46.0289	78.9249
22836	5405	1	0	650.7	46.0289	146.596
22837	5405	3	0	636.7	79.0289	147.012
22842	5405	1	0	636.7	79.0289	148.897
22843	5405	3	0	613.7	87.0289	149.464
22844	5405	1	0	613.7	87.0289	150.532
22845	5405	3	0	598.7	51.0289	151.048
22852	5405	1	0	598.7	51.0289	155.067
22853	5405	3	1	225.7	230.029	155.367
22854	5405	1	1	225.7	230.029	155.6
22855	5405	3	0	703.7	49.0289	156.084
22856	5405	1	0	703.7	49.0289	156.167
22857	5405	3	0	703.7	49.0289	156.251
22858	5405	1	0	703.7	49.0289	156.501
22859	5405	3	0	593.7	58.0289	156.951
22862	5405	1	0	593.7	58.0289	159.736
22863	5405	3	0	737.7	57.0289	160.203
22884	5405	1	0	737.7	57.0289	526.335
22885	5405	2	0	814.7	25.0289	526.568
22886	5405	3	0	806.589	34.1538	526.585
22804	5406	1	0	574.011	453.288	34.134
22805	5406	3	0	570.011	348.288	34.8679
24388	5639	1	0	591.404	403.463	26.231
24389	5639	3	0	683.404	340.463	26.8144
24410	5639	1	0	683.404	340.463	60.7325
24411	5639	3	1	327.404	290.463	61.2494
24417	5639	1	1	327.404	290.463	156.036
24418	5639	3	0	592.404	330.463	156.402
24423	5639	1	0	592.404	330.463	160.972
24424	5639	3	1	317.404	233.463	161.305
24431	5639	1	1	317.404	233.463	429.738
24432	5639	3	0	617.404	467.463	430.555
24473	5639	1	0	617.404	467.463	510.924
24474	5639	3	1	393.404	357.463	514.51
24475	5639	1	1	393.404	357.463	514.861
24476	5639	3	0	573.404	427.463	515.311
24481	5639	1	0	573.404	427.463	518.48
24482	5639	3	1	382.404	339.463	519.981
24483	5639	1	1	382.404	339.463	529.186
24484	5639	3	0	753.404	396.463	529.703
24489	5639	1	0	753.404	396.463	535.106
24490	5639	2	1	413.404	360.463	536.141
24491	5639	3	1	403.635	354.691	536.157
24361	5640	1	0	723.791	191.424	4.48584
24362	5640	3	0	801.791	47.424	5.21924
24355	5641	1	0	645.167	57.0107	1.25079
24356	5641	3	0	695.167	37.0107	2.7016
24359	5641	1	0	695.167	37.0107	3.78516
24360	5641	3	0	596.167	194.011	4.00232
24363	5641	1	0	596.167	194.011	5.61951
24364	5641	3	0	669.167	56.0107	6.88696
24394	5641	1	0	669.167	56.0107	38.754
24395	5641	3	0	669.167	56.0107	39.9382
24396	5641	1	0	669.167	56.0107	42.7399
24397	5641	3	0	662.167	59.0107	44.1907
24404	5641	1	0	662.167	59.0107	54.8461
24405	5641	3	1	45.1674	359.011	56.4136
24439	5641	1	1	45.1674	359.011	435.325
24440	5641	3	0	648.167	230.011	435.875
24443	5641	1	0	648.167	230.011	438.394
24444	5641	3	0	549.167	50.0107	438.861
24447	5641	1	0	549.167	50.0107	442.346
24448	5641	3	0	582.167	36.0107	443.981
24455	5641	1	0	582.167	36.0107	487.192
24456	5641	3	0	522.167	102.011	490.844
24463	5641	1	0	522.167	102.011	501.201
24464	5641	3	1	163.167	198.011	501.685
24494	5641	1	1	163.167	198.011	561.59
24495	5641	3	0	733.167	368.011	562.09
24537	5641	1	0	733.167	368.011	619.745
24538	5641	3	0	780.167	323.011	625.132
24384	5642	1	0	785.791	306.909	23.0793
24385	5642	3	0	623.791	430.909	24.8468
24392	5642	1	0	623.791	430.909	27.9485
24393	5642	3	0	554.791	355.909	28.6323
24402	5642	1	0	554.791	355.909	46.5418
24403	5642	3	0	590.791	346.909	47.1256
24414	5642	1	0	590.791	346.909	154.635
24415	5642	2	1	224.791	278.909	155.335
24416	5642	3	0	494.597	259.2	155.619
24419	5642	1	0	494.597	259.2	157.07
24420	5642	3	1	175.597	267.2	157.453
24421	5642	1	1	175.597	267.2	159.988
24422	5642	3	0	568.597	429.2	160.455
24429	5642	1	0	568.597	429.2	178.13
24430	5642	3	1	325.597	322.2	178.797
24433	5642	1	1	325.597	322.2	431.872
24434	5642	3	0	731.597	406.2	432.339
24471	5642	1	0	731.597	406.2	509.707
24472	5642	3	1	344.597	432.2	510.474
24477	5642	1	1	344.597	432.2	515.761
24478	5642	3	0	682.597	434.2	516.695
24479	5642	1	0	682.597	434.2	517.512
24480	5642	3	1	386.597	446.2	518.112
24369	5643	1	0	858.901	205.105	11.7061
24370	5643	3	0	609.901	412.105	12.5396
24380	5643	1	0	609.901	412.105	16.7754
24381	5643	3	0	634.901	225.105	17.5428
24398	5643	1	0	634.901	225.105	44.7578
24399	5643	3	0	661.901	225.105	45.2581
24408	5643	1	0	661.901	225.105	58.9982
24409	5643	3	1	386.901	417.105	60.2324
24435	5643	1	1	386.901	417.105	432.84
24436	5643	3	0	709.901	430.105	433.957
24451	5643	1	0	709.901	430.105	480.404
24452	5643	3	0	801.901	432.105	481.205
24453	5643	1	0	801.901	432.105	481.472
24454	5643	3	1	181.902	224.105	482.105
24457	5643	1	1	181.902	224.105	498.233
24458	5643	3	0	507.901	263.105	498.833
24461	5643	1	0	507.901	263.105	500.367
24462	5643	3	0	508.901	234.105	500.851
24465	5643	1	0	508.901	234.105	502.235
24466	5643	3	1	326.901	235.105	502.619
24485	5643	1	1	326.901	235.105	531.137
24486	5643	3	0	537.901	83.1054	531.621
24500	5643	1	0	537.901	83.1054	564.976
24501	5643	3	1	126.901	318.105	565.526
24505	5643	1	1	126.901	318.105	570.997
24506	5643	3	0	572.901	268.105	571.563
24513	5643	1	0	572.901	268.105	576.55
24514	5643	3	1	376.901	160.105	576.984
24515	5643	1	1	376.901	160.105	579.335
24516	5643	3	1	369.901	136.105	580.036
24525	5643	1	1	369.901	136.105	600.75
24526	5643	3	0	635.901	54.1054	601.1
24533	5643	1	0	635.901	54.1054	615.609
24534	5643	3	1	292.901	176.105	616.96
24543	5643	1	1	292.901	176.105	629.102
24544	5643	3	1	218.902	151.105	629.702
24365	5644	1	0	548.402	59.0028	7.87067
24366	5644	3	0	637.402	257.003	8.82117
24367	5644	1	0	637.402	257.003	10.5887
24368	5644	3	0	552.402	71.0027	11.2557
24406	5644	1	0	552.402	71.0027	56.9639
24407	5644	3	1	262.402	366.003	58.4312
24425	5644	1	1	262.402	366.003	172.327
24426	5644	3	0	567.402	315.003	172.944
24469	5644	1	0	567.402	315.003	505.037
24470	5644	3	0	565.402	307.003	505.804
24498	5644	1	0	565.402	307.003	564.108
24499	5644	3	1	209.402	137.003	564.592
24523	5644	1	1	209.402	137.003	600.049
24524	5644	3	0	573.402	142.003	600.433
24527	5644	1	0	573.402	142.003	601.383
24528	5644	3	0	657.402	138.003	601.717
24541	5644	1	0	657.402	138.003	627.451
24542	5644	3	1	334.402	211.003	628.384
24545	5644	1	1	334.402	211.003	630.636
24546	5644	3	1	341.402	183.003	631.17
24386	5645	1	0	830.99	411.769	25.3304
24387	5645	3	0	835.99	289.769	25.6972
24390	5645	1	0	835.99	289.769	27.2146
24391	5645	3	0	802.99	328.769	27.615
24487	5645	1	0	802.99	328.769	532.321
24488	5645	3	1	338.99	262.769	532.922
24517	5645	1	1	338.99	262.769	580.703
24518	5645	3	1	311.99	251.769	581.753
24521	5645	1	1	311.99	251.769	599.182
24522	5645	3	0	581.99	252.769	599.599
24529	5645	1	0	581.99	252.769	602.117
24530	5645	3	0	518.99	384.769	603.118
24539	5645	1	0	518.99	384.769	625.616
24540	5645	3	1	191.99	421.769	626.283
24373	5646	1	0	766.746	205.538	13.757
24374	5646	3	0	604.746	258.538	14.3409
24377	5646	1	0	604.746	258.538	15.8083
24378	5646	2	0	461.746	431.538	16.3419
24379	5646	3	0	502.554	395.678	16.4086
24382	5646	1	0	502.554	395.678	18.043
24383	5646	3	0	560.554	232.678	19.7441
24400	5646	1	0	560.554	232.678	45.7084
24401	5646	3	0	559.554	222.678	46.0752
24412	5646	1	0	559.554	222.678	110.261
24413	5646	3	0	565.554	232.678	111.879
24441	5646	1	0	565.554	232.678	437.276
24442	5646	3	1	128.554	390.678	437.96
24459	5646	1	1	128.554	390.678	499.367
24460	5646	3	0	642.554	235.678	500
24467	5646	1	0	642.554	235.678	503.82
24468	5646	3	0	594.554	190.678	504.353
24492	5646	1	0	594.554	190.678	536.574
24493	5646	3	0	661.554	187.678	537.908
24502	5646	1	0	661.554	187.678	566.01
24503	5646	2	1	294.554	69.6785	566.46
24504	5646	3	0	502.37	160.2	566.71
24509	5646	1	0	502.37	160.2	574.415
24510	5646	3	1	365.37	105.2	574.782
24511	5646	1	1	365.37	105.2	575.833
24512	5646	3	0	509.37	162.2	576.116
24531	5646	1	0	509.37	162.2	609.539
24532	5646	3	1	88.3696	266.2	612.174
24357	5647	1	0	727.721	168.677	3.00159
24358	5647	3	0	535.721	318.677	3.40192
24371	5647	1	0	535.721	318.677	12.8732
24372	5647	3	0	841.721	219.677	13.4235
24427	5647	1	0	841.721	219.677	173.361
24428	5647	3	1	212.721	369.677	174.077
24437	5647	1	1	212.721	369.677	434.441
24438	5647	3	0	613.721	321.677	434.826
24445	5647	1	0	613.721	321.677	439.311
24446	5647	3	0	549.721	199.677	440.345
24449	5647	1	0	549.721	199.677	450.401
24450	5647	3	1	251.721	383.677	453.32
24496	5647	1	1	251.721	383.677	562.507
24497	5647	3	1	209.721	337.677	563.491
24519	5647	1	1	209.721	337.677	598.315
24520	5647	3	0	607.721	271.677	598.732
24375	5648	1	0	513.516	227.823	14.9412
24376	5648	3	0	745.516	216.823	15.394
24507	5648	1	0	745.516	216.823	571.864
24508	5648	3	0	798.516	189.823	573.948
24535	5648	1	0	798.516	189.823	617.477
24536	5648	3	1	256.516	300.823	618.428
26004	5815	1	0	692.74	231.317	14.0912
26005	5815	3	0	503.74	333.317	14.5411
26010	5815	1	0	503.74	333.317	16.759
26011	5815	3	0	820.74	210.317	17.4094
26052	5815	1	0	820.74	210.317	422.366
26053	5815	3	1	172.74	162.317	422.9
26062	5815	1	1	172.74	162.317	556.787
26063	5815	3	0	570.74	200.317	557.205
26030	5816	1	0	772.131	403.56	26.0132
26031	5816	3	0	862.131	479.56	26.4301
25996	5817	1	0	850.208	71.0779	10.6725
25997	5817	2	0	492.207	299.078	11.1895
25998	5817	3	0	501.81	296.121	11.2062
26020	5817	1	0	501.81	296.121	22.028
26021	5817	3	0	546.81	221.121	22.428
26056	5817	1	0	546.81	221.121	425.101
26057	5817	3	0	529.81	205.121	425.818
25991	5818	1	0	576.84	215.229	8.57098
25992	5818	2	0	821.84	132.229	9.10486
25993	5818	3	0	805.051	139.418	9.13812
25999	5818	1	0	805.051	139.418	11.5566
26000	5818	2	0	807.051	46.4184	12.3569
26001	5818	3	0	799.173	54.3974	12.3736
26014	5818	1	0	799.173	54.3974	18.7931
26015	5818	3	0	797.173	16.3973	19.3785
26048	5818	1	0	797.173	16.3973	420.214
26049	5818	3	1	225.173	310.397	420.731
26066	5818	1	1	225.173	310.397	558.189
26067	5818	2	0	477.173	265.397	558.522
26068	5818	3	0	493.973	259.61	558.555
25983	5819	1	0	631.28	235.115	5.81976
25984	5819	3	0	752.28	339.116	6.20319
26008	5819	1	0	752.28	339.116	15.6752
26009	5819	3	0	544.28	60.1155	16.3421
26018	5819	1	0	544.28	60.1155	21.244
26019	5819	3	0	580.28	53.1155	21.5609
26044	5819	1	0	580.28	53.1155	300.13
26045	5819	3	0	560.28	56.1155	300.447
26050	5819	1	0	560.28	56.1155	421.248
26051	5819	3	1	308.28	179.115	421.649
26064	5819	1	1	308.28	179.115	557.555
26065	5819	3	0	615.28	150.115	557.805
25989	5820	1	0	797.133	152.191	7.75403
25990	5820	3	0	725.133	59.1914	8.17084
25994	5820	1	0	725.133	59.1914	9.45508
25995	5820	3	0	627.133	74.1914	9.95551
26002	5820	1	0	627.133	74.1914	12.7903
26003	5820	3	0	657.133	55.1914	13.6909
26016	5820	1	0	657.133	55.1914	19.7103
26017	5820	3	0	678.133	40.1914	20.9272
26046	5820	1	0	678.133	40.1914	300.814
26047	5820	3	1	76.1328	342.191	301.931
26069	5820	1	1	76.1328	342.191	559.089
26070	5820	3	0	555.133	337.191	559.373
25981	5821	1	0	669.686	134.677	4.98584
25982	5821	3	0	789.686	399.677	5.33606
26028	5821	1	0	789.686	399.677	24.7956
26029	5821	3	0	661.686	294.677	25.5797
26034	5821	1	0	661.686	294.677	27.7309
26035	5821	3	0	720.686	378.677	28.0143
25987	5822	1	0	700.309	271.615	7.18713
25988	5822	3	0	636.309	396.615	7.42059
26006	5822	1	0	636.309	396.615	14.858
26007	5822	3	0	730.309	205.615	15.3749
26012	5822	1	0	730.309	205.615	17.6762
26013	5822	3	0	721.309	212.615	18.4096
26054	5822	1	0	721.309	212.615	423.767
26055	5822	3	1	68.3093	227.615	424.367
26071	5822	1	1	68.3093	227.615	559.84
26072	5822	3	0	832.309	140.615	560.29
25985	5823	1	0	728.812	235.2	6.58667
25986	5823	3	0	596.812	364.2	6.88684
26022	5823	1	0	596.812	364.2	22.7617
26023	5823	3	0	532.812	362.2	23.2619
26038	5823	1	0	532.812	362.2	29.1819
26039	5823	3	0	517.812	389.2	29.6992
25976	5824	1	0	736.676	315.904	2.66803
25977	5824	3	0	646.676	407.904	3.11816
26024	5824	1	0	646.676	407.904	23.5453
26025	5824	3	0	532.676	407.904	23.7787
26036	5824	1	0	532.676	407.904	28.4981
26037	5824	3	0	589.676	438.904	28.8649
26040	5824	1	0	589.676	438.904	30.0158
26041	5824	3	0	604.676	367.904	30.416
26026	5825	1	0	730.459	424.523	24.1288
26027	5825	3	0	627.459	396.523	24.4289
26032	5825	1	0	627.459	396.523	26.8303
26033	5825	3	0	798.459	432.523	27.2136
26042	5825	1	0	798.459	432.523	298.879
26043	5825	3	0	753.459	441.523	299.379
26060	5825	1	0	753.459	441.523	429.287
26061	5825	3	0	787.459	262.523	429.837
25978	5826	1	0	717.889	21.8415	3.85193
25979	5826	2	0	480.889	470.841	4.35236
25980	5826	3	0	499.598	447.442	4.38562
26058	5826	1	0	499.598	447.442	427.119
26059	5826	3	1	357.598	287.442	427.636
26073	5826	1	1	357.598	287.442	560.757
26074	5826	3	1	43.5976	377.442	561.574
26075	5826	1	1	43.5976	377.442	588.141
26076	5826	3	1	107.598	371.442	588.575
