65540	10045	1	0	797.709	88.4496	147.944
65541	10045	3	1	268.709	169.45	148.644
65550	10045	1	1	268.709	169.45	157.749
65551	10045	3	0	753.709	90.4496	158.232
65451	10046	1	0	537.75	81.3817	56.6303
65452	10046	3	1	43.7505	101.382	57.881
65497	10046	1	1	43.7505	101.382	113.976
65498	10046	3	0	678.75	325.382	114.743
65530	10046	1	0	678.75	325.382	139.589
65531	10046	3	1	82.7505	353.382	140.173
65556	10046	1	1	82.7505	353.382	161.384
65557	10046	3	0	580.75	409.382	162.035
65573	10046	1	0	580.75	409.382	175.409
65574	10046	3	1	302.75	200.382	176.176
65604	10046	1	1	302.75	200.382	194.037
65605	10046	3	0	777.75	340.382	194.587
65473	10047	1	0	632.626	101.834	84.1771
65474	10047	3	1	119.626	205.834	84.9276
65566	10047	1	1	119.626	205.834	170.99
65567	10047	3	0	643.626	133.834	171.659
65606	10047	1	0	643.626	133.834	195.037
65607	10047	3	1	271.626	213.834	195.521
65426	10048	1	0	733.034	112.959	19.1269
65427	10048	3	0	641.034	214.959	19.6273
65453	10048	1	0	641.034	214.959	63.8013
65454	10048	3	0	542.034	246.959	65.2018
65455	10048	1	0	542.034	246.959	68.5533
65456	10048	3	0	523.034	257.959	70.9712
65459	10048	1	0	523.034	257.959	74.1227
65460	10048	2	1	259.034	139.959	74.6732
65461	10048	3	0	494.2	185.676	74.9565
65468	10048	1	0	494.2	185.676	78.7246
65469	10048	2	1	174.2	183.676	79.275
65470	10048	3	0	496.711	206.653	79.6251
65471	10048	1	0	496.711	206.653	82.076
65472	10048	3	0	507.711	185.653	82.4262
65489	10048	1	0	507.711	185.653	99.6677
65490	10048	3	1	245.712	318.653	100.118
65528	10048	1	1	245.712	318.653	138.488
65529	10048	3	0	818.711	339.653	139.156
65582	10048	1	0	818.711	339.653	180.061
65583	10048	3	1	278.711	343.653	180.795
65432	10049	1	0	636.819	9.05969	22.3119
65433	10049	3	0	499.819	389.06	23.2958
65554	10049	1	0	499.819	389.06	159.316
65555	10049	3	1	295.819	323.06	160.017
65580	10049	1	1	295.819	323.06	178.827
65581	10049	3	0	496.819	348.06	179.394
65612	10049	1	0	496.819	348.06	203.125
65613	10049	3	0	496.819	348.06	203.242
65434	10050	1	0	628.226	336.211	23.7131
65435	10050	3	0	675.226	367.211	23.9962
65449	10050	1	0	675.226	367.211	45.6579
65450	10050	3	1	75.2258	352.211	47.3757
65487	10050	1	1	75.2258	352.211	98.5671
65488	10050	3	0	701.226	151.211	99.2506
65495	10050	1	0	701.226	151.211	105.104
65496	10050	3	0	524.226	135.211	107.322
65507	10050	1	0	524.226	135.211	119.312
65508	10050	3	1	320.226	226.211	120.196
65514	10050	1	1	320.226	226.211	130.251
65515	10050	3	1	320.226	226.211	130.368
65516	10050	1	1	320.226	226.211	130.418
65517	10050	1	0	689.226	205.211	131.068
65518	10050	3	0	689.226	205.211	131.068
65558	10050	1	0	689.226	205.211	162.635
65559	10050	3	1	135.226	342.211	163.185
65422	10051	1	0	762.24	203.94	17.7095
65423	10051	3	0	784.24	357.94	18.0764
65482	10051	1	0	784.24	357.94	95.1154
65483	10051	2	1	308.24	353.94	95.7659
65484	10051	3	0	497.666	279.505	96.016
65485	10051	1	0	497.666	279.505	96.5664
65486	10051	3	0	773.666	310.505	97.2664
65499	10051	1	0	773.666	310.505	115.076
65500	10051	2	1	137.666	77.5048	116.51
65501	10051	3	0	499.71	173.212	116.894
65502	10051	1	0	499.71	173.212	117.561
65503	10051	2	0	487.71	277.212	117.895
65504	10051	3	0	496.235	274.168	117.911
65519	10051	1	0	496.235	274.168	132.302
65520	10051	3	1	314.235	202.168	132.753
65538	10051	1	1	314.235	202.168	147.127
65539	10051	3	0	621.235	285.168	147.544
65548	10051	1	0	621.235	285.168	156.648
65549	10051	3	0	533.235	227.168	157.399
65552	10051	1	0	533.235	227.168	158.716
65553	10051	3	0	635.235	303.168	159.016
65568	10051	1	0	635.235	303.168	172.14
65569	10051	2	1	275.235	215.168	172.657
65570	10051	3	0	499.35	215.441	172.941
65571	10051	1	0	499.35	215.441	173.408
65572	10051	3	0	644.351	267.441	174.909
65424	10052	1	0	670.609	306.397	18.5433
65425	10052	3	0	750.609	306.397	18.7601
65436	10052	1	0	750.609	306.397	25.1636
65437	10052	3	0	760.609	286.397	25.4639
65438	10052	1	0	760.609	286.397	34.3356
65439	10052	2	1	421.609	288.397	34.8359
65440	10052	3	1	401.711	284.111	34.8694
65441	10052	1	1	401.711	284.111	35.453
65442	10052	3	1	291.711	289.111	35.7863
65475	10052	1	1	291.711	289.111	88.8962
65476	10052	3	0	618.711	93.111	89.3798
65493	10052	1	0	618.711	93.111	103.437
65494	10052	3	0	641.711	108.111	104.804
65521	10052	1	0	641.711	108.111	133.903
65522	10052	3	0	611.711	92.111	134.97
65532	10052	1	0	611.711	92.111	140.973
65533	10052	3	0	585.711	64.111	142.208
65546	10052	1	0	585.711	64.111	154.614
65547	10052	3	0	543.711	72.111	156.181
65564	10052	1	0	543.711	72.111	166.87
65565	10052	3	0	544.711	105.111	168.704
65592	10052	1	0	544.711	105.111	186.416
65593	10052	3	0	552.711	84.111	187.683
65596	10052	1	0	552.711	84.111	189.917
65597	10052	3	1	376.711	120.111	190.768
65598	10052	1	1	376.711	120.111	191.318
65599	10052	3	0	580.711	87.111	191.685
65428	10053	1	0	849.461	90.2476	20.1607
65429	10053	3	0	849.461	220.248	20.7946
65447	10053	1	0	849.461	220.248	41.6226
65448	10053	3	1	175.461	228.248	42.8232
65466	10053	1	1	175.461	228.248	77.6573
65467	10053	3	0	634.461	253.248	78.2742
65477	10053	1	0	634.461	253.248	89.7134
65478	10053	2	1	305.461	270.248	90.3138
65479	10053	3	0	497.176	252.198	90.547
65480	10053	1	0	497.176	252.198	91.0303
65481	10053	3	0	681.176	279.198	93.4648
65491	10053	1	0	681.176	279.198	101.702
65492	10053	3	0	621.176	231.198	102.886
65509	10053	1	0	621.176	231.198	125.932
65510	10053	2	1	297.176	110.198	126.483
65511	10053	3	0	502.514	177.225	126.733
65512	10053	1	0	502.514	177.225	127.383
65513	10053	3	0	540.515	144.225	129.818
65526	10053	1	0	540.515	144.225	136.654
65527	10053	3	0	549.515	232.225	137.955
65536	10053	1	0	549.515	232.225	144.542
65537	10053	3	0	494.514	253.225	146.643
65542	10053	1	0	494.514	253.225	150.662
65543	10053	3	0	501.514	233.225	151.596
65560	10053	1	0	501.514	233.225	163.836
65561	10053	3	0	512.515	261.225	164.919
65575	10053	1	0	512.515	261.225	177.126
65576	10053	2	0	463.514	280.225	178.127
65577	10053	3	0	494.349	273.775	178.177
65578	10053	1	0	494.349	273.775	178.21
65579	10053	3	0	494.349	273.775	178.31
65584	10053	1	0	494.349	273.775	181.596
65585	10053	3	1	245.349	233.775	182.346
65588	10053	1	1	245.349	233.775	184.348
65589	10053	3	0	549.349	30.7747	184.932
65590	10053	1	0	549.349	30.7747	185.398
65591	10053	3	1	351.349	102.775	185.682
65594	10053	1	1	351.349	102.775	188.216
65595	10053	3	0	551.349	146.775	189.547
65608	10053	1	0	551.349	146.775	196.171
65609	10053	3	0	567.349	132.775	197.388
65430	10054	1	0	606.908	137.863	21.3782
65431	10054	3	0	565.908	211.863	21.945
65443	10054	1	0	565.908	211.863	38.1209
65444	10054	3	1	288.908	227.863	38.6712
65445	10054	1	1	288.908	227.863	39.0715
65446	10054	3	1	272.908	144.863	39.4882
65457	10054	1	1	272.908	144.863	73.1058
65458	10054	3	0	511.908	139.863	73.7392
65462	10054	1	0	511.908	139.863	75.5732
65463	10054	3	0	520.908	88.8633	75.9733
65464	10054	1	0	520.908	88.8633	76.8571
65465	10054	3	1	328.908	108.863	77.2739
65505	10054	1	1	328.908	108.863	118.612
65506	10054	3	0	547.908	53.8633	119.078
65523	10054	1	0	547.908	53.8633	135.304
65524	10054	2	1	437.908	84.8633	136.088
65525	10054	3	0	503.196	125.916	136.188
65534	10054	1	0	503.196	125.916	142.641
65535	10054	3	0	544.196	140.916	144.208
65544	10054	1	0	544.196	140.916	152.213
65545	10054	3	0	525.196	165.916	154.014
65562	10054	1	0	525.196	165.916	165.386
65563	10054	3	0	551.196	192.916	166.47
65586	10054	1	0	551.196	192.916	182.864
65587	10054	3	0	509.196	205.916	183.764
65600	10054	1	0	509.196	205.916	192.185
65601	10054	3	1	333.196	103.916	192.819
65602	10054	1	1	333.196	103.916	193.119
65603	10054	3	0	503.196	216.916	193.52
65610	10054	1	0	503.196	216.916	198.305
65611	10054	3	1	288.196	154.916	198.989
68513	10215	1	0	752.363	127.725	25.5837
68514	10215	3	0	602.363	100.725	26.7675
68525	10215	1	0	602.363	100.725	37.2236
68526	10215	2	1	335.363	247.725	38.358
68527	10215	3	0	499.734	237.905	38.5746
68530	10215	1	0	499.734	237.905	39.8087
68531	10215	3	1	322.734	228.905	40.2256
68559	10215	1	1	322.734	228.905	71.994
68560	10215	3	0	734.734	100.905	72.4277
68584	10215	1	0	734.734	100.905	94.1234
68585	10215	3	0	711.734	94.9049	95.524
68588	10215	1	0	711.734	94.9049	97.0084
68589	10215	3	1	199.734	184.905	98.3754
68602	10215	1	1	199.734	184.905	110.032
68603	10215	3	0	650.734	95.9049	110.799
68683	10215	1	0	650.734	95.9049	153.891
68684	10215	3	1	202.734	354.905	154.458
68775	10215	1	1	202.734	354.905	228.901
68776	10215	3	0	641.734	384.905	229.318
68782	10215	1	0	641.734	384.905	235.071
68783	10215	3	1	112.734	367.905	236.088
68822	10215	1	1	112.734	367.905	272.342
68823	10215	3	0	687.734	279.905	272.775
68851	10215	1	0	687.734	279.905	290.335
68852	10215	3	0	802.734	96.9049	291.569
68865	10215	1	0	802.734	96.9049	308.128
68866	10215	3	0	808.734	91.9049	308.212
68867	10215	1	0	808.734	91.9049	308.278
68868	10215	3	1	328.734	370.905	308.879
68576	10216	1	0	760.16	349.205	89.2204
68577	10216	3	0	672.16	232.205	90.3376
68580	10216	1	0	672.16	232.205	91.822
68581	10216	3	1	115.16	366.205	92.3891
68678	10216	1	1	115.16	366.205	151.656
68679	10216	3	0	834.16	375.205	152.207
68777	10216	1	0	834.16	375.205	229.918
68778	10216	2	1	128.16	322.205	230.535
68779	10216	3	0	502.159	253.682	230.919
68780	10216	1	0	502.159	253.682	231.536
68781	10216	3	0	527.159	349.681	233.354
68786	10216	1	0	527.159	349.681	239.507
68787	10216	3	1	304.159	230.682	240.291
68788	10216	1	1	304.159	230.682	240.941
68789	10216	3	1	307.159	210.682	241.225
68814	10216	1	1	307.159	210.682	263.02
68815	10216	3	0	535.159	125.682	263.37
68818	10216	1	0	535.159	125.682	264.804
68819	10216	3	0	697.159	71.6815	265.671
68839	10216	1	0	697.159	71.6815	281.814
68840	10216	3	0	695.159	124.682	283.415
68843	10216	1	0	695.159	124.682	284.865
68844	10216	3	0	711.159	92.6815	285.149
68847	10216	1	0	711.159	92.6815	287.517
68848	10216	3	1	335.159	371.681	288.083
68863	10216	1	1	335.159	371.681	307.128
68864	10216	3	0	674.159	252.682	307.646
68880	10216	1	0	674.159	252.682	319.051
68881	10216	3	0	573.159	247.682	320.202
68884	10216	1	0	573.159	247.682	322.77
68885	10216	2	1	265.159	69.6815	323.688
68886	10216	3	0	499.612	159.125	323.971
68895	10216	1	0	499.612	159.125	335.594
68896	10216	3	0	514.612	202.125	335.944
68906	10216	1	0	514.612	202.125	344.75
68907	10216	3	0	537.612	243.125	345.767
68938	10216	1	0	537.612	243.125	376.701
68939	10216	3	0	697.612	272.125	377.701
68948	10216	1	0	697.612	272.125	385.956
68949	10216	3	0	721.612	319.125	386.974
68509	10217	1	0	682.823	306.649	20.9637
68510	10217	3	0	696.823	222.649	21.4639
68561	10217	1	0	696.823	222.649	72.7111
68562	10217	2	1	320.823	210.649	73.5451
68563	10217	3	0	494.037	212.469	73.7784
68566	10217	1	0	494.037	212.469	75.4629
68567	10217	3	1	304.037	335.469	76.0798
68610	10217	1	1	304.037	335.469	117.57
68611	10217	3	0	760.037	227.469	117.92
68680	10217	1	0	760.037	227.469	152.591
68681	10217	2	1	360.037	363.469	153.058
68682	10217	3	1	343.224	348.902	153.091
68685	10217	1	1	343.224	348.902	154.975
68686	10217	3	1	300.224	320.902	155.192
68697	10217	1	1	300.224	320.902	169.385
68698	10217	3	0	564.224	205.902	169.651
68756	10217	1	0	564.224	205.902	203.304
68757	10217	3	1	319.224	190.902	204.188
68784	10217	1	1	319.224	190.902	238.723
68785	10217	3	0	679.224	344.902	239.223
68811	10217	1	0	679.224	344.902	261.803
68812	10217	2	1	104.224	218.902	262.32
68813	10217	3	0	496.996	215.572	262.72
68816	10217	1	0	496.996	215.572	263.703
68817	10217	3	1	228.997	216.572	264.137
68897	10217	1	1	228.997	216.572	339.313
68898	10217	3	0	704.997	129.572	339.78
68908	10217	1	0	704.997	129.572	346.134
68909	10217	3	1	245.997	229.572	347.784
68497	10218	1	0	562.827	172.023	15.5996
68498	10218	3	1	273.827	239.023	15.9266
68499	10218	1	1	273.827	239.023	16.8772
68500	10218	3	0	529.827	169.023	17.1608
68511	10218	1	0	529.827	169.023	23.5989
68512	10218	3	1	78.8268	296.023	24.066
68578	10218	1	1	78.8268	296.023	90.7545
68579	10218	3	0	743.827	333.023	91.455
68612	10218	1	0	743.827	333.023	118.153
68613	10218	2	1	284.827	347.023	119.054
68614	10218	3	0	497.414	264.68	119.337
68617	10218	1	0	497.414	264.68	120.972
68618	10218	3	1	177.414	388.68	121.455
68619	10218	1	1	177.414	388.68	121.956
68620	10218	3	1	297.414	290.68	122.289
68676	10218	1	1	297.414	290.68	149.972
68677	10218	3	0	612.414	327.68	150.773
68699	10218	1	0	612.414	327.68	170.018
68700	10218	2	1	303.414	342.68	170.919
68701	10218	3	0	497.562	265.879	171.186
68704	10218	1	0	497.562	265.879	172.653
68705	10218	3	1	307.562	330.879	173.17
68845	10218	1	1	307.562	330.879	286.199
68846	10218	3	0	721.562	366.879	286.716
68899	10218	1	0	721.562	366.879	340.147
68900	10218	2	1	217.562	234.879	341.131
68901	10218	3	0	495.174	216.048	341.464
68902	10218	1	0	495.174	216.048	341.848
68903	10218	3	0	585.174	347.047	342.232
68904	10218	1	0	585.174	347.047	343.649
68905	10218	3	0	640.174	307.047	344.283
68916	10218	1	0	640.174	307.047	362.376
68917	10218	2	1	74.1741	361.047	362.909
68918	10218	3	0	498.474	246.48	363.343
68921	10218	1	0	498.474	246.48	364.577
68922	10218	2	1	85.4739	346.48	365.178
68923	10218	3	0	501.336	242.673	365.611
68926	10218	1	0	501.336	242.673	366.695
68927	10218	3	1	31.3364	324.672	367.178
68507	10219	1	0	677.811	339.267	19.9129
68508	10219	3	1	359.811	132.268	20.4465
68539	10219	1	1	359.811	132.268	56.736
68540	10219	3	0	675.811	127.268	57.2361
68549	10219	1	0	675.811	127.268	64.4232
68550	10219	2	1	177.811	90.2675	64.9734
68551	10219	3	0	500.395	183.73	65.307
68554	10219	1	0	500.395	183.73	67.4414
68555	10219	2	1	265.395	132.73	67.875
68556	10219	3	0	497.843	190.508	68.1417
68557	10219	1	0	497.843	190.508	69.192
68558	10219	3	0	497.843	300.508	69.409
68568	10219	1	0	497.843	300.508	77.0137
68569	10219	3	1	349.843	234.508	78.131
68596	10219	1	1	349.843	234.508	106.963
68597	10219	3	0	602.843	185.508	107.347
68606	10219	1	0	602.843	185.508	113.084
68607	10219	3	0	554.843	179.508	114.118
68626	10219	1	0	554.843	179.508	125.358
68627	10219	2	1	338.843	178.508	125.825
68628	10219	3	0	495.874	204.89	126.025
68634	10219	1	0	495.874	204.89	128.493
68635	10219	3	0	575.874	238.89	128.709
68638	10219	1	0	575.874	238.89	130.91
68639	10219	3	0	575.874	238.89	130.977
68640	10219	1	0	575.874	238.89	131.094
68641	10219	3	0	613.874	183.89	132.128
68644	10219	1	0	613.874	183.89	133.579
68645	10219	2	1	353.874	101.89	134.145
68646	10219	3	0	494.773	159.706	134.329
68647	10219	1	0	494.773	159.706	135.18
68648	10219	3	0	627.773	250.706	135.446
68687	10219	1	0	627.773	250.706	157.743
68688	10219	3	1	370.773	184.706	158.244
68702	10219	1	1	370.773	184.706	172.053
68703	10219	3	0	518.773	150.706	172.387
68706	10219	1	0	518.773	150.706	176.889
68707	10219	3	0	528.773	113.706	177.122
68712	10219	1	0	528.773	113.706	180.908
68713	10219	2	1	346.773	235.706	181.425
68714	10219	3	0	500.244	235.796	181.625
68717	10219	1	0	500.244	235.796	183.226
68718	10219	3	1	337.244	181.796	183.593
68752	10219	1	1	337.244	181.796	201.436
68753	10219	3	0	774.244	266.796	201.67
68796	10219	1	0	774.244	266.796	250.497
68797	10219	2	1	164.244	130.796	251.297
68798	10219	3	0	496.069	198.357	251.63
68801	10219	1	0	496.069	198.357	252.565
68802	10219	2	1	116.069	199.357	252.931
68803	10219	3	0	498	224.087	253.298
68804	10219	1	0	498	224.087	254.049
68805	10219	3	0	554	275.087	255.116
68809	10219	1	0	554	275.087	261.086
68810	10219	3	0	552	337.087	261.386
68833	10219	1	0	552	337.087	278.895
68834	10219	3	0	575	344.087	279.146
68835	10219	1	0	575	344.087	279.629
68836	10219	3	0	575	344.087	279.712
68855	10219	1	0	575	344.087	294.087
68856	10219	3	1	256	109.087	294.821
68878	10219	1	1	256	109.087	318.251
68879	10219	3	0	611	108.087	318.584
68889	10219	1	0	611	108.087	329.508
68890	10219	3	1	132	217.087	331.075
68919	10219	1	1	132	217.087	363.593
68920	10219	3	0	735	158.087	364.194
68930	10219	1	0	735	158.087	371.314
68931	10219	3	0	866	189.087	372.132
68946	10219	1	0	866	189.087	383.005
68947	10219	3	0	848	350.087	384.522
68515	10220	1	0	540.108	344.418	30.5527
68516	10220	3	1	194.108	258.418	31.103
68528	10220	1	1	194.108	258.418	39.1249
68529	10220	3	0	507.108	116.418	39.5082
68532	10220	1	0	507.108	116.418	40.9261
68533	10220	3	0	546.108	120.418	41.2763
68541	10220	1	0	546.108	120.418	57.9534
68542	10220	3	1	305.108	128.418	58.4203
68574	10220	1	1	305.108	128.418	86.1021
68575	10220	3	0	541.108	132.418	86.6024
68590	10220	1	0	541.108	132.418	99.7763
68591	10220	3	1	163.108	103.418	100.793
68621	10220	1	1	163.108	103.418	123.173
68622	10220	3	1	163.108	103.418	123.49
68636	10220	1	1	163.108	103.418	130.06
68637	10220	3	0	546.108	79.4179	130.577
68653	10220	1	0	546.108	79.4179	137.631
68654	10220	3	1	357.108	99.4179	137.998
68657	10220	1	1	357.108	99.4179	140.016
68658	10220	3	0	556.108	79.4179	140.783
68663	10220	1	0	556.108	79.4179	143.151
68664	10220	3	0	497.108	127.418	144.035
68667	10220	1	0	497.108	127.418	144.869
68668	10220	3	1	325.108	152.418	145.336
68672	10220	1	1	325.108	152.418	146.987
68673	10220	3	0	556.108	82.4179	147.254
68693	10220	1	0	556.108	82.4179	161.379
68694	10220	3	1	319.108	157.418	162.63
68708	10220	1	1	319.108	157.418	179.173
68709	10220	3	0	502.108	39.4179	179.507
68724	10220	1	0	502.108	39.4179	188.379
68725	10220	2	1	285.108	134.418	188.763
68726	10220	3	0	500.539	192.046	189.013
68736	10220	1	0	500.539	192.046	193.281
68737	10220	3	1	313.539	134.046	193.581
68750	10220	1	1	313.539	134.046	200.602
68751	10220	3	0	681.539	133.046	200.902
68760	10220	1	0	681.539	133.046	212.759
68761	10220	3	0	731.539	154.046	213.993
68792	10220	1	0	731.539	154.046	244.26
68793	10220	3	1	156.539	205.046	246.978
68799	10220	1	1	156.539	205.046	251.781
68800	10220	3	0	648.539	220.046	252.197
68853	10220	1	0	648.539	220.046	292.803
68854	10220	3	0	605.539	244.046	293.503
68857	10220	1	0	605.539	244.046	295.672
68858	10220	3	1	98.5391	78.0458	298.923
68861	10220	1	1	98.5391	78.0458	301.425
68862	10220	3	0	643.539	59.0458	302.258
68869	10220	1	0	643.539	59.0458	310.497
68870	10220	3	1	364.539	172.046	311.18
68924	10220	1	1	364.539	172.046	365.961
68925	10220	3	0	551.539	80.0458	366.345
68928	10220	1	0	551.539	80.0458	369.263
68929	10220	3	0	533.539	75.0458	370.564
68950	10220	1	0	533.539	75.0458	387.507
68951	10220	2	1	338.539	93.0458	387.908
68952	10220	3	0	498.457	161.422	388.108
68503	10221	1	0	550.811	344.698	18.3784
68504	10221	3	1	353.811	246.697	18.7454
68523	10221	1	1	353.811	246.697	36.3895
68524	10221	3	0	589.811	375.698	36.7566
68536	10221	1	0	589.811	375.698	52.5999
68537	10221	2	1	184.811	182.697	53.8506
68538	10221	3	0	499.009	220.792	54.1674
68543	10221	1	0	499.009	220.792	59.1874
68544	10221	3	1	342.009	80.7918	59.6709
68642	10221	1	1	342.009	80.7918	132.861
68643	10221	3	0	610.009	140.792	133.278
68655	10221	1	0	610.009	140.792	138.465
68656	10221	3	0	568.009	141.792	139.366
68659	10221	1	0	568.009	141.792	141.033
68660	10221	3	1	372.009	57.7919	142.018
68674	10221	1	1	372.009	57.7919	147.621
68675	10221	3	0	579.009	21.7919	148.021
68695	10221	1	0	579.009	21.7919	163.331
68696	10221	3	1	376.009	29.7919	164.098
68710	10221	1	1	376.009	29.7919	180.074
68711	10221	3	0	561.009	55.7919	180.624
68727	10221	1	0	561.009	55.7919	189.53
68728	10221	2	1	356.009	89.7918	190.113
68729	10221	3	0	499.314	156.184	190.297
68730	10221	1	0	499.314	156.184	190.814
68731	10221	3	0	582.314	40.1841	191.047
68740	10221	1	0	582.314	40.1841	194.866
68741	10221	3	1	244.314	113.184	195.233
68754	10221	1	1	244.314	113.184	202.12
68755	10221	3	0	790.314	74.1841	202.454
68764	10221	1	0	790.314	74.1841	216.828
68765	10221	2	1	295.314	86.1841	217.595
68766	10221	3	0	496.76	166.948	217.829
68771	10221	1	0	496.76	166.948	221.915
68772	10221	3	0	550.76	202.948	222.281
68773	10221	1	0	550.76	202.948	225.433
68774	10221	3	0	584.76	238.948	225.683
68790	10221	1	0	584.76	238.948	241.958
68791	10221	3	0	534.76	262.948	243.726
68794	10221	1	0	534.76	262.948	247.695
68795	10221	3	0	550.76	206.948	249.796
68820	10221	1	0	550.76	206.948	267.672
68821	10221	3	0	563.76	158.948	267.989
68874	10221	1	0	563.76	158.948	313.048
68875	10221	3	1	144.76	55.9484	314.282
68940	10221	1	1	144.76	55.9484	378.736
68941	10221	3	0	652.76	94.9484	379.336
68953	10221	1	0	652.76	94.9484	389.675
68954	10221	3	1	311.76	61.9484	390.292
68501	10222	1	0	700.279	392.446	17.5945
68502	10222	3	1	278.279	348.446	17.9783
68564	10222	1	1	278.279	348.446	74.729
68565	10222	3	0	631.279	360.446	75.0625
68582	10222	1	0	631.279	360.446	93.1728
68583	10222	3	1	115.279	193.446	93.623
68586	10222	1	1	115.279	193.446	96.0243
68587	10222	3	0	620.279	269.446	96.4412
68598	10222	1	0	620.279	269.446	107.597
68599	10222	3	0	620.279	269.446	107.73
68600	10222	1	0	620.279	269.446	107.981
68601	10222	3	0	608.279	292.446	109.282
68604	10222	1	0	608.279	292.446	111.233
68605	10222	3	1	28.2794	172.446	111.783
68734	10222	1	1	28.2794	172.446	192.364
68735	10222	3	0	763.279	168.446	192.898
68744	10222	1	0	763.279	168.446	197.951
68745	10222	3	0	496.279	112.446	198.535
68806	10222	1	0	496.279	112.446	256.133
68807	10222	2	1	180.279	193.446	256.517
68808	10222	3	0	501.974	213.211	256.867
68824	10222	1	0	501.974	213.211	273.276
68825	10222	2	1	188.974	345.211	273.876
68826	10222	3	0	496.356	267.048	274.209
68830	10222	1	0	496.356	267.048	276.544
68831	10222	2	1	93.356	352.048	277.044
68832	10222	3	0	500.338	260.938	277.445
68837	10222	1	0	500.338	260.938	280.863
68838	10222	3	0	521.338	240.938	281.097
68841	10222	1	0	521.338	240.938	284.182
68842	10222	3	0	796.338	150.938	284.599
68849	10222	1	0	796.338	150.938	288.651
68850	10222	3	1	213.338	378.938	289.318
68910	10222	1	1	213.338	378.938	359.729
68911	10222	3	0	587.338	120.938	360.142
68936	10222	1	0	587.338	120.938	375.584
68937	10222	3	0	596.338	180.938	376.401
68942	10222	1	0	596.338	180.938	379.686
68943	10222	3	0	590.338	221.938	380.62
68505	10223	1	0	655.394	356.25	19.1458
68506	10223	3	0	593.394	433.25	19.4627
68519	10223	1	0	593.394	433.25	33.1211
68520	10223	3	0	633.394	308.25	34.7216
68547	10223	1	0	633.394	308.25	62.6893
68548	10223	3	0	508.394	173.25	63.9396
68570	10223	1	0	508.394	173.25	78.7147
68571	10223	3	0	528.394	231.25	79.9988
68592	10223	1	0	528.394	231.25	103.028
68593	10223	3	0	508.394	165.25	104.379
68608	10223	1	0	508.394	165.25	114.601
68609	10223	3	0	595.394	305.25	115.935
68629	10223	1	0	595.394	305.25	126.475
68630	10223	2	1	271.394	203.25	127.192
68631	10223	3	0	495.68	225.432	127.442
68632	10223	1	0	495.68	225.432	127.976
68633	10223	3	0	510.68	264.432	128.176
68649	10223	1	0	510.68	264.432	136.397
68650	10223	3	1	401.68	212.432	136.63
68661	10223	1	1	401.68	212.432	142.551
68662	10223	3	0	512.68	188.432	142.784
68669	10223	1	0	512.68	188.432	145.82
68670	10223	2	1	416.68	161.432	146.37
68671	10223	3	0	499.012	186.554	146.487
68689	10223	1	0	499.012	186.554	158.961
68690	10223	3	1	354.012	84.554	159.294
68715	10223	1	1	354.012	84.554	182.459
68716	10223	3	0	558.012	157.554	182.909
68719	10223	1	0	558.012	157.554	186.011
68720	10223	2	1	409.012	111.554	186.411
68721	10223	3	0	503.349	156.349	186.545
68732	10223	1	0	503.349	156.349	191.531
68733	10223	3	0	521.349	55.3491	191.781
68738	10223	1	0	521.349	55.3491	193.998
68739	10223	3	1	351.349	69.3491	194.299
68748	10223	1	1	351.349	69.3491	199.785
68749	10223	3	0	611.349	53.3491	199.969
68758	10223	1	0	611.349	53.3491	211.975
68759	10223	3	0	609.349	134.349	212.225
68767	10223	1	0	609.349	134.349	218.829
68768	10223	3	1	313.349	113.349	220.014
68827	10223	1	1	313.349	113.349	275.694
68828	10223	2	0	482.349	111.349	276.044
68829	10223	3	0	502.514	124.34	276.077
68859	10223	1	0	502.514	124.34	299.707
68860	10223	3	0	550.514	284.34	300.641
68871	10223	1	0	550.514	284.34	311.914
68872	10223	2	0	486.514	225.34	312.581
68873	10223	3	0	496.64	226.301	312.598
68876	10223	1	0	496.64	226.301	315.049
68877	10223	3	0	523.64	274.301	317.3
68887	10223	1	0	523.64	274.301	324.671
68888	10223	3	0	555.64	306.301	326.122
68893	10223	1	0	555.64	306.301	333.46
68894	10223	3	1	271.64	121.301	334.093
68914	10223	1	1	271.64	121.301	361.609
68915	10223	3	0	857.64	37.3008	361.992
68934	10223	1	0	857.64	37.3008	374.183
68935	10223	3	0	776.64	58.3008	375.184
68955	10223	1	0	776.64	58.3008	391.276
68956	10223	3	0	558.64	48.3008	392.711
68517	10224	1	0	821.677	147.148	31.8202
68518	10224	3	1	229.677	154.148	32.4373
68521	10224	1	1	229.677	154.148	35.4055
68522	10224	3	1	227.677	165.148	35.9557
68534	10224	1	1	227.677	165.148	51.6829
68535	10224	3	0	541.677	293.148	52.0997
68545	10224	1	0	541.677	293.148	60.7714
68546	10224	3	1	161.677	200.148	61.405
68552	10224	1	1	161.677	200.148	66.7578
68553	10224	3	0	575.677	122.148	67.0579
68572	10224	1	0	575.677	122.148	80.6991
68573	10224	3	0	604.677	123.148	85.1683
68594	10224	1	0	604.677	123.148	104.846
68595	10224	3	1	350.677	159.148	106.43
68615	10224	1	1	350.677	159.148	120.405
68616	10224	3	0	562.677	114.148	120.688
68623	10224	1	0	562.677	114.148	124.19
68624	10224	2	1	333.677	173.148	124.591
68625	10224	3	0	497.192	205.967	124.791
68651	10224	1	0	497.192	205.967	136.914
68652	10224	3	1	362.192	118.967	137.214
68665	10224	1	1	362.192	118.967	144.368
68666	10224	3	0	495.192	84.9671	144.602
68691	10224	1	0	495.192	84.9671	159.912
68692	10224	3	1	254.192	106.967	160.679
68722	10224	1	1	254.192	106.967	187.195
68723	10224	3	0	665.192	105.967	187.962
68742	10224	1	0	665.192	105.967	195.766
68743	10224	3	1	89.1923	116.967	196.217
68746	10224	1	1	89.1923	116.967	199.219
68747	10224	3	0	585.192	43.967	199.468
68762	10224	1	0	585.192	43.967	215.661
68763	10224	3	1	377.192	81.9671	216.128
68769	10224	1	1	377.192	81.9671	220.531
68770	10224	3	1	377.192	75.9671	220.881
68882	10224	1	1	377.192	75.9671	321.853
68883	10224	3	0	548.192	57.9671	322.27
68891	10224	1	0	548.192	57.9671	332.009
68892	10224	3	1	371.192	62.9671	332.693
68912	10224	1	1	371.192	62.9671	360.708
68913	10224	3	0	623.192	23.967	360.959
68932	10224	1	0	623.192	23.967	372.632
68933	10224	3	0	687.192	112.967	373.583
68944	10224	1	0	687.192	112.967	381.32
68945	10224	3	0	793.192	151.967	382.371
72873	10477	1	0	813.25	217.653	35.927
72874	10477	3	0	800.25	261.653	37.6776
72886	10477	1	0	800.25	261.653	48.884
72887	10477	3	1	109.25	180.653	50.168
72913	10477	1	1	109.25	180.653	84.6023
72914	10477	3	0	837.25	279.653	85.4527
72920	10477	1	0	837.25	279.653	89.7548
72921	10477	3	0	788.25	280.653	90.2219
72935	10477	1	0	788.25	280.653	106.931
72936	10477	3	1	319.25	65.6531	108.065
72945	10477	1	1	319.25	65.6531	119.405
72946	10477	3	0	785.25	226.653	120.339
72988	10477	1	0	785.25	226.653	174.202
72989	10477	3	1	369.25	212.653	175.019
73003	10477	1	1	369.25	212.653	190.927
73004	10477	3	0	619.25	304.653	191.277
73025	10477	1	0	619.25	304.653	215.741
73026	10477	2	1	332.25	88.6531	218.025
73027	10477	3	0	498.202	156.786	218.242
73032	10477	1	0	498.202	156.786	219.993
73033	10477	2	1	297.202	107.786	220.61
73034	10477	3	0	499.092	172.674	220.86
73035	10477	1	0	499.092	172.674	221.711
73036	10477	3	0	514.092	272.674	224.045
72871	10478	1	0	748.122	148.238	33.8922
72872	10478	3	0	724.122	59.2384	35.4765
72915	10478	1	0	724.122	59.2384	86.1199
72916	10478	2	1	76.1225	171.238	86.8533
72917	10478	3	0	496.555	209.434	87.2535
72918	10478	1	0	496.555	209.434	87.7703
72919	10478	3	0	757.555	70.4338	88.5706
72937	10478	1	0	757.555	70.4338	108.982
72938	10478	3	0	781.555	76.4338	110.767
72959	10478	1	0	781.555	76.4338	145.936
72960	10478	3	0	705.555	55.4338	147.154
72967	10478	1	0	705.555	55.4338	153.757
72968	10478	3	1	347.555	182.434	154.641
72986	10478	1	1	347.555	182.434	173.184
72987	10478	3	0	505.555	262.434	173.601
73005	10478	1	0	505.555	262.434	191.628
73006	10478	2	1	353.555	191.434	192.278
73007	10478	3	0	498.983	206.949	192.478
73008	10478	1	0	498.983	206.949	192.962
73009	10478	3	0	516.983	280.949	193.329
73030	10478	1	0	516.983	280.949	219.276
73031	10478	3	1	228.983	182.949	219.526
72878	10479	1	0	857.266	27.4715	40.4792
72879	10479	3	0	681.266	19.4715	41.6965
72882	10479	1	0	681.266	19.4715	43.2972
72883	10479	3	0	652.266	20.4715	43.6306
72894	10479	1	0	652.266	20.4715	59.1393
72895	10479	3	0	530.266	37.4715	61.2236
72953	10479	1	0	530.266	37.4715	127.426
72954	10479	3	0	604.266	41.4715	128.593
72957	10479	1	0	604.266	41.4715	133.88
72958	10479	3	1	310.266	81.4715	134.947
72971	10479	1	1	310.266	81.4715	160.344
72972	10479	3	0	685.266	75.4715	160.961
72898	10480	1	0	710.178	290.793	63.6747
72899	10480	3	0	703.178	286.793	64.8253
72907	10480	1	0	703.178	286.793	71.7617
72908	10480	3	1	395.178	114.793	72.5953
72965	10480	1	1	395.178	114.793	152.44
72966	10480	3	0	600.178	68.7932	153.19
72982	10480	1	0	600.178	68.7932	167.581
72983	10480	3	1	389.178	32.7932	168.598
72984	10480	1	1	389.178	32.7932	170.683
72985	10480	3	1	371.178	81.7932	171.017
73013	10480	1	1	371.178	81.7932	200.716
73014	10480	3	0	587.178	116.793	200.983
73039	10480	1	0	587.178	116.793	226.414
73040	10480	2	1	339.178	128.793	227.164
73041	10480	3	0	498.303	180.227	227.364
73042	10480	1	0	498.303	180.227	227.997
73043	10480	3	0	596.303	185.227	228.331
73051	10480	1	0	596.303	185.227	232.951
73052	10480	2	1	343.303	119.227	233.284
73053	10480	3	0	500.511	175.053	233.484
73054	10480	1	0	500.511	175.053	233.951
73055	10480	2	1	313.511	130.053	234.301
73056	10480	3	0	494.512	183.904	234.518
73059	10480	1	0	494.512	183.904	236.102
73060	10480	3	0	590.512	170.904	236.385
73076	10480	1	0	590.512	170.904	244.772
73077	10480	3	0	622.512	168.904	245.023
72888	10481	1	0	736.837	195.442	52.4192
72889	10481	3	0	672.837	187.442	55.2373
72892	10481	1	0	672.837	187.442	57.6716
72893	10481	3	1	359.837	119.442	58.2054
72905	10481	1	1	359.837	119.442	70.6447
72906	10481	3	0	707.837	179.442	71.2949
72951	10481	1	0	707.837	179.442	125.658
72952	10481	3	0	568.837	277.442	126.892
72975	10481	1	0	568.837	277.442	162.629
72976	10481	2	1	304.837	64.4421	164.113
72977	10481	3	0	501.1	156.056	164.346
72978	10481	1	0	501.1	156.056	165.097
72979	10481	3	0	508.1	178.056	165.38
73061	10481	1	0	508.1	178.056	236.802
73062	10481	2	1	347.1	178.056	237.353
73063	10481	3	0	503.67	207.988	237.553
73066	10481	1	0	503.67	207.988	238.419
73067	10481	3	1	295.67	127.988	238.92
73068	10481	1	1	295.67	127.988	239.704
73069	10481	3	1	355.67	93.9883	239.987
73070	10481	1	1	355.67	93.9883	240.42
73071	10481	3	0	539.67	191.988	241.071
72900	10482	1	0	518.948	334.651	65.5259
72901	10482	2	1	356.948	9.6507	67.4933
72902	10482	3	0	500.202	110.958	67.6766
72903	10482	1	0	500.202	110.958	68.527
72904	10482	3	0	499.202	322.958	68.9605
72911	10482	1	0	499.202	322.958	78.999
72912	10482	3	0	532.202	341.958	81.0834
72941	10482	1	0	532.202	341.958	113.568
72942	10482	3	0	537.202	313.958	114.902
72949	10482	1	0	537.202	313.958	123.29
72950	10482	3	1	326.202	90.9583	124.974
72955	10482	1	1	326.202	90.9583	132.612
72956	10482	3	0	530.202	85.9583	133.163
72969	10482	1	0	530.202	85.9583	157.809
72970	10482	3	0	511.202	147.958	159.344
72973	10482	1	0	511.202	147.958	161.545
72974	10482	3	1	392.202	78.9583	161.979
72980	10482	1	1	392.202	78.9583	166.397
72981	10482	3	0	507.202	99.9583	167.098
72990	10482	1	0	507.202	99.9583	175.769
72991	10482	3	0	539.202	92.9583	177.62
72999	10482	1	0	539.202	92.9583	186.641
73000	10482	3	0	513.202	112.958	187.926
73001	10482	1	0	513.202	112.958	189.143
73002	10482	3	0	504.202	86.9583	189.626
73017	10482	1	0	504.202	86.9583	203.334
73018	10482	3	0	532.202	105.958	204.718
73023	10482	1	0	532.202	105.958	212.572
73024	10482	3	0	530.202	105.958	215.041
73044	10482	1	0	530.202	105.958	228.865
73045	10482	2	1	353.202	195.958	229.798
73046	10482	3	0	498.116	216.926	229.982
73047	10482	1	0	498.116	216.926	230.566
73048	10482	3	0	531.116	87.926	230.949
73057	10482	1	0	531.116	87.926	235.118
73058	10482	3	1	361.116	91.926	235.618
73064	10482	1	1	361.116	91.926	237.753
73065	10482	3	0	549.116	127.926	238.086
73074	10482	1	0	549.116	127.926	244.305
73075	10482	3	0	545.116	107.926	244.472
72853	10483	1	0	649.104	228.837	20.2353
72854	10483	3	0	641.104	400.837	20.6688
72859	10483	1	0	641.104	400.837	24.7878
72860	10483	3	1	232.104	153.837	25.2714
72992	10483	1	1	232.104	153.837	181.255
72993	10483	3	1	232.104	153.837	181.622
73019	10483	1	1	232.104	153.837	209.054
73020	10483	3	0	800.104	78.8369	209.804
72867	10484	1	0	499.505	103.273	31.1243
72868	10484	3	0	624.505	156.273	32.4415
72869	10484	1	0	624.505	156.273	33.0418
72870	10484	3	0	539.505	104.273	33.3587
72930	10484	1	0	539.505	104.273	103.079
72931	10484	2	1	62.505	176.273	103.946
72932	10484	3	0	494.88	204.947	104.363
72933	10484	1	0	494.88	204.947	104.897
72934	10484	3	0	590.88	152.947	105.247
72939	10484	1	0	590.88	152.947	111.7
72940	10484	3	0	586.88	140.947	111.984
73010	10484	1	0	586.88	140.947	198.765
73011	10484	2	1	336.88	195.947	199.782
73012	10484	3	0	494.451	205.677	199.999
73015	10484	1	0	494.451	205.677	201.283
73016	10484	3	1	94.4509	135.677	201.917
72857	10485	1	0	569.284	254.624	22.8369
72858	10485	3	1	256.284	317.624	23.2038
72855	10486	1	0	802.626	141.423	21.6362
72856	10486	3	0	704.626	34.4226	21.9531
72863	10486	1	0	704.626	34.4226	28.8564
72864	10486	3	1	90.6264	128.423	29.5567
72884	10486	1	1	90.6264	128.423	46.766
72885	10486	3	0	618.626	363.423	47.5663
72924	10486	1	0	618.626	363.423	94.9908
72925	10486	3	1	60.6264	309.423	95.4744
72994	10486	1	1	60.6264	309.423	183.69
72995	10486	2	0	836.626	233.423	184.174
72996	10486	3	0	819.45	231.717	184.207
73021	10486	1	0	819.45	231.717	210.671
73022	10486	3	1	287.45	183.717	211.539
73028	10486	1	1	287.45	183.717	218.475
73029	10486	3	0	615.45	279.717	218.942
72861	10487	1	0	752.975	330.726	26.8052
72862	10487	3	1	151.975	268.726	27.6392
72865	10487	1	1	151.975	268.726	30.1571
72866	10487	3	1	87.975	311.726	30.5906
72922	10487	1	1	87.975	311.726	93.89
72923	10487	3	0	770.975	343.726	94.7072
72926	10487	1	0	770.975	343.726	96.2416
72927	10487	3	0	658.975	345.726	96.7419
72928	10487	1	0	658.975	345.726	100.661
72929	10487	3	0	667.975	330.726	102.362
72997	10487	1	0	667.975	330.726	184.607
72998	10487	3	1	34.975	319.726	185.541
72875	10488	1	0	859.816	7.41132	38.2446
72876	10488	2	1	387.816	40.4113	39.6285
72877	10488	3	0	498.257	114.91	39.7786
72880	10488	1	0	498.257	114.91	42.1632
72881	10488	3	0	589.257	252.91	42.5634
72890	10488	1	0	589.257	252.91	55.6208
72891	10488	3	0	552.257	266.91	56.738
72896	10488	1	0	552.257	266.91	61.8407
72897	10488	3	0	534.257	248.91	63.1912
72909	10488	1	0	534.257	248.91	77.1148
72910	10488	3	0	538.257	256.91	78.4821
72943	10488	1	0	538.257	256.91	115.252
72944	10488	3	0	528.257	247.91	116.203
72947	10488	1	0	528.257	247.91	121.022
72948	10488	3	1	375.257	21.9101	121.706
72961	10488	1	1	375.257	21.9101	150.706
72962	10488	3	1	375.257	21.9101	151.189
72963	10488	1	1	375.257	21.9101	151.406
72964	10488	3	0	538.257	12.9101	151.89
73037	10488	1	0	538.257	12.9101	225.563
73038	10488	3	1	396.257	65.9101	225.896
73049	10488	1	1	396.257	65.9101	232.017
73050	10488	3	0	554.257	45.9101	232.417
73072	10488	1	0	554.257	45.9101	241.471
73073	10488	3	1	330.257	134.91	241.938
75161	10689	1	0	606.435	279.112	32.6679
75162	10689	3	0	624.435	309.112	34.9692
75169	10689	1	0	624.435	309.112	40.3885
75170	10689	3	1	260.435	299.112	41.3889
75171	10689	1	1	260.435	299.112	47.7254
75172	10689	3	0	584.435	279.112	48.159
75183	10689	1	0	584.435	279.112	57.0807
75184	10689	3	0	567.435	257.112	58.5149
75197	10689	1	0	567.435	257.112	74.1235
75198	10689	2	1	427.435	109.112	74.6071
75199	10689	3	1	407.072	122.257	74.6404
75204	10689	1	1	407.072	122.257	80.6771
75205	10689	3	1	407.072	120.257	80.9105
75213	10689	1	1	407.072	120.257	91.399
75214	10689	3	0	627.072	258.257	91.8662
75215	10689	1	0	627.072	258.257	91.9161
75216	10689	3	0	627.072	258.257	91.9995
75256	10689	1	0	627.072	258.257	143.395
75257	10689	3	0	623.072	202.257	143.611
75261	10689	1	0	623.072	202.257	146.613
75262	10689	3	1	380.072	140.257	147.263
75286	10689	1	1	380.072	140.257	180.798
75287	10689	3	0	532.072	141.257	181.098
75297	10689	1	0	532.072	141.257	186.952
75298	10689	2	1	415.072	90.2572	187.335
75299	10689	3	1	405.201	97.9732	187.352
75304	10689	1	1	405.201	97.9732	190.62
75305	10689	3	0	541.201	40.9732	191.571
75332	10689	1	0	541.201	40.9732	211.598
75333	10689	3	1	362.201	277.973	212.415
75140	10690	1	0	624.269	56.031	12.5078
75141	10690	3	1	248.269	132.031	13.5082
75271	10690	1	1	248.269	132.031	160.204
75272	10690	3	0	732.269	49.031	160.721
75315	10690	1	0	732.269	49.031	200.092
75316	10690	3	1	210.269	317.031	200.709
75144	10691	1	0	817.27	274.331	15.7764
75145	10691	3	0	785.27	372.331	17.3273
75273	10691	1	0	785.27	372.331	162.155
75274	10691	3	1	201.27	264.331	162.822
75313	10691	1	1	201.27	264.331	199.108
75314	10691	3	0	621.27	96.3313	199.692
75317	10691	1	0	621.27	96.3313	201.343
75318	10691	3	0	695.27	144.331	201.542
75163	10692	1	0	552.33	283.97	35.4362
75164	10692	3	0	534.33	271.97	37.8209
75167	10692	1	0	534.33	271.97	39.2377
75168	10692	3	1	329.329	330.97	39.8215
75173	10692	1	1	329.329	330.97	48.7093
75174	10692	3	0	612.33	305.97	49.1429
75179	10692	1	0	612.33	305.97	54.3125
75180	10692	3	0	611.33	324.97	54.5793
75200	10692	1	0	611.33	324.97	75.2573
75201	10692	3	1	327.329	73.9696	76.0077
75202	10692	1	1	327.329	73.9696	76.7579
75203	10692	3	1	331.329	56.9696	77.1581
75219	10692	1	1	331.329	56.9696	95.3842
75220	10692	3	0	559.33	54.9696	95.6843
75223	10692	1	0	559.33	54.9696	98.7697
75224	10692	3	0	527.33	114.97	100.32
75235	10692	1	0	527.33	114.97	120.849
75236	10692	3	0	539.33	169.97	126.152
75239	10692	1	0	539.33	169.97	128.687
75240	10692	3	0	537.33	164.97	131.505
75263	10692	1	0	537.33	164.97	147.897
75264	10692	3	0	598.33	116.97	149.932
75269	10692	1	0	598.33	116.97	153.317
75270	10692	3	1	391.329	237.97	156.235
75280	10692	1	1	391.329	237.97	172.31
75281	10692	3	1	394.329	237.97	172.377
75282	10692	1	1	394.329	237.97	172.46
75283	10692	3	0	573.33	87.9696	172.827
75288	10692	1	0	573.33	87.9696	181.449
75289	10692	3	0	546.33	63.9696	182.366
75302	10692	1	0	546.33	63.9696	188.886
75303	10692	3	0	509.329	88.9696	190.27
75306	10692	1	0	509.329	88.9696	191.904
75307	10692	3	1	384.329	124.97	192.822
75336	10692	1	1	384.329	124.97	214.75
75337	10692	3	0	526.33	70.9696	215.1
75346	10692	1	0	526.33	70.9696	220.969
75347	10692	3	0	633.33	47.9696	221.503
75348	10692	1	0	633.33	47.9696	222.854
75349	10692	3	1	248.329	89.9696	223.887
75350	10692	1	1	248.329	89.9696	251.868
75351	10692	3	0	660.33	213.97	252.268
75354	10692	1	0	660.33	213.97	254.019
75355	10692	3	1	244.329	117.97	254.737
75155	10693	1	0	658.971	164.988	24.2802
75156	10693	3	0	646.971	128.988	25.9312
75177	10693	1	0	646.971	128.988	53.1954
75178	10693	3	0	668.971	161.988	53.5955
75193	10693	1	0	668.971	161.988	68.1697
75194	10693	3	0	632.971	153.988	68.3531
75217	10693	1	0	632.971	153.988	92.3497
75218	10693	3	0	519.971	157.988	94.7175
75221	10693	1	0	519.971	157.988	95.9511
75222	10693	3	1	379.971	55.9879	96.4347
75231	10693	1	1	379.971	55.9879	113.761
75232	10693	3	0	568.971	47.9879	116.63
75252	10693	1	0	568.971	47.9879	139.626
75253	10693	3	0	567.971	248.988	141.46
75275	10693	1	0	567.971	248.988	163.589
75276	10693	3	0	516.971	208.988	168.041
75292	10693	1	0	516.971	208.988	183.466
75293	10693	2	1	359.971	77.988	185.434
75294	10693	3	0	498.192	146.068	185.618
75295	10693	1	0	498.192	146.068	186.202
75296	10693	3	0	526.192	207.068	186.485
75330	10693	1	0	526.192	207.068	209.981
75331	10693	3	0	552.192	185.068	211.148
75342	10693	1	0	552.192	185.068	218.752
75343	10693	3	1	352.192	102.068	219.419
75142	10694	1	0	613.854	143.945	14.3088
75143	10694	3	1	222.854	375.945	14.7759
75187	10694	1	1	222.854	375.945	59.9322
75188	10694	3	0	786.854	194.945	60.7659
75243	10694	1	0	786.854	194.945	132.722
75244	10694	3	0	719.854	170.945	134.307
75310	10694	1	0	719.854	170.945	196.524
75311	10694	2	1	356.854	370.945	197.391
75312	10694	3	0	498.423	301.609	197.591
75159	10695	1	0	586.846	297.308	28.7491
75160	10695	3	1	388.846	331.308	29.8832
75165	10695	1	1	388.846	331.308	38.4208
75166	10695	3	0	523.846	356.308	38.7875
75181	10695	1	0	523.846	356.308	55.3631
75182	10695	3	1	396.846	327.308	56.08
75185	10695	1	1	396.846	327.308	59.0153
75186	10695	3	0	549.846	334.308	59.3653
75191	10695	1	0	549.846	334.308	62.7836
75192	10695	3	1	390.846	233.308	63.6504
75206	10695	1	1	390.846	233.308	85.3295
75207	10695	3	0	522.846	271.308	85.5963
75237	10695	1	0	522.846	271.308	127.203
75238	10695	3	1	378.846	260.308	128.003
75241	10695	1	1	378.846	260.308	131.939
75242	10695	3	0	684.846	160.308	132.422
75254	10695	1	0	684.846	160.308	142.311
75255	10695	3	0	549.846	179.308	142.994
75258	10695	1	0	549.846	179.308	143.928
75259	10695	2	1	393.846	233.308	144.412
75260	10695	3	0	501.967	236.335	144.562
75267	10695	1	0	501.967	236.335	151.983
75268	10695	3	1	372.967	41.3346	152.483
75290	10695	1	1	372.967	41.3346	182.733
75291	10695	3	0	605.967	59.3346	183.099
75300	10695	1	0	605.967	59.3346	187.753
75301	10695	3	1	318.967	27.3346	188.336
75334	10695	1	1	318.967	27.3346	213.916
75335	10695	3	0	527.967	51.3346	214.233
75157	10696	1	0	651.643	296.412	26.3649
75158	10696	3	0	716.643	78.4119	28.0655
75175	10696	1	0	716.643	78.4119	49.8434
75176	10696	3	0	687.643	221.412	52.6785
75195	10696	1	0	687.643	221.412	68.8036
75196	10696	3	0	535.643	137.412	71.255
75208	10696	1	0	535.643	137.412	85.9799
75209	10696	2	1	411.642	208.412	86.2634
75210	10696	3	0	502.849	218.315	86.3969
75211	10696	1	0	502.849	218.315	86.8636
75212	10696	3	0	560.849	155.315	89.6817
75229	10696	1	0	560.849	155.315	111.143
75230	10696	3	0	608.849	164.315	111.46
75233	10696	1	0	608.849	164.315	117.73
75234	10696	3	1	359.849	29.315	118.464
75265	10696	1	1	359.849	29.315	151.016
75266	10696	3	0	547.849	38.315	151.516
75277	10696	1	0	547.849	38.315	169.192
75278	10696	2	1	255.849	164.315	171.293
75279	10696	3	0	494.773	205.483	171.56
75284	10696	1	0	494.773	205.483	173.144
75285	10696	3	1	285.773	171.483	173.577
75322	10696	1	1	285.773	171.483	203.71
75323	10696	3	0	505.773	115.483	204.027
75326	10696	1	0	505.773	115.483	205.778
75327	10696	3	0	566.773	109.483	206.045
75328	10696	1	0	566.773	109.483	206.279
75329	10696	3	0	572.773	129.483	208.93
75338	10696	1	0	572.773	129.483	215.55
75339	10696	3	1	360.773	133.483	217.835
75340	10696	1	1	360.773	133.483	218.035
75341	10696	3	0	554.773	105.483	218.401
75344	10696	1	0	554.773	105.483	220.352
75345	10696	3	0	561.773	130.483	220.503
75352	10696	1	0	561.773	130.483	252.552
75353	10696	3	0	610.773	98.483	253.619
75146	10697	1	0	751.74	255.061	17.6607
75147	10697	2	1	329.74	288.061	18.8779
75148	10697	3	0	495.171	257.333	19.0947
75149	10697	1	0	495.171	257.333	19.8452
75150	10697	3	0	509.171	143.333	20.1953
75151	10697	1	0	509.171	143.333	20.512
75152	10697	3	0	517.171	120.333	21.546
75189	10697	1	0	517.171	120.333	61.3661
75190	10697	3	1	302.171	301.333	61.9166
75225	10697	1	1	302.171	301.333	108.141
75226	10697	3	0	542.171	341.333	108.575
75247	10697	1	0	542.171	341.333	137.108
75248	10697	3	0	542.171	341.333	137.208
75249	10697	1	0	542.171	341.333	137.276
75250	10697	1	1	334.171	362.333	137.758
75251	10697	3	1	334.171	362.333	137.758
75308	10697	1	1	334.171	362.333	195.74
75309	10697	3	0	614.171	354.333	196.023
75153	10698	1	0	708.608	222.417	22.1293
75154	10698	3	0	604.608	49.4165	23.8466
75227	10698	1	0	604.608	49.4165	109.058
75228	10698	3	1	329.608	337.417	109.725
75245	10698	1	1	329.608	337.417	134.773
75246	10698	3	0	679.608	289.417	136.708
75319	10698	1	0	679.608	289.417	201.86
75320	10698	2	1	435.608	263.417	203.194
75321	10698	3	0	498.611	254.223	203.294
75324	10698	1	0	498.611	254.223	204.361
75325	10698	3	1	269.611	202.223	204.878
79037	11059	1	0	629.349	274.341	12.2059
79038	11059	3	1	313.349	284.341	12.8566
79057	11062	1	0	877.608	129.012	37.0027
79058	11062	3	0	749.608	99.0125	38.7538
79063	11062	1	0	749.608	99.0125	44.5905
79064	11062	3	0	532.608	64.0125	48.2591
79071	11062	1	0	532.608	64.0125	56.4635
79072	11062	3	0	538.608	96.0125	58.8814
79085	11062	1	0	538.608	96.0125	74.7896
79086	11062	3	0	550.608	80.0125	76.7408
79095	11062	1	0	550.608	80.0125	80.3423
79096	11062	2	1	236.608	72.0125	80.8926
79097	11062	3	0	499.943	172.426	81.176
79110	11062	1	0	499.943	172.426	89.7468
79111	11062	3	0	529.943	138.426	91.0637
79116	11062	1	0	529.943	138.426	95.616
79117	11062	2	1	322.943	69.4258	97.1498
79118	11062	3	0	502.506	155.307	97.3687
79123	11062	1	0	502.506	155.307	103.637
79124	11062	2	0	479.506	132.307	104.904
79125	11062	3	0	499.999	143.281	104.937
79128	11062	1	0	499.999	143.281	107.839
79129	11062	3	0	537.999	123.282	108.089
79134	11062	1	0	537.999	123.282	114.926
79135	11062	3	1	343.999	67.2815	115.259
79173	11062	1	1	343.999	67.2815	148.577
79174	11062	3	0	562.999	122.282	148.894
79185	11062	1	0	562.999	122.282	160.183
79186	11062	3	0	534.999	177.281	161.384
79191	11062	1	0	534.999	177.281	164.669
79192	11062	3	0	564.999	161.281	166.12
79199	11062	1	0	564.999	161.281	169.889
79200	11062	3	0	522.999	136.281	171.573
79205	11062	1	0	522.999	136.281	174.057
79206	11062	3	0	588.999	178.281	175.024
79216	11062	1	0	588.999	178.281	181.928
79217	11062	3	0	533.999	109.282	183.362
79055	11065	1	0	709.192	185.366	35.0182
79056	11065	3	0	626.192	65.3656	36.2354
79061	11065	1	0	626.192	65.3656	41.439
79062	11065	3	1	345.192	54.3656	41.9226
79067	11065	1	1	345.192	54.3656	53.9286
79068	11065	3	0	694.192	183.366	54.379
79100	11065	1	0	694.192	183.366	83.4273
79101	11065	3	0	617.192	154.366	84.1941
79168	11065	1	0	617.192	154.366	143.824
79169	11065	3	0	586.192	116.366	145.175
79189	11065	1	0	586.192	116.366	162.918
79190	11065	3	1	352.192	53.3656	163.719
79193	11065	1	1	352.192	53.3656	167.487
79194	11065	3	0	616.192	81.3656	167.77
79207	11065	1	0	616.192	81.3656	175.408
79208	11065	2	0	492.192	72.3656	176.492
79209	11065	3	0	501.803	80.7383	176.508
79214	11065	1	0	501.803	80.7383	180.694
79215	11065	3	1	331.803	63.7383	181.078
79043	11067	1	0	660.703	50.4779	17.4426
79044	11067	3	1	34.7035	99.4779	18.4429
79039	11069	1	0	562.339	404.805	13.7239
79040	11069	3	1	60.3393	386.805	14.3577
79160	11069	1	1	60.3393	386.805	138.039
79161	11069	3	0	611.339	276.805	138.472
79220	11069	1	0	611.339	276.805	186.247
79221	11069	2	1	56.3393	372.805	186.881
79222	11069	3	0	495.783	262.22	187.298
79225	11069	1	0	495.783	262.22	188.265
79226	11069	3	1	71.7825	334.22	188.732
79035	11071	1	0	541.202	53.4435	11.2554
79036	11071	3	1	290.202	142.443	11.689
79053	11073	1	0	500.009	377.862	33.0008
79054	11073	3	0	548.009	294.862	34.036
79069	11073	1	0	548.009	294.862	54.9294
79070	11073	3	1	303.009	31.8625	55.663
79077	11073	1	1	303.009	31.8625	70.5042
79078	11073	3	0	714.009	51.8625	70.8212
79104	11073	1	0	714.009	51.8625	85.7446
79105	11073	3	0	566.009	52.8625	87.0955
79108	11073	1	0	566.009	52.8625	88.7796
79109	11073	3	0	640.009	56.8625	88.963
79136	11073	1	0	640.009	56.8625	115.976
79137	11073	3	1	298.009	53.8625	116.76
79138	11073	1	1	298.009	53.8625	117.36
79139	11073	3	1	166.009	81.8625	117.761
79140	11073	1	1	166.009	81.8625	118.561
79141	11073	3	1	267.009	49.8625	118.861
79142	11073	1	1	267.009	49.8625	119.795
79143	11073	3	0	609.009	48.8625	120.479
79148	11073	1	0	609.009	48.8625	124.163
79149	11073	3	1	227.009	63.8625	125.031
79187	11073	1	1	227.009	63.8625	161.968
79188	11073	3	0	518.009	69.8625	162.668
79195	11073	1	0	518.009	69.8625	168.037
79196	11073	3	0	524.009	65.8625	168.104
79197	11073	1	0	524.009	65.8625	168.154
79198	11073	3	1	368.009	49.8625	168.721
79212	11073	1	1	368.009	49.8625	178.36
79213	11073	3	0	593.009	86.8625	178.81
79029	11075	1	0	580.527	426.248	8.95404
79030	11075	3	0	764.527	402.248	9.33746
79049	11075	1	0	764.527	402.248	27.0809
79050	11075	3	1	256.527	94.2482	30.3491
79059	11075	1	1	256.527	94.2482	40.2381
79060	11075	3	0	655.527	245.248	40.755
79081	11075	1	0	655.527	245.248	72.5552
79082	11075	3	1	361.527	54.2482	73.2057
79091	11075	1	1	361.527	54.2482	78.5249
79092	11075	3	0	553.527	272.248	78.9081
79106	11075	1	0	553.527	272.248	87.5624
79107	11075	3	1	333.527	65.2482	88.3795
79112	11075	1	1	333.527	65.2482	91.5973
79113	11075	3	0	508.527	275.248	92.0308
79152	11075	1	0	508.527	275.248	127.965
79153	11075	3	1	210.527	308.248	128.583
79154	11075	1	1	210.527	308.248	129.516
79155	11075	3	0	508.527	304.248	130.2
79162	11075	1	0	508.527	304.248	138.822
79163	11075	3	1	292.527	408.248	139.339
79065	11077	1	0	800.43	196.4	49.7431
79066	11077	3	0	656.43	79.4001	52.6613
79073	11077	1	0	656.43	79.4001	59.3982
79074	11077	3	1	221.43	112.4	60.4319
79075	11077	1	1	221.43	112.4	69.6202
79076	11077	3	0	549.43	57.4002	69.9372
79083	11077	1	0	549.43	57.4002	73.9225
79084	11077	3	0	610.43	160.4	74.356
79087	11077	1	0	610.43	160.4	77.1244
79088	11077	3	0	598.43	172.4	77.3412
79098	11077	1	0	598.43	172.4	81.96
79099	11077	3	0	569.43	78.4001	82.7769
79126	11077	1	0	569.43	78.4001	105.588
79127	11077	3	1	284.43	55.4002	107.238
79130	11077	1	1	284.43	55.4002	109.773
79131	11077	3	0	502.43	62.4002	110.524
79170	11077	1	0	502.43	62.4002	145.709
79171	11077	2	1	110.429	315.4	147.26
79172	11077	3	0	501.79	267.209	147.626
79175	11077	1	0	501.79	267.209	149.311
79176	11077	3	1	361.79	62.2094	150.144
79177	11077	1	1	361.79	62.2094	153.796
79178	11077	3	0	507.79	33.2094	154.38
79183	11077	1	0	507.79	33.2094	158.415
79184	11077	3	0	609.791	50.2094	159.9
79210	11077	1	0	609.791	50.2094	176.809
79211	11077	3	0	562.791	24.2094	177.909
79121	11078	1	0	632.171	402.434	102.036
79122	11078	3	1	394.171	41.4336	102.686
79132	11078	1	1	394.171	41.4336	113.725
79133	11078	3	0	547.171	54.4336	114.542
79144	11078	1	0	547.171	54.4336	121.012
79145	11078	3	1	219.171	65.4336	121.662
79146	11078	1	1	219.171	65.4336	123.213
79147	11078	3	0	546.171	125.434	123.88
79166	11078	1	0	546.171	125.434	142.207
79167	11078	3	0	579.171	257.434	143.408
79181	11078	1	0	579.171	257.434	156.631
79182	11078	3	0	581.171	333.434	157.732
79203	11078	1	0	581.171	333.434	173.057
79204	11078	3	1	116.171	390.434	173.574
79218	11078	1	1	116.171	390.434	185.58
79219	11078	3	0	517.171	226.434	185.947
79231	11078	1	0	517.171	226.434	192.551
79232	11078	3	1	191.171	246.434	193.501
79031	11079	1	0	556.365	94.3921	10.3549
79032	11079	3	0	556.365	94.3921	10.4048
79033	11079	1	0	556.365	94.3921	10.5717
79034	11079	3	0	556.365	159.392	10.8721
79045	11079	1	0	556.365	159.392	19.1266
79046	11079	3	1	160.365	71.3921	20.0605
79047	11079	1	1	160.365	71.3921	25.7135
79048	11079	3	0	551.365	150.392	26.464
79051	11079	1	0	551.365	150.392	30.8492
79052	11079	3	0	563.365	142.392	32.1837
79079	11079	1	0	563.365	142.392	71.2214
79080	11079	3	0	655.365	127.392	72.2051
79089	11079	1	0	655.365	127.392	77.6744
79090	11079	3	0	631.365	76.3921	78.0079
79093	11079	1	0	631.365	76.3921	79.442
79094	11079	3	1	360.365	46.3921	79.9422
79102	11079	1	1	360.365	46.3921	84.9109
79103	11079	3	0	701.365	137.392	85.361
79114	11079	1	0	701.365	137.392	93.8151
79115	11079	3	1	371.365	59.3921	94.6489
79119	11079	1	1	371.365	59.3921	99.9011
79120	11079	3	0	704.365	93.3921	100.535
79164	11079	1	0	704.365	93.3921	140.173
79165	11079	3	0	587.365	328.392	141.573
79179	11079	1	0	587.365	328.392	154.93
79180	11079	3	1	143.365	384.392	155.481
79201	11079	1	1	143.365	384.392	172.173
79202	11079	3	0	545.365	405.392	172.69
79229	11079	1	0	545.365	405.392	191.1
79230	11079	3	0	533.365	373.392	192.117
79027	11080	1	0	579.609	403.994	7.08691
79028	11080	3	0	569.609	267.994	7.38708
79041	11080	1	0	569.609	267.994	15.5804
79042	11080	3	1	174.609	269.994	16.0418
79150	11080	1	1	174.609	269.994	127.215
79151	11080	3	0	636.609	310.994	127.598
79156	11080	1	0	636.609	310.994	130.551
79157	11080	3	1	154.609	313.994	131.251
79158	11080	1	1	154.609	313.994	132.085
79159	11080	3	1	181.609	260.994	132.318
79223	11080	1	1	181.609	260.994	187.515
79224	11080	3	0	614.609	237.994	187.965
79227	11080	1	0	614.609	237.994	189.549
79228	11080	3	0	600.609	296.994	190.783
