64970	10015	1	0	506.75	71.9906	19.6282
64971	10015	3	0	526.75	45.9906	19.8783
64983	10015	1	0	526.75	45.9906	24.4806
64984	10015	3	0	493.75	48.9906	24.7306
65065	10015	1	0	493.75	48.9906	425.749
65066	10015	3	0	520.75	39.9906	426.116
65067	10015	1	0	520.75	39.9906	427.567
65068	10015	3	0	516.75	20.9906	429.051
65109	10015	1	0	516.75	20.9906	510.419
65110	10015	3	0	503.75	48.9906	510.72
64968	10016	1	0	663.827	80.2111	18.9443
64969	10016	3	0	773.827	29.2111	19.2613
64989	10016	1	0	773.827	29.2111	26.7819
64990	10016	3	0	708.827	33.2111	27.2988
64991	10016	1	0	708.827	33.2111	27.399
64992	10016	3	0	706.827	35.2111	27.5325
64993	10016	1	0	706.827	35.2111	27.7659
64994	10016	3	0	697.827	68.2111	28.2997
65007	10016	1	0	697.827	68.2111	134.117
65008	10016	2	1	211.827	85.2111	134.484
65009	10016	3	0	500.386	176.071	134.801
65010	10016	1	0	500.386	176.071	135.801
65011	10016	3	0	676.386	107.071	137.702
65083	10016	1	0	676.386	107.071	446.612
65084	10016	3	0	702.386	52.0711	447.346
65101	10016	1	0	702.386	52.0711	498.544
65102	10016	3	0	702.386	49.0711	499.011
65111	10016	1	0	702.386	49.0711	511.053
65112	10016	3	0	695.386	34.0711	511.32
65119	10016	1	0	695.386	34.0711	515.323
65120	10016	3	0	692.386	49.0711	515.707
64964	10017	1	0	726.763	257.781	16.2426
64965	10017	3	0	719.763	354.781	17.16
64985	10017	1	0	719.763	354.781	25.1976
64986	10017	3	0	675.763	369.781	25.5144
65001	10017	1	0	675.763	369.781	122.493
65002	10017	3	1	160.762	370.781	123.093
65123	10017	1	1	160.762	370.781	598.115
65124	10017	3	1	207.762	370.781	598.616
65135	10017	1	1	207.762	370.781	616.346
65136	10017	3	0	708.763	344.781	617.413
65141	10017	1	0	708.763	344.781	624.084
65142	10017	3	1	210.762	362.781	624.968
64962	10018	1	0	718.539	191.804	14.3579
64963	10018	3	0	806.539	197.804	15.6756
64997	10018	1	0	806.539	197.804	29.6841
64998	10018	3	0	816.539	180.804	30.0009
65005	10018	1	0	816.539	180.804	130.231
65006	10018	3	1	223.539	219.804	130.782
65012	10018	1	1	223.539	219.804	143.373
65013	10018	3	0	682.539	355.804	144.34
65020	10018	1	0	682.539	355.804	154.096
65021	10018	3	1	305.539	161.804	154.513
65024	10018	1	1	305.539	161.804	164.753
65025	10018	3	1	299.539	212.804	165.104
65033	10018	1	1	299.539	212.804	172.075
65034	10018	3	0	829.539	409.804	174.176
65088	10018	1	0	829.539	409.804	473.328
65089	10018	3	0	716.539	344.804	473.945
65096	10018	1	0	716.539	344.804	493.474
65097	10018	2	0	831.539	146.804	494.641
65098	10018	3	0	823.074	150.418	494.658
65115	10018	1	0	823.074	150.418	512.438
65116	10018	3	0	823.074	153.418	512.755
65129	10018	1	0	823.074	153.418	610.758
65130	10018	3	1	341.074	165.418	612.142
65131	10018	1	1	341.074	165.418	613.109
65132	10018	3	1	341.074	159.418	613.56
65133	10018	1	1	341.074	159.418	614.544
65134	10018	3	0	818.074	149.418	615.812
65143	10018	1	0	818.074	149.418	625.969
65144	10018	3	1	300.074	208.418	626.653
64949	10019	1	0	523.462	173.726	8.25452
64950	10019	3	0	508.462	260.726	8.63831
64972	10019	1	0	508.462	260.726	20.1951
64973	10019	3	0	506.462	194.726	20.6786
64981	10019	1	0	506.462	194.726	23.8468
64982	10019	3	0	502.462	200.726	24.1137
65014	10019	1	0	502.462	200.726	144.707
65015	10019	3	1	281.462	200.726	145.124
65016	10019	1	1	281.462	200.726	146.325
65017	10019	3	0	508.462	242.726	147.025
65026	10019	1	0	508.462	242.726	166.571
65027	10019	2	1	93.4622	172.726	166.988
65028	10019	3	0	495.342	196.823	167.405
65029	10019	1	0	495.342	196.823	167.839
65030	10019	3	0	494.342	200.823	169.356
65031	10019	1	0	494.342	200.823	170.457
65032	10019	3	0	518.342	212.823	170.907
65037	10019	1	0	518.342	212.823	175.493
65038	10019	3	1	112.342	62.8232	175.794
65039	10019	1	1	112.342	62.8232	176.794
65040	10019	3	1	101.342	114.823	177.228
65043	10019	1	1	101.342	114.823	343.633
65044	10019	3	0	518.342	202.823	345.583
65045	10019	1	0	518.342	202.823	345.95
65046	10019	3	1	171.342	141.823	346.617
65069	10019	1	1	171.342	141.823	430.302
65070	10019	3	0	706.342	362.823	430.902
65071	10019	1	0	706.342	362.823	432.269
65072	10019	3	0	684.342	336.823	432.653
65073	10019	1	0	684.342	336.823	434.938
65074	10019	3	0	669.342	309.823	435.522
65077	10019	1	0	669.342	309.823	436.989
65078	10019	3	0	530.342	176.823	437.506
65107	10019	1	0	530.342	176.823	509.819
65108	10019	3	0	503.342	201.823	510.102
65125	10019	1	0	503.342	201.823	602.435
65126	10019	3	0	526.342	196.823	603.87
65127	10019	1	0	526.342	196.823	604.303
65128	10019	3	0	514.342	194.823	604.787
64958	10020	1	0	806.135	220.336	11.9896
64959	10020	3	0	837.135	392.336	12.8733
65003	10020	1	0	837.135	392.336	125.995
65004	10020	3	1	298.135	373.336	126.546
65018	10020	1	1	298.135	373.336	152.479
65019	10020	3	1	319.135	365.336	152.946
65022	10020	1	1	319.135	365.336	155.43
65023	10020	3	0	641.135	379.336	157.048
65035	10020	1	0	641.135	379.336	174.693
65036	10020	3	1	321.135	295.336	175.193
65053	10020	1	1	321.135	295.336	418.328
65054	10020	3	0	544.135	188.336	418.945
65075	10020	1	0	544.135	188.336	436.122
65076	10020	3	0	609.135	182.336	436.672
65079	10020	1	0	609.135	182.336	438.123
65080	10020	3	0	702.135	371.336	439.674
65085	10020	1	0	702.135	371.336	472.344
65086	10020	2	0	848.135	368.336	472.945
65087	10020	3	0	839.17	361.194	472.961
65090	10020	1	0	839.17	361.194	474.296
65091	10020	3	0	840.17	369.194	474.696
65145	10020	1	0	840.17	369.194	635.826
65146	10020	3	1	311.17	356.194	636.36
65147	10020	1	1	311.17	356.194	636.677
65148	10020	3	1	343.17	356.194	637.144
65149	10020	1	1	343.17	356.194	637.728
65150	10020	3	1	345.17	356.194	638.128
64974	10021	1	0	536.566	419.516	21.2622
64975	10021	2	0	491.566	363.516	21.6292
64976	10021	3	0	499.967	356.144	21.6458
64979	10021	1	0	499.967	356.144	23.3298
64980	10021	3	0	496.967	403.144	23.5632
65041	10021	1	0	496.967	403.144	184.65
65042	10021	3	0	504.967	390.144	185.167
65047	10021	1	0	504.967	390.144	413.909
65048	10021	2	0	479.967	355.144	414.827
65049	10021	3	0	497.474	341.591	414.86
65050	10021	1	0	497.474	341.591	416.228
65051	10021	2	0	493.474	336.591	416.494
65052	10021	3	0	501.763	330.579	416.511
65055	10021	1	0	501.763	330.579	419.279
65056	10021	2	1	291.763	326.579	419.646
65057	10021	3	0	497.719	264.734	419.912
65058	10021	1	0	497.719	264.734	420.529
65059	10021	2	1	306.719	352.734	420.946
65060	10021	3	0	496.149	279.396	421.197
65061	10021	1	0	496.149	279.396	421.713
65062	10021	3	0	548.149	348.396	422.013
65105	10021	1	0	548.149	348.396	509.185
65106	10021	3	0	520.149	361.396	509.535
65121	10021	1	0	520.149	361.396	595.647
65122	10021	3	1	35.1493	364.396	597.115
65137	10021	1	1	35.1493	364.396	618.313
65138	10021	3	0	583.149	373.396	619.214
65139	10021	1	0	583.149	373.396	619.681
65140	10021	3	0	574.149	372.396	620.115
64960	10022	1	0	790.202	450.663	13.3404
64961	10022	3	0	866.202	332.663	14.0244
64995	10022	1	0	866.202	332.663	29.0836
64996	10022	3	0	865.202	315.663	29.4173
65094	10022	1	0	865.202	315.663	484.985
65095	10022	3	0	868.202	210.663	485.369
65099	10022	1	0	868.202	210.663	495.209
65100	10022	3	0	857.202	283.663	496.743
64953	10023	1	0	555.997	88.8863	10.1383
64954	10023	2	0	928.997	50.8863	10.5384
64955	10023	3	0	862.707	99.8198	10.6385
64956	10023	1	0	862.707	99.8198	11.1223
64957	10023	3	0	796.707	59.8198	11.5225
64966	10023	1	0	796.707	59.8198	17.9272
64967	10023	3	0	839.707	120.82	18.4442
64999	10023	1	0	839.707	120.82	30.3009
65000	10023	3	0	845.707	54.8198	30.9011
65063	10023	1	0	845.707	54.8198	423.965
65064	10023	3	0	825.707	177.82	424.465
65081	10023	1	0	825.707	177.82	444.928
65082	10023	3	0	840.707	42.8198	445.728
65117	10023	1	0	840.707	42.8198	514.472
65118	10023	3	0	843.707	59.8198	514.923
64951	10024	1	0	655.871	241.997	9.05457
64952	10024	3	0	660.871	238.997	9.67151
64977	10024	1	0	660.871	238.997	22.3794
64978	10024	3	0	683.871	240.997	22.8814
64987	10024	1	0	683.871	240.997	25.9315
64988	10024	3	0	695.871	268.997	26.2316
65092	10024	1	0	695.871	268.997	484.234
65093	10024	3	0	702.871	246.997	484.535
65103	10024	1	0	702.871	246.997	507.835
65104	10024	3	0	708.871	199.997	508.335
65113	10024	1	0	708.871	199.997	511.82
65114	10024	3	0	704.871	206.997	512.138
65151	10024	1	0	704.871	206.997	640.113
65152	10024	3	1	201.871	224.997	640.797
70289	10285	1	0	563.806	217.782	5.80371
70290	10285	3	0	511.806	208.782	6.22052
70316	10285	1	0	511.806	208.782	89.1022
70317	10285	3	1	63.8057	138.782	89.6526
70322	10285	1	1	63.8057	138.782	98.7747
70323	10285	3	0	511.806	183.782	99.592
70353	10285	1	0	511.806	183.782	181.892
70354	10285	3	1	86.8057	189.782	182.526
70355	10285	1	1	86.8057	189.782	184.861
70356	10285	3	0	494.806	184.782	186.412
70367	10285	1	0	494.806	184.782	218.432
70368	10285	3	1	31.8057	194.782	219.099
70369	10285	1	1	31.8057	194.782	219.566
70370	10285	3	1	70.8057	206.782	219.933
70383	10285	1	1	70.8057	206.782	252.136
70384	10285	3	0	564.806	216.782	252.72
70385	10285	1	0	564.806	216.782	252.753
70386	10285	3	0	546.806	210.782	253.32
70389	10285	1	0	546.806	210.782	256.606
70390	10285	3	0	533.806	207.782	257.006
70401	10285	1	0	533.806	207.782	294.88
70402	10285	3	1	76.8057	224.782	295.414
70403	10285	1	1	76.8057	224.782	295.931
70404	10285	3	1	64.8057	219.782	296.331
70405	10285	1	1	64.8057	219.782	297.415
70406	10285	3	0	538.806	200.782	298.515
70423	10285	1	0	538.806	200.782	349.282
70424	10285	3	1	107.806	254.782	349.765
70425	10285	1	1	107.806	254.782	350.115
70426	10285	3	1	190.806	254.782	350.582
70427	10285	1	1	190.806	254.782	351.716
70428	10285	3	0	557.806	214.782	352.583
70460	10285	1	0	557.806	214.782	397.426
70461	10285	3	1	65.8057	124.782	398.51
70466	10285	1	1	65.8057	124.782	405.264
70467	10285	3	0	685.806	205.782	405.982
70484	10285	1	0	685.806	205.782	443.356
70485	10285	3	1	203.806	61.7824	443.957
70486	10285	1	1	203.806	61.7824	444.491
70487	10285	3	1	203.806	61.7824	445.007
70488	10285	1	1	203.806	61.7824	528.398
70489	10285	3	1	206.806	75.7824	528.899
70295	10286	1	0	758.389	43.3919	7.93829
70296	10286	3	0	667.389	59.3919	8.18842
70330	10286	1	0	667.389	59.3919	105.162
70331	10286	2	1	302.389	113.392	105.679
70332	10286	3	0	498.288	172.694	105.929
70333	10286	1	0	498.288	172.694	106.663
70334	10286	3	0	688.288	75.694	108.347
70341	10286	1	0	688.288	75.694	152.241
70342	10286	3	0	686.288	60.694	153.024
70343	10286	1	0	686.288	60.694	157.677
70344	10286	3	1	200.288	132.694	158.561
70345	10286	1	1	200.288	132.694	167.516
70346	10286	3	0	727.288	59.694	168.366
70365	10286	1	0	727.288	59.694	215.58
70366	10286	3	1	242.288	82.694	216.381
70387	10286	1	1	242.288	82.694	253.788
70388	10286	3	0	678.288	73.694	254.454
70399	10286	1	0	678.288	73.694	291.745
70400	10286	3	1	181.288	101.694	292.929
70421	10286	1	1	181.288	101.694	342.761
70422	10286	3	1	170.288	97.694	343.345
70429	10286	1	1	170.288	97.694	353.317
70430	10286	3	0	730.288	64.694	354.134
70439	10286	1	0	730.288	64.694	365.425
70440	10286	2	1	180.288	85.694	366.592
70441	10286	3	0	501.547	176.832	366.943
70442	10286	1	0	501.547	176.832	367.61
70443	10286	3	0	697.547	67.8324	369.377
70456	10286	1	0	697.547	67.8324	392.24
70457	10286	3	1	209.547	63.8324	393.507
70464	10286	1	1	209.547	63.8324	403.73
70465	10286	3	0	715.547	57.8324	404.664
70476	10286	1	0	715.547	57.8324	437.836
70477	10286	2	1	135.547	75.8324	438.404
70478	10286	3	0	495.203	175.949	438.77
70479	10286	1	0	495.203	175.949	440.888
70480	10286	2	1	175.203	60.9485	441.489
70481	10286	3	0	499.734	168.387	441.839
70482	10286	1	0	499.734	168.387	442.423
70483	10286	3	0	565.734	362.387	443.023
70498	10286	1	0	565.734	362.387	582.021
70499	10286	3	1	195.734	342.387	582.788
70522	10286	1	1	195.734	342.387	612.393
70523	10286	3	0	545.734	129.387	613.16
70541	10286	1	0	545.734	129.387	665.631
70542	10286	3	0	543.734	80.3865	665.998
70580	10286	1	0	543.734	80.3865	977.945
70581	10286	3	1	323.734	99.3865	978.712
70582	10286	1	1	323.734	99.3865	984.866
70583	10286	3	0	595.734	60.3865	985.933
70309	10287	1	0	494.76	418.342	84.1995
70310	10287	2	1	-115.24	357.342	84.8165
70311	10287	3	1	32.57	287.723	85.0332
70312	10287	1	1	32.57	287.723	85.4501
70313	10287	3	1	59.57	334.723	85.7836
70320	10287	1	1	59.57	334.723	97.3738
70321	10287	3	0	512.57	391.723	98.0409
70324	10287	1	0	512.57	391.723	101.81
70325	10287	3	1	47.57	379.723	102.51
70337	10287	1	1	47.57	379.723	112.983
70338	10287	3	0	509.57	402.723	114.35
70339	10287	1	0	509.57	402.723	115.101
70340	10287	3	1	48.57	355.723	116.001
70347	10287	1	1	48.57	355.723	169.066
70348	10287	3	0	494.57	382.723	170.167
70349	10287	1	0	494.57	382.723	170.434
70350	10287	3	1	49.57	355.723	171.151
70359	10287	1	1	49.57	355.723	188.613
70360	10287	3	0	541.57	396.723	189.397
70379	10287	1	0	541.57	396.723	236.126
70380	10287	3	1	90.5699	355.723	236.843
70381	10287	1	1	90.5699	355.723	250.902
70382	10287	3	0	509.57	400.723	251.603
70415	10287	1	0	509.57	400.723	318.295
70416	10287	3	1	79.5699	372.723	318.845
70417	10287	1	1	79.5699	372.723	319.229
70418	10287	3	1	150.57	360.723	319.68
70419	10287	1	1	150.57	360.723	341.494
70420	10287	3	1	142.57	357.723	341.961
70431	10287	1	1	142.57	357.723	355.052
70432	10287	3	0	513.57	404.723	356.002
70435	10287	1	0	513.57	404.723	362.357
70436	10287	3	1	61.57	366.723	362.974
70446	10287	1	1	61.57	366.723	376.647
70447	10287	3	0	525.57	389.723	377.264
70448	10287	1	0	525.57	389.723	377.731
70449	10287	3	0	525.57	398.723	378.148
70450	10287	1	0	525.57	398.723	383.117
70451	10287	3	1	108.57	372.723	383.734
70452	10287	1	1	108.57	372.723	384.068
70453	10287	3	1	48.57	364.723	384.602
70470	10287	1	1	48.57	364.723	407.75
70471	10287	3	0	510.57	325.723	408.617
70474	10287	1	0	510.57	325.723	410.535
70475	10287	3	1	38.57	330.723	411.552
70543	10287	1	1	38.57	330.723	669.467
70544	10287	3	1	67.5699	315.723	669.817
70562	10287	1	1	67.5699	315.723	838.949
70563	10287	3	0	512.57	337.723	839.649
70564	10287	1	0	512.57	337.723	859.029
70565	10287	3	1	60.57	334.723	859.713
70570	10287	1	1	60.57	334.723	862.381
70571	10287	3	0	506.57	346.723	863.248
70285	10288	1	0	602.255	340.082	4.15265
70286	10288	3	0	632.255	361.082	4.60272
70314	10288	1	0	632.255	361.082	86.1839
70315	10288	3	1	229.255	331.082	88.1014
70318	10288	1	1	229.255	331.082	95.9733
70319	10288	3	0	651.255	343.082	96.7736
70326	10288	1	0	651.255	343.082	103.077
70327	10288	3	0	651.255	343.082	103.427
70328	10288	1	0	651.255	343.082	103.661
70329	10288	3	1	202.255	362.082	104.545
70335	10288	1	1	202.255	362.082	111.065
70336	10288	3	0	660.255	350.082	112.149
70351	10288	1	0	660.255	350.082	172.652
70352	10288	3	1	244.255	343.082	174.237
70357	10288	1	1	244.255	343.082	187.112
70358	10288	3	0	674.255	363.082	188.03
70361	10288	1	0	674.255	363.082	192.099
70362	10288	3	1	188.255	318.082	192.833
70363	10288	1	1	188.255	318.082	194.383
70364	10288	3	0	682.255	354.082	195.668
70371	10288	1	0	682.255	354.082	220.516
70372	10288	3	1	147.255	350.082	221.033
70373	10288	1	1	147.255	350.082	221.434
70374	10288	3	1	160.255	347.082	221.817
70375	10288	1	1	160.255	347.082	234.192
70376	10288	3	0	711.255	356.082	235.042
70377	10288	1	0	711.255	356.082	235.509
70378	10288	3	0	679.255	341.082	235.843
70397	10288	1	0	679.255	341.082	282.389
70398	10288	3	1	241.255	347.082	282.956
70413	10288	1	1	241.255	347.082	317.361
70414	10288	3	0	657.255	360.082	318.012
70433	10288	1	0	657.255	360.082	358.888
70434	10288	3	0	657.255	360.082	359.371
70437	10288	1	0	657.255	360.082	363.591
70438	10288	3	1	212.255	353.082	364.508
70444	10288	1	1	212.255	353.082	374.729
70445	10288	3	0	665.255	343.082	375.647
70458	10288	1	0	665.255	343.082	394.724
70459	10288	3	0	656.255	334.082	396.859
70472	10288	1	0	656.255	334.082	409.251
70473	10288	3	1	196.255	319.082	409.984
70496	10288	1	1	196.255	319.082	580.637
70497	10288	3	0	696.255	133.082	581.221
70520	10288	1	0	696.255	133.082	608.874
70521	10288	3	0	686.255	156.082	610.225
70524	10288	1	0	686.255	156.082	613.41
70525	10288	3	1	231.255	159.082	613.844
70526	10288	1	1	231.255	159.082	614.278
70527	10288	3	1	231.255	215.082	614.594
70539	10288	1	1	231.255	215.082	662.796
70540	10288	3	1	231.255	241.082	663.229
70547	10288	1	1	231.255	241.082	673.587
70548	10288	3	1	241.255	277.082	673.887
70558	10288	1	1	241.255	277.082	835.397
70559	10288	3	0	654.255	328.082	836.414
70566	10288	1	0	654.255	328.082	860.246
70567	10288	3	1	149.255	316.082	860.78
70568	10288	1	1	149.255	316.082	861.147
70569	10288	3	0	634.255	330.082	861.814
70572	10288	1	0	634.255	330.082	863.565
70573	10288	3	0	649.255	335.082	864.032
70291	10289	1	0	538.558	64.7442	6.58758
70292	10289	3	0	505.558	77.7442	6.85425
70407	10289	1	0	505.558	77.7442	302.468
70408	10289	3	1	46.5584	91.7442	303.168
70411	10289	1	1	46.5584	91.7442	314.676
70412	10289	3	0	546.558	72.7442	315.477
70504	10289	1	0	546.558	72.7442	595.998
70505	10289	3	1	363.558	61.7442	597.9
70518	10289	1	1	363.558	61.7442	608.29
70519	10289	3	0	641.558	65.7442	608.59
70528	10289	1	0	641.558	65.7442	616.213
70529	10289	3	0	637.558	221.744	616.446
70551	10289	1	0	637.558	221.744	676.439
70552	10289	3	0	670.558	221.744	676.773
70287	10290	1	0	593.236	238.477	5.05304
70288	10290	3	0	518.236	331.477	5.50342
70454	10290	1	0	518.236	331.477	388.821
70455	10290	3	1	57.2356	252.477	389.805
70468	10290	1	1	57.2356	252.477	406.482
70469	10290	3	0	549.236	208.477	407.116
70502	10290	1	0	549.236	208.477	594.23
70503	10290	3	0	538.236	226.477	595.548
70508	10290	1	0	538.236	226.477	600.535
70509	10290	3	1	148.236	238.477	602.036
70510	10290	1	1	148.236	238.477	603.82
70511	10290	3	0	570.236	265.477	604.537
70532	10290	1	0	570.236	265.477	618.764
70533	10290	2	1	106.236	199.477	619.365
70534	10290	3	0	498.211	228.396	619.731
70549	10290	1	0	498.211	228.396	674.538
70550	10290	3	0	534.211	216.396	675.221
70301	10291	1	0	775.689	317.634	10.7397
70302	10291	3	0	847.689	78.6339	11.4234
70307	10291	1	0	847.689	78.6339	77.2617
70308	10291	3	0	867.689	141.634	77.5953
70395	10291	1	0	867.689	141.634	260.608
70396	10291	3	0	867.689	122.634	261.009
70506	10291	1	0	867.689	122.634	599.017
70507	10291	3	1	341.689	329.634	599.951
70514	10291	1	1	341.689	329.634	606.389
70515	10291	3	0	556.689	393.634	606.639
70560	10291	1	0	556.689	393.634	837.948
70561	10291	3	0	860.689	81.6339	838.482
70576	10291	1	0	860.689	81.6339	974.125
70577	10291	3	1	328.689	102.634	975.159
70578	10291	1	1	328.689	102.634	976.443
70579	10291	3	0	855.689	100.634	977.378
70293	10292	1	0	675.403	201.714	7.27136
70294	10292	3	0	656.403	258.714	7.50476
70303	10292	1	0	656.403	258.714	75.5275
70304	10292	3	0	839.403	332.714	76.2112
70391	10292	1	0	839.403	332.714	259.074
70392	10292	3	0	835.403	310.714	259.391
70409	10292	1	0	835.403	310.714	309.472
70410	10292	3	0	810.403	312.714	312.758
70462	10292	1	0	810.403	312.714	400.612
70463	10292	3	0	820.403	311.714	402.079
70500	10292	1	0	820.403	311.714	590.744
70501	10292	3	0	788.403	336.714	592.429
70553	10292	1	0	788.403	336.714	677.69
70554	10292	2	1	266.402	165.714	678.691
70555	10292	3	0	499.722	199.588	678.974
70556	10292	1	0	499.722	199.588	679.708
70557	10292	3	0	823.722	361.588	680.392
70297	10293	1	0	773.086	459.291	8.70538
70298	10293	3	0	825.086	436.291	9.15564
70492	10293	1	0	825.086	436.291	548.847
70493	10293	3	1	290.086	219.291	549.847
70494	10293	1	1	290.086	219.291	550.581
70495	10293	3	1	288.086	192.291	551.165
70516	10293	1	1	288.086	192.291	607.123
70517	10293	3	0	695.086	69.2908	607.573
70530	10293	1	0	695.086	69.2908	617.163
70531	10293	3	0	672.086	107.291	618.281
70535	10293	1	0	672.086	107.291	620.115
70536	10293	3	1	388.086	130.291	620.716
70574	10293	1	1	388.086	130.291	875.006
70575	10293	3	0	753.086	96.2908	875.723
70299	10294	1	0	844.943	336.758	9.57269
70300	10294	3	0	831.943	240.758	10.1398
70305	10294	1	0	831.943	240.758	76.528
70306	10294	3	0	864.943	237.758	76.8115
70393	10294	1	0	864.943	237.758	259.991
70394	10294	3	0	862.943	228.758	260.241
70490	10294	1	0	862.943	228.758	543.376
70491	10294	3	1	382.943	200.758	544.026
70512	10294	1	1	382.943	200.758	604.971
70513	10294	3	0	863.943	176.758	605.838
70537	10294	1	0	863.943	176.758	622.634
70538	10294	3	1	81.9426	233.758	623.535
70545	10294	1	1	81.9426	233.758	670.568
70546	10294	3	1	81.9426	215.758	670.902
72519	10441	1	0	546.492	449.105	8.17139
72520	10441	3	0	678.492	379.105	8.82166
72543	10441	1	0	678.492	379.105	32.7186
72544	10441	3	0	669.492	361.105	33.7692
72572	10441	1	0	669.492	361.105	52.8965
72573	10441	3	0	663.492	403.105	53.3468
72608	10441	1	0	663.492	403.105	327.812
72609	10441	3	0	662.492	403.105	329.596
72616	10441	1	0	662.492	403.105	399.471
72617	10441	3	0	659.492	394.105	401.339
72636	10441	1	0	659.492	394.105	431.573
72637	10441	3	1	185.492	359.105	432.707
72545	10442	1	0	599.656	197.268	35.7535
72546	10442	3	0	665.656	224.268	36.6039
72574	10442	1	0	665.656	224.268	53.6804
72575	10442	3	0	660.656	288.268	53.9805
72618	10442	1	0	660.656	288.268	405.257
72619	10442	3	0	672.656	258.268	406.975
72624	10442	1	0	672.656	258.268	415.097
72625	10442	3	0	665.656	249.268	416.815
72630	10442	1	0	665.656	249.268	424.335
72631	10442	3	0	639.656	244.268	425.853
72652	10442	1	0	639.656	244.268	516.275
72653	10442	3	0	651.656	179.268	518.71
72658	10442	1	0	651.656	179.268	523.08
72659	10442	3	0	633.656	184.268	529.701
72666	10442	1	0	633.656	184.268	536.839
72667	10442	3	0	649.656	52.2677	537.773
72668	10442	1	0	649.656	52.2677	542.36
72669	10442	3	0	649.656	58.2677	542.844
72670	10442	1	0	649.656	58.2677	545.662
72671	10442	3	0	646.656	406.268	553.102
72674	10442	1	0	646.656	406.268	554.386
72675	10442	3	0	646.656	354.268	554.87
72512	10443	1	0	583.009	392.432	3.82819
72513	10443	3	0	752.009	342.432	4.11932
72535	10443	1	0	752.009	342.432	21.0776
72536	10443	3	0	524.009	174.432	22.1782
72537	10444	1	0	791.536	52.9637	22.9452
72538	10444	3	0	495.536	46.9637	23.5287
72628	10444	1	0	495.536	46.9637	422.334
72629	10444	3	1	53.5356	59.9637	423.601
72688	10444	1	1	53.5356	59.9637	575.518
72689	10444	3	0	545.536	52.9637	576.401
72523	10445	1	0	553.104	270.348	11.4565
72524	10445	3	0	517.104	373.348	12.4902
72606	10445	1	0	517.104	373.348	318.44
72607	10445	3	1	52.1041	321.348	319.741
72654	10445	1	1	52.1041	321.348	520.478
72655	10445	3	0	522.104	351.348	521.195
72694	10445	1	0	522.104	351.348	579.77
72695	10445	3	1	61.1041	262.348	581.488
72521	10446	1	0	722.557	270.812	9.60535
72522	10446	3	0	515.557	468.812	10.4392
72604	10446	1	0	515.557	468.812	317.157
72605	10446	3	1	55.5575	428.812	317.923
72656	10446	1	1	55.5575	428.812	521.762
72657	10446	3	0	531.557	442.812	522.446
72692	10446	1	0	531.557	442.812	578.369
72693	10446	3	1	77.5575	387.812	579.12
72514	10447	1	0	559.304	206.75	4.48621
72515	10447	2	0	826.304	47.7498	5.36981
72516	10447	3	0	817.957	56.2064	5.38654
72527	10447	1	0	817.957	56.2064	14.4243
72528	10447	3	0	804.957	86.2064	15.1247
72547	10447	1	0	804.957	86.2064	38.3553
72548	10447	3	0	615.957	24.2064	39.1058
72557	10447	1	0	615.957	24.2064	45.2924
72558	10447	3	0	636.957	43.2064	45.876
72570	10447	1	0	636.957	43.2064	52.0292
72571	10447	3	0	648.957	105.206	52.5127
72576	10447	1	0	648.957	105.206	54.314
72577	10447	3	0	642.957	156.206	55.0977
72586	10447	1	0	642.957	156.206	246.535
72587	10447	3	1	209.957	183.206	247.436
72590	10447	1	1	209.957	183.206	253.205
72591	10447	3	1	173.957	210.206	253.522
72664	10447	1	1	173.957	210.206	535.339
72665	10447	3	0	627.957	221.206	536.306
72672	10447	1	0	627.957	221.206	553.569
72673	10447	3	0	634.957	192.206	553.902
72678	10447	1	0	634.957	192.206	560.607
72679	10447	3	0	632.957	212.206	561.908
72541	10448	1	0	762.254	182.695	31.251
72542	10448	3	0	754.254	262.695	31.5012
72553	10448	1	0	754.254	262.695	41.3234
72554	10448	3	0	790.254	364.695	41.9073
72561	10448	1	0	790.254	364.695	48.2274
72562	10448	3	0	790.254	385.695	48.4441
72578	10448	1	0	790.254	385.695	55.5644
72579	10448	3	0	616.254	13.6946	56.3816
72592	10448	1	0	616.254	13.6946	254.173
72593	10448	3	1	170.254	61.6946	255.958
72648	10448	1	1	170.254	61.6946	506.251
72649	10448	3	0	634.254	45.6946	507.018
72660	10448	1	0	634.254	45.6946	531.252
72661	10448	3	1	173.254	48.6946	532.153
72517	10449	1	0	636.917	63.9775	6.4707
72518	10449	3	0	640.917	46.9775	7.23785
72549	10449	1	0	640.917	46.9775	39.5392
72550	10449	3	0	741.917	20.9775	40.1896
72567	10449	1	0	741.917	20.9775	50.595
72568	10449	2	0	784.917	-3.02246	51.3955
72569	10449	3	0	778.118	7.46838	51.4122
72584	10449	1	0	778.118	7.46838	58.4661
72585	10449	3	0	778.118	76.4684	58.9998
72588	10449	1	0	778.118	76.4684	249.987
72589	10449	3	1	320.118	67.4684	252.772
72600	10449	1	1	320.118	67.4684	308.769
72601	10449	3	0	805.118	46.4684	309.419
72602	10449	1	0	805.118	46.4684	311.22
72603	10449	3	1	294.118	61.4684	312.071
72610	10449	1	1	294.118	61.4684	337.4
72611	10449	3	0	773.118	49.4684	338.217
72638	10449	1	0	773.118	49.4684	447.431
72639	10449	2	1	312.118	23.4684	448.448
72640	10449	3	0	501.005	125.718	448.715
72641	10449	1	0	501.005	125.718	449.365
72642	10449	3	0	792.005	41.7181	450.366
72643	10449	1	0	792.005	41.7181	501.948
72644	10449	2	1	301.005	52.7181	503.082
72645	10449	3	0	496.17	138.613	503.349
72646	10449	1	0	496.17	138.613	504.733
72647	10449	3	0	763.17	29.6126	505.484
72650	10449	1	0	763.17	29.6126	507.302
72651	10449	3	1	305.17	56.6126	508.319
72662	10449	1	1	305.17	56.6126	533.521
72663	10449	3	1	305.17	44.6126	533.954
72682	10449	1	1	305.17	44.6126	566.811
72683	10449	3	0	765.17	36.6126	568.112
72509	10450	1	0	530.171	311.957	2.21845
72510	10450	2	0	849.171	389.957	2.98566
72511	10450	3	0	821.812	364.889	3.03546
72551	10450	1	0	821.812	364.889	40.8732
72552	10450	3	0	817.812	355.889	40.9899
72555	10450	1	0	817.812	355.889	42.5407
72556	10450	3	0	792.812	211.889	44.4252
72563	10450	1	0	792.812	211.889	48.811
72564	10450	3	0	793.812	255.889	49.1112
72580	10450	1	0	793.812	255.889	56.8151
72581	10450	3	0	810.812	380.889	57.2655
72622	10450	1	0	810.812	380.889	412.512
72623	10450	3	1	335.812	378.889	414.363
72626	10450	1	1	335.812	378.889	418.065
72627	10450	3	0	820.812	372.889	418.749
72632	10450	1	0	820.812	372.889	427.704
72633	10450	3	1	345.812	351.889	428.921
72634	10450	1	1	345.812	351.889	430.239
72635	10450	3	0	799.812	376.889	431.106
72680	10450	1	0	799.812	376.889	562.492
72681	10450	3	0	790.812	369.889	565.127
72686	10450	1	0	790.812	369.889	569.78
72687	10450	3	0	785.812	376.889	574.767
72690	10450	1	0	785.812	376.889	577.002
72691	10450	3	1	316.812	356.889	577.736
72525	10451	1	0	516.291	90.6784	13.4571
72526	10451	3	0	522.291	124.678	13.9741
72531	10451	1	0	522.291	124.678	16.9255
72532	10451	3	0	658.291	127.678	17.559
72533	10451	1	0	658.291	127.678	19.6266
72534	10451	3	0	670.291	207.678	20.1437
72539	10451	1	0	670.291	207.678	27.0145
72540	10451	3	0	799.291	34.6784	27.7649
72559	10451	1	0	799.291	34.6784	47.2935
72560	10451	3	0	800.291	82.6784	47.7939
72565	10451	1	0	800.291	82.6784	49.4946
72566	10451	3	0	788.291	103.678	50.1614
72582	10451	1	0	788.291	103.678	57.6322
72583	10451	3	0	782.291	244.678	58.049
72594	10451	1	0	782.291	244.678	304
72595	10451	3	1	315.291	207.678	304.617
72596	10451	1	1	315.291	207.678	305.134
72597	10451	3	1	315.291	213.678	305.585
72598	10451	1	1	315.291	213.678	307.702
72599	10451	3	0	773.291	237.678	308.385
72612	10451	1	0	773.291	237.678	342.503
72613	10451	3	1	335.291	195.678	343.437
72614	10451	1	1	335.291	195.678	395.836
72615	10451	3	1	318.291	194.678	396.285
72620	10451	1	1	318.291	194.678	410.844
72621	10451	3	0	797.291	203.678	411.461
72676	10451	1	0	797.291	203.678	557.672
72677	10451	3	0	791.291	206.678	559.456
72684	10451	1	0	791.291	206.678	568.529
72685	10451	3	1	303.291	201.678	569.196
72696	10451	1	1	303.291	201.678	668.784
72697	10451	3	1	302.291	204.678	669.718
72529	10452	1	0	628.615	472.768	15.9417
72530	10452	3	0	506.616	278.768	16.5588
76671	10810	1	0	602.993	59.7161	8.48853
76672	10810	3	0	551.993	340.716	9.30566
76715	10810	1	0	551.993	340.716	218.041
76716	10810	3	1	74.9927	302.716	219.308
76721	10810	1	1	74.9927	302.716	239.553
76722	10810	3	0	565.993	270.716	240.336
76749	10810	1	0	565.993	270.716	282.327
76750	10810	3	1	116.993	249.716	284.145
76751	10810	1	1	116.993	249.716	284.845
76752	10810	3	1	96.9927	248.716	285.262
76753	10810	1	1	96.9927	248.716	288.331
76754	10810	3	1	93.9927	285.716	288.664
76761	10810	1	1	93.9927	285.716	292.65
76762	10810	3	0	506.993	271.716	293.334
76767	10810	1	0	506.993	271.716	296.085
76768	10810	3	0	548.993	265.716	296.853
76794	10810	1	0	548.993	265.716	347.466
76795	10810	3	0	548.993	263.716	350.584
76822	10810	1	0	548.993	263.716	384.221
76823	10810	3	1	171.993	251.716	384.888
76826	10810	1	1	171.993	251.716	387.456
76827	10810	3	0	515.993	265.716	388.29
76906	10810	1	0	515.993	265.716	506.278
76907	10810	3	1	69.9927	273.716	507.362
76673	10814	1	0	504.665	109.394	12.7241
76674	10814	2	0	798.665	-16.6065	13.1577
76675	10814	3	0	777.368	15.1697	13.2078
76696	10814	1	0	777.368	15.1697	33.769
76697	10814	3	0	795.368	84.1697	34.4024
76806	10814	1	0	795.368	84.1697	366.343
76807	10814	3	1	175.368	73.1697	367.127
76808	10814	1	1	175.368	73.1697	372.713
76809	10814	2	0	818.368	59.1697	373.563
76810	10814	3	0	801.854	73.528	373.597
76896	10814	1	0	801.854	73.528	491.334
76897	10814	3	1	307.854	63.528	492.918
76908	10814	1	1	307.854	63.528	658.805
76909	10814	3	0	792.854	52.528	660.023
76669	10816	1	0	500.749	312.524	6.98761
76670	10816	3	0	814.749	244.524	7.57129
76694	10816	1	0	814.749	244.524	32.6518
76695	10816	3	0	811.749	230.524	33.1688
76702	10816	1	0	811.749	230.524	199.546
76703	10816	3	1	328.749	237.524	200.53
76713	10816	1	1	328.749	237.524	212.821
76714	10816	3	0	789.749	245.524	213.955
76717	10816	1	0	789.749	245.524	221.209
76718	10816	3	1	322.749	239.524	222.727
76723	10816	1	1	322.749	239.524	246.09
76724	10816	3	1	325.749	239.524	246.757
76725	10816	1	1	325.749	239.524	248.075
76726	10816	3	0	809.749	239.524	249.392
76811	10816	1	0	809.749	239.524	374.231
76812	10816	3	1	309.749	206.524	375.215
76813	10816	1	1	309.749	206.524	375.632
76814	10816	3	1	322.749	200.524	375.999
76830	10816	1	1	322.749	200.524	391.341
76831	10816	3	0	807.749	239.524	392.776
76834	10816	1	0	807.749	239.524	401.798
76835	10816	2	1	345.749	226.524	402.983
76836	10816	3	1	337.53	225.787	403
76837	10816	1	1	337.53	225.787	403.4
76838	10816	3	1	331.53	224.787	404.05
76839	10816	1	1	331.53	224.787	407.552
76840	10816	3	0	798.529	236.787	409.07
76856	10816	1	0	798.529	236.787	430.866
76857	10816	3	1	339.53	229.787	431.483
76862	10816	1	1	339.53	229.787	436.719
76863	10816	3	0	754.529	223.787	437.486
76868	10816	1	0	754.529	223.787	440.004
76869	10816	3	0	764.529	223.787	440.405
76887	10816	1	0	764.529	223.787	485.597
76888	10816	2	1	342.53	215.787	486.314
76889	10816	3	0	494.894	213.995	486.53
76890	10816	1	0	494.894	213.995	487.114
76891	10816	3	0	791.894	234.995	488.148
76667	10819	1	0	867.336	304.632	5.67017
76668	10819	3	0	554.336	457.632	6.55402
76698	10819	1	0	554.336	457.632	148.286
76699	10819	3	1	72.3361	416.632	149.153
76735	10819	1	1	72.3361	416.632	258.781
76736	10819	3	0	545.336	407.632	259.931
76737	10819	1	0	545.336	407.632	261.933
76738	10819	3	1	105.336	401.632	262.766
76755	10819	1	1	105.336	401.632	289.014
76756	10819	3	0	560.336	296.632	289.732
76759	10819	1	0	560.336	296.632	291.599
76760	10819	3	1	83.3361	380.632	292.333
76796	10819	1	1	83.3361	380.632	351.918
76797	10819	3	0	562.336	383.632	353.269
76798	10819	1	0	562.336	383.632	353.753
76799	10819	3	0	562.336	383.632	354.37
76824	10819	1	0	562.336	383.632	385.471
76825	10819	3	0	517.336	381.632	386.805
76870	10819	1	0	517.336	381.632	453.712
76871	10819	3	1	71.3361	399.632	454.446
76880	10819	1	1	71.3361	399.632	479.61
76881	10819	3	0	525.336	376.632	480.444
76904	10819	1	0	525.336	376.632	504.96
76905	10819	3	1	54.3361	396.632	505.627
76686	10821	1	0	765.489	375.131	23.4966
76687	10821	3	0	690.489	400.131	24.3137
76709	10821	1	0	690.489	400.131	207.367
76710	10821	3	1	225.489	400.131	208.435
76711	10821	1	1	225.489	400.131	211.453
76712	10821	3	0	680.489	400.131	212.237
76733	10821	1	0	680.489	400.131	254.161
76734	10821	3	1	210.489	394.131	255.195
76788	10821	1	1	210.489	394.131	337.426
76789	10821	3	0	685.489	385.131	338.477
76902	10821	1	0	685.489	385.131	503.993
76903	10821	3	1	379.489	382.131	504.577
76914	10821	1	1	379.489	382.131	677.218
76915	10821	3	0	498.489	377.131	677.502
76918	10821	1	0	498.489	377.131	680.187
76919	10821	3	0	534.489	363.131	681.438
76684	10824	1	0	663.207	403.335	22.6797
76685	10824	3	0	768.207	150.335	23.0299
76692	10824	1	0	768.207	150.335	30.6673
76693	10824	3	0	818.207	391.335	31.468
76704	10824	1	0	818.207	391.335	204.383
76705	10824	2	1	323.207	391.335	205.266
76706	10824	3	0	497.894	303.861	205.5
76707	10824	1	0	497.894	303.861	206.133
76708	10824	3	0	823.894	400.861	206.917
76727	10824	1	0	823.894	400.861	249.742
76728	10824	3	1	359.894	370.861	250.626
76852	10824	1	1	359.894	370.861	428.365
76853	10824	3	0	791.894	383.861	429.098
76882	10824	1	0	791.894	383.861	481.244
76883	10824	2	1	359.894	359.861	481.961
76884	10824	3	0	499.765	295.846	482.161
76885	10824	1	0	499.765	295.846	482.712
76886	10824	3	0	811.765	376.846	483.729
76912	10824	1	0	811.765	376.846	674.783
76913	10824	3	0	811.765	376.846	675.2
76916	10824	1	0	811.765	376.846	677.935
76917	10824	3	1	333.765	338.846	678.486
76676	10828	1	0	690.806	79.6689	13.7414
76677	10828	3	0	548.806	213.669	14.9919
76719	10828	1	0	548.806	213.669	236.318
76720	10828	3	1	84.8062	176.669	237.468
76739	10828	1	1	84.8062	176.669	263.533
76740	10828	3	1	92.8062	99.6689	265.734
76741	10828	1	1	92.8062	99.6689	266.618
76742	10828	3	0	561.806	178.669	267.869
76743	10828	1	0	561.806	178.669	269.82
76744	10828	3	0	561.806	178.669	270.337
76757	10828	1	0	561.806	178.669	290.065
76758	10828	3	0	541.806	181.669	291.266
76763	10828	1	0	541.806	181.669	293.717
76764	10828	3	0	562.806	140.669	295.118
76765	10828	1	0	562.806	140.669	295.218
76766	10828	3	0	550.806	146.669	295.702
76792	10828	1	0	550.806	146.669	344.23
76793	10828	3	0	539.806	158.669	346.749
76858	10828	1	0	539.806	158.669	433.434
76859	10828	3	1	70.8062	176.669	434.135
76860	10828	1	1	70.8062	176.669	435.569
76861	10828	3	0	531.806	160.669	436.369
76874	10828	1	0	531.806	160.669	471.239
76875	10828	3	1	68.8062	207.669	472.039
76876	10828	1	1	68.8062	207.669	474.074
76877	10828	3	0	521.806	137.669	475.058
76665	10831	1	0	654.244	403.789	4.88654
76666	10831	3	0	607.244	157.79	5.11993
76680	10831	1	0	607.244	157.79	18.1935
76681	10831	3	0	601.244	157.79	18.4604
76682	10831	1	0	601.244	157.79	18.6772
76683	10831	3	0	550.244	70.7895	19.7278
76747	10831	1	0	550.244	70.7895	280.927
76748	10831	3	1	96.2441	97.7895	281.71
76778	10831	1	1	96.2441	97.7895	324.303
76779	10831	3	0	565.244	42.7895	325.103
76780	10831	1	0	565.244	42.7895	325.62
76781	10831	3	0	560.244	39.7895	326.12
76782	10831	1	0	560.244	39.7895	326.687
76783	10831	3	0	557.244	37.7895	327.104
76784	10831	1	0	557.244	37.7895	327.688
76785	10831	3	0	555.244	37.7895	328.071
76786	10831	1	0	555.244	37.7895	329.838
76787	10831	3	0	543.244	40.7895	334.308
76800	10831	1	0	543.244	40.7895	358.856
76801	10831	3	0	541.244	49.7895	360.573
76820	10831	1	0	541.244	49.7895	379.35
76821	10831	3	1	172.244	73.7895	379.984
76828	10831	1	1	172.244	73.7895	389.423
76829	10831	3	0	546.244	51.7895	390.524
76832	10831	1	0	546.244	51.7895	399.33
76833	10831	3	1	72.2441	75.7895	400.314
76900	10831	1	1	72.2441	75.7895	496.187
76901	10831	3	0	526.244	20.7895	497.188
76678	10834	1	0	500.571	60.0029	16.0591
76679	10834	3	0	649.571	35.0029	16.6927
76690	10834	1	0	649.571	35.0029	28.1158
76691	10834	3	0	664.571	65.0029	29.1163
76700	10834	1	0	664.571	65.0029	196.978
76701	10834	3	1	208.571	97.0029	197.896
76772	10834	1	1	208.571	97.0029	316.649
76773	10834	3	0	665.571	81.0029	317.716
76790	10834	1	0	665.571	81.0029	340.428
76791	10834	3	1	189.571	80.0029	342.079
76802	10834	1	1	189.571	80.0029	363.675
76803	10834	3	0	640.571	71.0029	364.459
76815	10834	1	0	640.571	71.0029	376.465
76816	10834	2	1	171.571	66.0029	377.216
76817	10834	3	0	499.612	171.194	377.566
76818	10834	1	0	499.612	171.194	378.133
76819	10834	3	0	663.612	96.1944	378.717
76841	10834	1	0	663.612	96.1944	414.673
76842	10834	3	1	170.611	69.1944	415.357
76848	10834	1	1	170.611	69.1944	419.092
76849	10834	3	0	663.612	81.1944	419.976
76854	10834	1	0	663.612	81.1944	429.665
76855	10834	3	1	221.611	62.1944	430.216
76864	10834	1	1	221.611	62.1944	438.17
76865	10834	3	0	676.612	66.1944	438.87
76878	10834	1	0	676.612	66.1944	475.958
76879	10834	3	1	234.611	78.1944	477.259
76892	10834	1	1	234.611	78.1944	489.332
76893	10834	3	1	207.611	75.1944	489.699
76894	10834	1	1	207.611	75.1944	490.016
76895	10834	3	0	656.612	79.1944	490.833
76910	10834	1	0	656.612	79.1944	663.609
76911	10834	3	1	174.611	85.1944	664.776
76663	10837	1	0	625.049	435.591	4.21948
76664	10837	3	0	743.049	189.591	4.51947
76688	10837	1	0	743.049	189.591	26.1313
76689	10837	3	0	675.049	253.591	26.9988
76729	10837	1	0	675.049	253.591	251.109
76730	10837	3	1	232.049	250.591	252.36
76731	10837	1	1	232.049	250.591	252.727
76732	10837	3	0	663.049	244.591	253.744
76745	10837	1	0	663.049	244.591	274.939
76746	10837	3	0	669.049	247.591	277.424
76769	10837	1	0	669.049	247.591	314.847
76770	10837	2	1	166.049	251.591	315.548
76771	10837	3	0	500.143	236.842	315.898
76774	10837	1	0	500.143	236.842	318.116
76775	10837	3	1	177.143	236.842	319.083
76776	10837	1	1	177.143	236.842	320.301
76777	10837	3	1	200.143	237.842	320.834
76804	10837	1	1	200.143	237.842	365.042
76805	10837	3	0	667.143	240.842	365.859
76843	10837	1	0	667.143	240.842	415.857
76844	10837	2	1	191.143	229.842	416.641
76845	10837	3	0	500.077	229.449	416.974
76846	10837	1	0	500.077	229.449	417.875
76847	10837	3	0	691.077	258.449	418.375
76850	10837	1	0	691.077	258.449	420.409
76851	10837	3	0	676.077	228.449	420.893
76866	10837	1	0	676.077	228.449	439.187
76867	10837	3	0	661.077	228.449	439.505
76872	10837	1	0	661.077	228.449	466.669
76873	10837	3	1	219.077	246.449	467.487
76898	10837	1	1	219.077	246.449	494.587
76899	10837	3	1	186.077	249.449	495.153
78319	10997	1	0	515.122	149.12	11.54
78320	10997	2	0	806.122	2.11981	12.007
78321	10997	3	0	799.174	13.2353	12.0237
78326	10997	1	0	799.174	13.2353	16.0765
78327	10997	3	0	671.174	393.235	17.1273
78394	10997	1	0	671.174	393.235	145.363
78395	10997	3	0	689.174	393.235	145.697
78428	10997	1	0	689.174	393.235	180.531
78429	10997	3	1	237.174	381.235	181.281
78430	10997	1	1	237.174	381.235	183.232
78431	10997	3	0	671.174	384.235	184.165
78434	10997	1	0	671.174	384.235	185.85
78435	10997	3	1	238.174	362.235	186.5
78436	10997	1	1	238.174	362.235	186.833
78437	10997	3	1	219.174	362.235	187.317
78484	10997	1	1	219.174	362.235	313.621
78485	10997	3	0	707.174	87.2354	314.438
78488	10997	1	0	707.174	87.2354	317.089
78489	10997	3	1	229.174	375.235	318.373
78313	10998	1	0	541.107	309.683	6.93713
78314	10998	3	0	667.107	69.683	7.47089
78340	10998	1	0	667.107	69.683	26.9993
78341	10998	3	0	772.107	29.683	27.6497
78350	10998	1	0	772.107	29.683	34.6704
78351	10998	3	0	834.107	59.683	35.254
78410	10998	1	0	834.107	59.683	162.939
78411	10998	3	1	393.108	42.683	163.889
78412	10998	1	1	393.108	42.683	164.406
78413	10998	3	0	809.107	36.683	165.123
78440	10998	1	0	809.107	36.683	189.718
78441	10998	3	1	404.108	32.683	191.652
78442	10998	1	1	404.108	32.683	192.119
78443	10998	3	0	821.107	33.683	192.969
78456	10998	1	0	821.107	33.683	206.528
78457	10998	3	1	376.108	31.683	207.312
78512	10998	1	1	376.108	31.683	432.185
78513	10998	3	1	377.108	45.683	432.568
78514	10998	1	1	377.108	45.683	448.359
78515	10998	3	0	501.108	49.683	448.876
78328	10999	1	0	739.98	356.812	18.0111
78329	10999	3	0	842.98	26.8123	18.9783
78346	10999	1	0	842.98	26.8123	32.1525
78347	10999	3	0	839.98	236.812	33.1029
78364	10999	1	0	839.98	236.812	108.643
78365	10999	3	1	372.98	207.812	109.61
78370	10999	1	1	372.98	207.812	116.147
78371	10999	3	0	811.98	207.812	117.014
78380	10999	1	0	811.98	207.812	126.853
78381	10999	3	1	395.98	195.812	127.52
78382	10999	1	1	395.98	195.812	133.107
78383	10999	3	0	787.98	216.812	133.841
78400	10999	1	0	787.98	216.812	150.399
78401	10999	3	1	392.98	185.812	151.416
78309	11000	1	0	528.485	231.641	3.71875
78310	11000	3	0	504.485	378.641	5.16962
78352	11000	1	0	504.485	378.641	97.486
78353	11000	3	1	64.4854	350.641	98.9033
78396	11000	1	1	64.4854	350.641	146.331
78397	11000	3	0	507.485	358.641	147.031
78418	11000	1	0	507.485	358.641	172.427
78419	11000	3	1	43.4854	362.641	174.094
78420	11000	1	1	43.4854	362.641	175.078
78421	11000	3	1	51.4854	352.641	175.979
78494	11000	1	1	51.4854	352.641	348.989
78495	11000	3	0	521.485	353.641	349.673
78508	11000	1	0	521.485	353.641	360.012
78509	11000	3	1	57.4854	320.641	360.695
78322	11001	1	0	714.558	246.316	12.3405
78323	11001	3	0	523.558	99.3163	13.9081
78388	11001	1	0	523.558	99.3163	137.726
78389	11001	3	1	47.5579	94.3163	138.459
78446	11001	1	1	47.5579	94.3163	196.271
78447	11001	3	0	525.558	60.3163	197.061
78476	11001	1	0	525.558	60.3163	294.694
78477	11001	3	0	522.558	37.3163	296.311
78486	11001	1	0	522.558	37.3163	314.788
78487	11001	3	0	531.558	22.3163	316.672
78496	11001	1	0	531.558	22.3163	350.473
78497	11001	3	1	110.558	54.3163	351.04
78506	11001	1	1	110.558	54.3163	357.81
78507	11001	3	0	772.558	69.3163	358.528
78518	11001	1	0	772.558	69.3163	450.578
78519	11001	3	1	91.5579	85.3163	451.795
78317	11002	1	0	796.935	9.58929	9.97229
78318	11002	3	0	518.935	237.589	11.0397
78354	11002	1	0	518.935	237.589	99.4705
78355	11002	3	1	47.9347	190.589	100.304
78386	11002	1	1	47.9347	190.589	136.708
78387	11002	3	0	527.935	222.589	137.442
78398	11002	1	0	527.935	222.589	147.348
78399	11002	3	1	65.9347	227.589	148.198
78422	11002	1	1	65.9347	227.589	176.412
78423	11002	3	0	530.935	221.589	177.212
78460	11002	1	0	530.935	221.589	210.697
78461	11002	3	0	507.935	204.589	212.815
78498	11002	1	0	507.935	204.589	351.691
78499	11002	3	0	561.935	217.589	353.408
78500	11002	1	0	561.935	217.589	353.942
78501	11002	3	0	549.935	217.589	354.275
78342	11003	1	0	856.664	461.564	28.7335
78343	11003	3	0	833.664	420.564	29.3838
78362	11003	1	0	833.664	420.564	106.908
78363	11003	3	1	365.664	411.564	107.742
78376	11003	1	1	365.664	411.564	122.583
78377	11003	3	0	811.664	431.564	123.434
78392	11003	1	0	811.664	431.564	141.111
78393	11003	3	1	383.664	397.564	141.962
78490	11003	1	1	383.664	397.564	340.785
78491	11003	3	1	383.664	397.564	341.135
78492	11003	1	1	383.664	397.564	348.172
78493	11003	3	0	705.664	395.564	348.522
78510	11003	1	0	705.664	395.564	361.413
78511	11003	3	1	364.664	373.564	361.88
78516	11003	1	1	364.664	373.564	449.51
78517	11003	3	0	494.664	371.564	449.91
78307	11004	1	0	583.031	459.551	2.56799
78308	11004	3	0	843.031	262.551	3.28516
78334	11004	1	0	843.031	262.551	22.5968
78335	11004	3	0	687.031	199.551	23.514
78358	11004	1	0	687.031	199.551	103.823
78359	11004	3	1	240.031	150.551	104.623
78416	11004	1	1	240.031	150.551	167.674
78417	11004	3	0	656.031	151.551	168.608
78424	11004	1	0	656.031	151.551	178.896
78425	11004	3	0	667.031	151.551	179.247
78470	11004	1	0	667.031	151.551	290.191
78471	11004	3	0	685.031	171.551	291.875
78472	11004	1	0	685.031	171.551	292.392
78473	11004	3	0	659.031	169.551	292.826
78474	11004	1	0	659.031	169.551	293.359
78475	11004	3	0	659.031	160.551	293.843
78480	11004	1	0	659.031	160.551	298.746
78481	11004	3	1	257.031	151.551	299.963
78311	11005	1	0	494.673	339.22	5.91968
78312	11005	3	0	613.673	124.22	6.36987
78332	11005	1	0	613.673	124.22	21.4964
78333	11005	3	0	859.673	140.22	22.33
78348	11005	1	0	859.673	140.22	33.9701
78349	11005	3	0	835.673	148.22	34.2867
78366	11005	1	0	835.673	148.22	110.561
78367	11005	3	1	376.673	127.22	111.861
78368	11005	1	1	376.673	127.22	113.229
78369	11005	3	0	825.673	133.22	115.28
78402	11005	1	0	825.673	133.22	153.084
78403	11005	3	0	811.673	157.22	154.668
78404	11005	1	0	811.673	157.22	154.934
78405	11005	3	0	832.673	136.22	155.568
78408	11005	1	0	832.673	136.22	161.321
78409	11005	3	1	402.673	112.22	162.255
78414	11005	1	1	402.673	112.22	166.023
78415	11005	3	0	830.673	117.22	166.657
78438	11005	1	0	830.673	117.22	188.518
78439	11005	3	1	407.673	105.22	189.168
78444	11005	1	1	407.673	105.22	194.87
78445	11005	3	0	814.673	117.22	195.437
78454	11005	1	0	814.673	117.22	204.927
78455	11005	3	1	408.673	127.22	205.71
78458	11005	1	1	408.673	127.22	207.812
78459	11005	3	0	780.673	125.22	208.545
78464	11005	1	0	780.673	125.22	218.018
78465	11005	3	0	802.673	139.22	219.518
78466	11005	1	0	802.673	139.22	220.069
78467	11005	3	1	248.673	171.22	221.87
78468	11005	1	1	248.673	171.22	287.656
78469	11005	3	0	763.673	174.22	289.64
78482	11005	1	0	763.673	174.22	302.164
78483	11005	3	1	260.673	52.2199	303.298
78315	11006	1	0	557.004	292.147	8.93829
78316	11006	3	0	665.004	145.147	9.33832
78336	11006	1	0	665.004	145.147	24.3311
78337	11006	3	0	836.004	229.147	24.8983
78344	11006	1	0	836.004	229.147	30.3343
78345	11006	3	0	837.004	324.147	31.3184
78372	11006	1	0	837.004	324.147	117.414
78373	11006	3	1	364.004	284.147	118.165
78374	11006	1	1	364.004	284.147	120.282
78375	11006	3	0	815.004	309.147	121.366
78378	11006	1	0	815.004	309.147	123.734
78379	11006	3	1	364.004	298.147	124.401
78384	11006	1	1	364.004	298.147	134.658
78385	11006	3	0	801.004	311.147	135.608
78390	11006	1	0	801.004	311.147	139.644
78391	11006	3	1	361.004	287.147	140.227
78338	11007	1	0	771.129	132.607	25.4319
78339	11007	3	0	679.129	93.6069	26.1323
78360	11007	1	0	679.129	93.6069	105.341
78361	11007	3	1	230.129	40.6069	106.308
78406	11007	1	1	230.129	40.6069	159.487
78407	11007	3	0	651.129	60.6069	160.404
78426	11007	1	0	651.129	60.6069	179.564
78427	11007	3	0	677.129	60.6069	179.914
78448	11007	1	0	677.129	60.6069	197.555
78449	11007	3	1	225.129	68.6069	198.472
78478	11007	1	1	225.129	68.6069	297.628
78479	11007	3	0	679.129	244.607	298.445
78502	11007	1	0	679.129	244.607	354.592
78503	11007	3	1	130.129	225.607	355.726
78504	11007	1	1	130.129	225.607	356.577
78505	11007	3	0	717.129	259.607	357.277
78324	11008	1	0	660.501	424.208	14.9423
78325	11008	3	0	808.501	130.208	15.6429
78330	11008	1	0	808.501	130.208	19.2286
78331	11008	3	0	673.501	298.208	20.4625
78356	11008	1	0	673.501	298.208	101.471
78357	11008	3	1	233.501	280.208	103.039
78432	11008	1	1	233.501	280.208	184.732
78433	11008	3	0	656.501	259.208	185.516
78450	11008	1	0	656.501	259.208	199.924
78451	11008	3	1	243.501	237.208	200.524
78452	11008	1	1	243.501	237.208	203.509
78453	11008	3	0	673.501	249.208	204.343
78462	11008	1	0	673.501	249.208	216.5
78463	11008	3	1	242.501	249.208	217.284
