65263	10035	1	0	745.272	184.229	13.5013
65264	10035	2	0	464.272	67.2288	14.1849
65265	10035	3	0	499.376	93.513	14.2517
65269	10035	1	0	499.376	93.513	15.9695
65270	10035	3	0	668.376	19.513	16.9868
65366	10035	1	0	668.376	19.513	200.356
65367	10035	3	0	668.376	19.513	201.539
65368	10035	1	0	668.376	19.513	203.59
65369	10035	3	0	668.376	19.513	204.324
65370	10035	1	0	668.376	19.513	205.058
65371	10035	3	0	684.376	26.5131	207.726
65384	10035	1	0	684.376	26.5131	221.598
65385	10035	3	0	653.376	32.5131	223.299
65258	10036	1	0	746.822	41.3448	11.6502
65259	10036	2	0	557.822	504.345	12.1504
65260	10036	3	0	579.567	453.422	12.2172
65281	10036	1	0	579.567	453.422	23.9731
65282	10036	3	0	741.567	310.422	25.0901
65285	10036	1	0	741.567	310.422	26.174
65286	10036	2	0	884.567	276.422	26.6909
65287	10036	3	0	854.608	269.831	26.7409
65294	10036	1	0	854.608	269.831	31.5932
65295	10036	3	0	839.608	301.831	32.0936
65304	10036	1	0	839.608	301.831	49.7021
65305	10036	3	0	786.608	285.831	50.519
65306	10036	1	0	786.608	285.831	65.3088
65307	10036	3	1	258.608	285.831	67.4764
65315	10036	1	1	258.608	285.831	87.8348
65316	10036	3	0	807.608	303.831	88.7354
65323	10036	1	0	807.608	303.831	93.8378
65324	10036	3	1	226.608	253.831	94.6716
65327	10036	1	1	226.608	253.831	99.5568
65328	10036	3	0	793.608	292.831	101.874
65329	10036	1	0	793.608	292.831	104.842
65330	10036	3	0	808.608	320.831	105.359
65333	10036	1	0	808.608	320.831	106.96
65334	10036	3	1	213.608	240.831	107.443
65372	10036	1	1	213.608	240.831	209.343
65373	10036	3	1	53.6076	215.831	209.626
65407	10036	1	1	53.6076	215.831	252.146
65408	10036	3	0	711.608	195.831	253.58
65275	10037	1	0	643.627	209.861	19.9045
65276	10037	3	0	667.627	173.861	20.7716
65310	10037	1	0	667.627	173.861	68.9605
65311	10037	3	1	308.627	117.861	69.3941
65374	10037	1	1	308.627	117.861	212.361
65375	10037	3	1	153.627	226.861	212.628
65396	10037	1	1	153.627	226.861	241.875
65397	10037	3	0	591.627	199.861	242.542
65402	10037	1	0	591.627	199.861	248.778
65403	10037	3	1	306.627	140.861	249.212
65261	10038	1	0	792.798	176.938	12.5674
65262	10038	3	0	814.798	377.938	13.051
65277	10038	1	0	814.798	377.938	21.1717
65278	10038	3	0	805.798	161.938	22.0555
65312	10038	1	0	805.798	161.938	69.7943
65313	10038	2	1	198.798	14.9383	74.096
65314	10038	3	0	497.19	145.773	74.4294
65317	10038	1	0	497.19	145.773	89.3524
65318	10038	3	1	220.19	10.7733	90.0862
65321	10038	1	1	220.19	10.7733	92.804
65322	10038	3	0	649.19	186.773	93.3375
65325	10038	1	0	649.19	186.773	95.4221
65326	10038	3	0	588.19	167.773	97.356
65335	10038	1	0	588.19	167.773	108.01
65336	10038	3	1	163.19	50.7733	109.094
65339	10038	1	1	163.19	50.7733	113.729
65340	10038	3	1	165.19	51.7733	115.013
65357	10038	1	1	165.19	51.7733	139.792
65358	10038	3	0	713.19	198.773	141.443
65376	10038	1	0	713.19	198.773	213.145
65377	10038	3	1	181.19	101.773	213.528
65390	10038	1	1	181.19	101.773	230.27
65391	10038	3	0	759.19	204.773	231.087
65404	10038	1	0	759.19	204.773	249.846
65405	10038	2	1	271.19	229.773	250.395
65406	10038	3	0	499.242	223.216	250.679
65415	10038	1	0	499.242	223.216	268.103
65416	10038	3	1	83.2418	235.216	268.704
65256	10039	1	0	781.804	377.257	10.5164
65257	10039	3	0	611.804	26.2572	11.2833
65266	10039	1	0	611.804	26.2572	14.6019
65267	10039	2	0	834.804	-20.7428	15.2856
65268	10039	3	0	800.477	21.3114	15.3524
65361	10039	1	0	800.477	21.3114	173.175
65362	10039	2	0	825.477	31.3114	175.676
65363	10039	3	0	800.45	56.1746	175.726
65364	10039	1	0	800.45	56.1746	176.21
65365	10039	3	0	805.45	23.1747	176.543
65409	10039	1	0	805.45	23.1747	254.331
65410	10039	3	1	70.4498	237.175	255.714
65411	10039	1	1	70.4498	237.175	256.965
65412	10039	3	1	33.4498	198.175	258.049
65413	10039	1	1	33.4498	198.175	265.152
65414	10039	3	0	798.45	79.1747	266.803
65279	10040	1	0	712.135	317.99	22.6057
65280	10040	3	0	529.135	165.99	23.3395
65308	10040	1	0	529.135	165.99	68.0766
65309	10040	3	1	173.135	138.99	68.4766
65331	10040	1	1	173.135	138.99	105.893
65332	10040	3	0	794.135	222.99	106.576
65337	10040	1	0	794.135	222.99	109.978
65338	10040	3	0	641.135	196.99	111.595
65349	10040	1	0	641.135	196.99	128.537
65350	10040	3	0	609.135	197.99	131.822
65378	10040	1	0	609.135	197.99	214.079
65379	10040	3	0	579.135	172.99	215.329
65388	10040	1	0	579.135	172.99	224.233
65389	10040	3	0	535.135	185.99	227.635
65392	10040	1	0	535.135	185.99	231.437
65393	10040	3	0	507.135	198.99	239.124
65394	10040	1	0	507.135	198.99	241.108
65395	10040	3	1	177.135	111.99	241.592
65398	10040	1	1	177.135	111.99	243.142
65399	10040	3	1	150.135	189.99	246.844
65400	10040	1	1	150.135	189.99	247.194
65401	10040	3	1	119.135	108.99	248.195
65254	10041	1	0	575.939	246.904	9.56555
65255	10041	3	0	512.939	211.904	10.1328
65271	10041	1	0	512.939	211.904	17.6536
65272	10041	3	0	542.939	6.90399	18.4037
65296	10041	1	0	542.939	6.90399	35.195
65297	10041	3	0	526.939	27.904	35.7286
65345	10041	1	0	526.939	27.904	118.665
65346	10041	3	0	560.939	63.904	119.983
65347	10041	1	0	560.939	63.904	120.6
65348	10041	3	0	531.939	40.904	120.95
65380	10041	1	0	531.939	40.904	216.63
65381	10041	3	0	552.939	42.904	218.197
65382	10041	1	0	552.939	42.904	219.531
65383	10041	3	0	524.939	62.904	221.248
65386	10041	1	0	524.939	62.904	223.666
65387	10041	3	0	512.939	45.904	223.933
65283	10042	1	0	842.242	309.021	25.3569
65284	10042	3	0	656.242	296.021	25.9405
65290	10042	1	0	656.242	296.021	29.1921
65291	10042	3	0	580.242	295.021	29.7924
65298	10042	1	0	580.242	295.021	45.8835
65299	10042	3	0	504.242	309.021	46.7338
65353	10042	1	0	504.242	309.021	135.64
65354	10042	3	0	538.242	330.021	136.807
65292	10043	1	0	521.516	444.731	30.1425
65293	10043	3	0	748.516	293.731	31.2431
65302	10043	1	0	748.516	293.731	48.7182
65303	10043	3	0	695.516	296.731	49.3184
65319	10043	1	0	695.516	296.731	90.8865
65320	10043	3	0	689.516	320.731	92.2371
65341	10043	1	0	689.516	320.731	116.147
65342	10043	3	1	334.516	229.731	117.048
65343	10043	1	1	334.516	229.731	117.632
65344	10043	3	0	709.516	325.731	118.265
65351	10043	1	0	709.516	325.731	132.372
65352	10043	3	1	369.516	240.731	134.473
65355	10043	1	1	369.516	240.731	137.174
65356	10043	3	0	691.516	329.731	137.841
65359	10043	1	0	691.516	329.731	143.361
65360	10043	3	0	852.516	318.731	144.095
65417	10043	1	0	852.516	318.731	270.104
65418	10043	2	1	238.516	278.731	270.738
65419	10043	3	0	495.249	253.291	271.021
65273	10044	1	0	716.125	220.935	19.1204
65274	10044	3	0	580.125	340.935	19.5541
65288	10044	1	0	580.125	340.935	27.1912
65289	10044	3	0	671.125	289.935	28.442
65300	10044	1	0	671.125	289.935	47.3508
65301	10044	3	0	599.125	301.935	48.0512
65420	10044	1	0	599.125	301.935	272.022
65421	10044	3	1	242.125	260.935	273.806
71909	10375	1	0	646.754	242.163	15.3903
71910	10375	3	0	785.754	180.163	15.9404
71923	10375	1	0	785.754	180.163	22.394
71924	10375	3	0	807.754	166.163	22.7608
71942	10375	1	0	807.754	166.163	35.7676
71943	10375	3	1	250.754	154.163	36.2344
71957	10375	1	1	250.754	154.163	62.5648
71958	10375	3	1	191.754	143.163	62.9151
71905	10376	1	0	650.942	205.855	13.2391
71906	10376	3	0	533.942	18.8552	13.8226
71944	10376	1	0	533.942	18.8552	39.8531
71945	10376	3	1	256.942	22.8552	40.487
71953	10376	1	1	256.942	22.8552	60.7971
71954	10376	3	1	70.942	133.855	61.3474
71895	10377	1	0	674.013	113.591	9.70374
71896	10377	2	0	728.013	-6.409	10.0373
71897	10377	3	0	721.261	15.1014	10.0706
71901	10377	1	0	721.261	15.1014	11.2066
71902	10377	3	0	665.261	18.1014	11.4379
71940	10377	1	0	665.261	18.1014	34.5003
71941	10377	3	0	669.261	23.1014	34.9173
71946	10377	1	0	669.261	23.1014	44.2891
71947	10377	2	0	705.261	-18.8986	45.6396
71948	10377	3	0	698.625	14.3661	45.6896
71949	10377	1	0	698.625	14.3661	46.2899
71950	10377	3	1	317.625	265.366	53.6932
71955	10377	1	1	317.625	265.366	61.8976
71956	10377	3	1	341.625	165.366	62.2979
71959	10377	1	1	341.625	165.366	63.2986
71960	10377	3	1	335.625	139.366	63.6657
71966	10377	1	1	335.625	139.366	79.057
71967	10377	3	0	506.625	47.3661	79.6237
71977	10377	1	0	506.625	47.3661	90.2292
71978	10377	3	0	592.625	13.3661	92.9304
72012	10377	1	0	592.625	13.3661	175.068
72013	10377	3	0	516.625	73.3661	181.421
72016	10377	1	0	516.625	73.3661	186.04
72017	10377	3	1	231.625	83.3661	186.524
72018	10377	1	1	231.625	83.3661	187.159
72019	10377	3	1	305.625	76.3661	187.458
72042	10377	1	1	305.625	76.3661	200.531
72043	10377	3	0	677.625	44.3661	200.781
72063	10377	1	0	677.625	44.3661	247.765
72064	10377	2	1	108.625	28.3661	249.35
72065	10377	3	0	498.258	159.982	249.75
71880	10378	1	0	566.583	139.122	3.4505
71881	10378	3	0	799.583	9.12155	4.6181
71884	10378	1	0	799.583	9.12155	6.23541
71885	10378	2	0	845.583	-23.8785	6.43542
71886	10378	3	0	797.582	32.4551	6.52069
71887	10378	1	0	797.582	32.4551	6.93573
71888	10378	2	0	891.582	64.4551	7.2525
71889	10378	3	0	802.27	116.635	7.40253
71892	10378	1	0	802.27	116.635	9.00342
71893	10378	2	0	836.27	23.6346	9.27026
71894	10378	3	0	801.697	57.4156	9.33698
71898	10378	1	0	801.697	57.4156	10.3875
71899	10378	2	0	859.697	-26.5844	10.7042
71900	10378	3	0	804.112	34.9741	10.8043
71938	10378	1	0	804.112	34.9741	33.5332
71939	10378	3	0	804.112	22.9741	33.8667
71951	10378	1	0	804.112	22.9741	56.3111
71952	10378	3	0	804.112	22.9741	56.8112
71961	10378	1	0	804.112	22.9741	65.1495
71962	10378	2	0	738.112	4.97412	66.6504
71963	10378	3	0	733.707	15.0134	66.6671
71968	10378	1	0	733.707	15.0134	80.1409
71969	10378	3	1	310.707	37.0134	82.2251
71970	10378	1	1	310.707	37.0134	83.3422
71971	10378	3	1	317.707	103.013	83.9591
71972	10378	1	1	317.707	103.013	86.2934
71973	10378	3	0	658.707	29.0134	86.8605
71974	10378	1	0	658.707	29.0134	87.6274
71975	10378	2	0	650.707	5.01337	89.7454
71976	10378	3	0	650.676	15.0356	89.762
71979	10378	1	0	650.676	15.0356	93.4638
71980	10378	3	1	295.676	105.036	99.1162
72014	10378	1	1	295.676	105.036	184.99
72015	10378	3	0	714.676	24.0356	185.673
72039	10378	1	0	714.676	24.0356	199.447
72040	10378	2	1	322.676	262.036	200.014
72041	10378	3	0	498.482	231.7	200.264
72044	10378	1	0	498.482	231.7	201.447
72045	10378	3	1	271.482	56.7001	201.798
72050	10378	1	1	271.482	56.7001	204.9
72051	10378	2	1	343.482	53.7001	205.15
72052	10378	3	1	327.442	68.5158	205.183
71903	10379	1	0	569.615	83.5428	12.5386
71904	10379	3	0	521.615	352.543	12.8054
71928	10379	1	0	521.615	352.543	25.8118
71929	10379	3	0	580.615	161.543	26.4789
72000	10379	1	0	580.615	161.543	119.778
72001	10379	3	1	264.615	292.543	121.479
72024	10379	1	1	264.615	292.543	190.326
72025	10379	2	0	475.615	364.543	190.76
72026	10379	3	0	495.6	351.992	190.793
72029	10379	1	0	495.6	351.992	194.378
72030	10379	3	1	291.6	336.992	194.728
72037	10379	1	1	291.6	336.992	198.78
72038	10379	3	0	730.6	336.992	199.096
72053	10379	1	0	730.6	336.992	207.417
72054	10379	3	1	228.6	341.992	208.268
72055	10379	1	1	228.6	341.992	210.702
72056	10379	3	1	206.6	288.992	211.236
72076	10379	1	1	206.6	288.992	317.443
72077	10379	3	0	737.6	229.992	319.61
72092	10379	1	0	737.6	229.992	334.534
72093	10379	2	1	-55.3999	390.992	334.901
72094	10379	3	0	496.457	274.682	335.352
72104	10379	1	0	496.457	274.682	339.37
72105	10379	3	1	127.456	264.682	339.586
72121	10379	1	1	127.456	264.682	356.803
72122	10379	3	0	696.456	263.682	357.12
72125	10379	1	0	696.456	263.682	358.254
72126	10379	3	0	740.456	243.682	358.487
72127	10379	1	0	740.456	243.682	363.723
72128	10379	2	1	-4.54346	330.682	365.341
72129	10379	3	1	25.8951	317.201	365.391
71919	10380	1	0	854.725	433.203	21.0097
71920	10380	3	0	596.725	161.203	21.4933
71925	10380	1	0	596.725	161.203	24.8783
71926	10380	2	0	492.725	165.203	25.2783
71927	10380	3	0	502.394	169.026	25.2949
71981	10380	1	0	502.394	169.026	103.052
71982	10380	3	1	337.394	262.026	103.436
71992	10380	1	1	337.394	262.026	115.176
71993	10380	3	0	592.394	286.026	115.442
72057	10380	1	0	592.394	286.026	216.188
72058	10380	3	0	593.394	326.026	219.439
72082	10380	1	0	593.394	326.026	326.313
72083	10380	3	1	281.394	304.026	327.097
72097	10380	1	1	281.394	304.026	336.502
72098	10380	2	1	429.394	351.026	336.669
72099	10380	3	1	398.795	335.406	336.719
72100	10380	1	1	398.795	335.406	337.886
72101	10380	3	0	629.795	374.406	338.086
71882	10381	1	0	683.654	117.646	5.01831
71883	10381	3	0	559.654	191.646	5.81848
71917	10381	1	0	559.654	191.646	19.759
71918	10381	3	0	694.654	414.646	20.3761
71936	10381	1	0	694.654	414.646	29.1472
71937	10381	3	0	777.654	256.646	29.7811
71983	10381	1	0	777.654	256.646	103.969
71984	10381	3	1	166.654	366.646	104.386
71998	10381	1	1	166.654	366.646	118.81
71999	10381	3	0	682.654	361.646	119.144
72008	10381	1	0	682.654	361.646	128.899
72009	10381	3	0	624.654	371.646	131.85
72031	10381	1	0	624.654	371.646	195.428
72032	10381	3	1	214.654	250.646	196.212
72033	10381	1	1	214.654	250.646	197.262
72034	10381	3	1	214.654	250.646	197.412
72035	10381	1	1	214.654	250.646	197.612
72036	10381	3	0	656.654	409.646	198.246
72059	10381	1	0	656.654	409.646	220.74
72060	10381	3	0	632.654	367.646	221.79
72070	10381	1	0	632.654	367.646	273.333
72071	10381	3	0	623.654	411.646	273.667
72074	10381	1	0	623.654	411.646	314.341
72075	10381	3	0	560.654	409.646	316.976
72088	10381	1	0	560.654	409.646	329.315
72089	10381	3	1	347.654	263.646	329.632
72090	10381	1	1	347.654	263.646	333.751
72091	10381	3	0	680.654	350.646	334.068
72116	10381	1	0	680.654	350.646	349.6
72117	10381	2	1	161.654	252.646	349.967
72118	10381	3	0	499.711	246.931	350.3
72119	10381	1	0	499.711	246.931	350.951
72120	10381	3	0	544.711	372.931	355.986
72123	10381	1	0	544.711	372.931	357.604
72124	10381	3	0	529.711	297.931	357.871
72130	10381	1	0	529.711	297.931	366.308
72131	10381	2	1	246.711	275.931	366.875
72132	10381	3	0	494.143	257.895	367.142
72133	10381	1	0	494.143	257.895	368.059
72134	10381	3	0	520.143	300.895	368.309
71907	10382	1	0	751.53	180.734	14.4562
71908	10382	3	0	528.53	231.734	14.8398
71913	10382	1	0	528.53	231.734	17.3745
71914	10382	3	0	678.53	189.734	17.7915
71921	10382	1	0	678.53	189.734	21.8105
71922	10382	3	0	683.53	148.734	22.0438
71964	10382	1	0	683.53	148.734	67.2341
71965	10382	3	0	683.53	148.734	67.5175
72020	10382	1	0	683.53	148.734	187.858
72021	10382	3	0	535.53	154.734	188.942
72027	10382	1	0	535.53	154.734	191.527
72028	10382	3	0	562.53	182.734	193.844
72066	10382	1	0	562.53	182.734	271.916
72067	10382	3	0	684.53	302.734	272.266
72068	10382	1	0	684.53	302.734	272.65
72069	10382	3	0	758.53	303.734	272.866
72078	10382	1	0	758.53	303.734	320.694
72079	10382	3	0	713.53	330.734	321.628
72080	10382	1	0	713.53	330.734	322.511
72081	10382	3	0	730.53	343.734	323.862
71890	10383	1	0	807.797	86.1402	8.00305
71891	10383	3	0	625.797	318.14	8.37006
71930	10383	1	0	625.797	318.14	27.0126
71931	10383	3	0	586.797	317.14	27.3293
71934	10383	1	0	586.797	317.14	28.2967
71935	10383	3	0	610.797	241.14	28.5801
71987	10383	1	0	610.797	241.14	106.721
71988	10383	3	1	316.797	339.14	108.071
71989	10383	1	1	316.797	339.14	114.525
71990	10383	2	0	469.797	331.14	114.809
71991	10383	3	0	501.097	318.785	114.859
72002	10383	1	0	501.097	318.785	122.212
72003	10383	3	0	510.097	315.785	124.313
72004	10383	1	0	510.097	315.785	126.581
72005	10383	3	0	510.097	315.785	126.764
72086	10383	1	0	510.097	315.785	328.381
72087	10383	3	1	313.097	311.785	328.681
72095	10383	1	1	313.097	311.785	335.668
72096	10383	3	0	552.097	389.785	335.902
72139	10383	1	0	552.097	389.785	370.21
72140	10383	3	1	170.097	273.785	370.477
71911	10384	1	0	873.445	258.741	16.3074
71912	10384	3	0	663.445	208.741	16.9743
71915	10384	1	0	663.445	208.741	18.5251
71916	10384	3	0	522.445	269.741	18.9753
71932	10384	1	0	522.445	269.741	27.613
71933	10384	3	0	700.445	256.741	27.8965
71985	10384	1	0	700.445	256.741	105.103
71986	10384	3	1	226.445	274.741	106.17
71994	10384	1	1	226.445	274.741	115.826
71995	10384	3	0	574.445	333.741	116.093
71996	10384	1	0	574.445	333.741	117.627
71997	10384	3	0	578.445	364.741	118.327
72006	10384	1	0	578.445	364.741	127.181
72007	10384	3	0	552.445	349.741	128.449
72010	10384	1	0	552.445	349.741	132.183
72011	10384	3	1	372.444	322.741	133.701
72022	10384	1	1	372.444	322.741	189.392
72023	10384	3	0	635.445	303.741	189.726
72046	10384	1	0	635.445	303.741	202.315
72047	10384	3	0	622.445	242.741	202.432
72048	10384	1	0	622.445	242.741	203.249
72049	10384	3	0	710.445	265.741	203.549
72061	10384	1	0	710.445	265.741	222.791
72062	10384	3	1	342.444	253.741	223.308
72072	10384	1	1	342.444	253.741	312.84
72073	10384	3	0	666.445	291.741	313.874
72084	10384	1	0	666.445	291.741	327.581
72085	10384	3	1	240.445	275.741	327.881
72102	10384	1	1	240.445	275.741	338.703
72103	10384	3	0	594.445	316.741	338.953
72106	10384	1	0	594.445	316.741	340.487
72107	10384	3	1	179.445	276.741	340.887
72108	10384	1	1	179.445	276.741	341.287
72109	10384	3	1	274.444	265.741	342.905
72110	10384	1	1	274.444	265.741	343.288
72111	10384	3	0	535.445	290.741	343.588
72112	10384	1	0	535.445	290.741	345.372
72113	10384	3	1	311.444	265.741	345.672
72114	10384	1	1	311.444	265.741	348.783
72115	10384	3	0	664.445	292.741	349.1
72135	10384	1	0	664.445	292.741	368.776
72136	10384	3	1	281.444	277.741	369.109
72137	10384	1	1	281.444	277.741	369.493
72138	10384	3	0	681.445	322.741	369.743
72141	10384	1	0	681.445	322.741	372.161
72142	10384	3	0	688.445	287.741	373.162
74540	10633	1	0	759.878	189.297	18.0767
74541	10633	3	0	744.878	394.297	18.3769
74576	10633	1	0	744.878	394.297	33.6843
74577	10633	3	0	687.878	276.297	34.168
74624	10633	1	0	687.878	276.297	105.439
74625	10633	3	1	131.878	303.297	106.14
74626	10633	1	1	131.878	303.297	108.39
74627	10633	3	0	685.878	287.297	109.424
74642	10633	1	0	685.878	287.297	125.549
74643	10633	3	0	529.878	184.297	130.652
74658	10633	1	0	529.878	184.297	149.262
74659	10633	3	1	110.878	306.297	149.795
74691	10633	1	1	110.878	306.297	229.507
74692	10633	3	0	841.878	196.297	230.341
74724	10633	1	0	841.878	196.297	254.437
74725	10633	3	1	117.878	237.297	255.12
74736	10633	1	1	117.878	237.297	264.609
74737	10633	3	1	110.878	223.297	265.676
74752	10633	1	1	110.878	223.297	286.47
74753	10633	3	0	597.878	213.297	287.004
74756	10633	1	0	597.878	213.297	289.088
74757	10633	3	1	95.8781	211.297	290.139
74758	10633	1	1	95.8781	211.297	295.425
74759	10633	3	1	95.8781	211.297	295.509
74766	10633	1	1	95.8781	211.297	299.227
74767	10633	3	0	610.878	215.297	299.477
74770	10633	1	0	610.878	215.297	306.511
74771	10633	3	1	257.878	229.297	307.362
74774	10633	1	1	257.878	229.297	309.563
74775	10633	3	0	550.878	31.2968	310.163
74778	10633	1	0	550.878	31.2968	312.014
74779	10633	3	1	149.878	253.297	312.348
74790	10633	1	1	149.878	253.297	329.606
74791	10633	3	0	558.878	102.297	329.923
74800	10633	1	0	558.878	102.297	336.759
74801	10633	3	0	656.878	95.2968	336.992
74546	10634	1	0	538.266	59.8125	20.2609
74547	10634	3	0	674.266	327.812	20.6109
74574	10634	1	0	674.266	327.812	32.4338
74575	10634	3	0	785.266	272.812	33.2341
74628	10634	1	0	785.266	272.812	109.808
74629	10634	3	0	771.266	269.812	113.393
74640	10634	1	0	771.266	269.812	124.365
74641	10634	3	0	789.266	295.812	125.299
74652	10634	1	0	789.266	295.812	143.691
74653	10634	3	1	102.266	323.812	144.659
74656	10634	1	1	102.266	323.812	148.344
74657	10634	3	0	834.266	313.812	148.778
74670	10634	1	0	834.266	313.812	209.015
74671	10634	3	0	608.266	293.812	210.349
74672	10634	1	0	608.266	293.812	211.1
74673	10634	3	0	802.266	310.812	212.017
74693	10634	1	0	802.266	310.812	230.608
74694	10634	3	1	158.266	231.812	231.408
74697	10634	1	1	158.266	231.812	234.326
74698	10634	3	1	162.266	262.812	234.943
74703	10634	1	1	162.266	262.812	242.414
74704	10634	3	0	565.266	270.812	243.014
74705	10634	1	0	565.266	270.812	243.081
74706	10634	3	0	565.266	264.812	243.182
74717	10634	1	0	565.266	264.812	252.286
74718	10634	3	1	276.266	223.812	253.119
74719	10634	1	1	276.266	223.812	253.186
74720	10634	3	1	276.266	223.812	253.286
74721	10634	1	1	276.266	223.812	253.503
74722	10634	1	0	529.266	195.812	253.803
74723	10634	3	0	529.266	195.812	253.803
74732	10634	1	0	529.266	195.812	262.675
74733	10634	3	0	534.266	111.812	262.925
74744	10634	1	0	534.266	111.812	276.465
74745	10634	3	1	346.266	82.8125	277.382
74760	10634	1	1	346.266	82.8125	296.826
74761	10634	3	0	494.266	171.812	297.11
74772	10634	1	0	494.266	171.812	308.095
74773	10634	3	0	556.266	146.812	309.079
74776	10634	1	0	556.266	146.812	311.564
74777	10634	3	0	550.266	121.812	311.747
74786	10634	1	0	550.266	121.812	326.155
74787	10634	3	0	511.266	103.812	327.472
74802	10634	1	0	511.266	103.812	337.343
74803	10634	3	0	599.266	66.8125	337.526
74519	10635	1	0	789.557	97.0347	6.31982
74520	10635	3	0	825.557	309.035	6.61987
74572	10635	1	0	825.557	309.035	31.5998
74573	10635	3	0	514.557	458.035	32.0336
74580	10635	1	0	514.557	458.035	36.6028
74581	10635	3	0	540.557	286.035	37.2533
74644	10635	1	0	540.557	286.035	136.605
74645	10635	3	1	329.557	361.035	136.938
74646	10635	1	1	329.557	361.035	139.006
74647	10635	3	0	567.557	320.035	140.023
74648	10635	1	0	567.557	320.035	141.007
74649	10635	3	0	512.557	357.035	141.39
74782	10635	1	0	512.557	357.035	316.266
74783	10635	3	0	513.557	312.035	317.667
74542	10636	1	0	677.537	160.005	18.8273
74543	10636	3	0	554.537	353.005	19.1606
74578	10636	1	0	554.537	353.005	35.1187
74579	10636	3	0	626.537	295.005	36.0858
74586	10636	1	0	626.537	295.005	40.1717
74587	10636	3	0	610.537	280.005	40.4385
74666	10636	1	0	610.537	280.005	203.362
74667	10636	3	0	587.537	283.005	203.996
74726	10636	1	0	587.537	283.005	257.405
74727	10636	3	0	658.537	282.005	257.805
74582	10637	1	0	511.335	369.51	37.5868
74583	10637	3	0	530.335	384.51	38.4538
74604	10637	1	0	530.335	384.51	77.4739
74605	10637	3	1	199.335	313.51	77.924
74614	10637	1	1	199.335	313.51	87.8462
74615	10637	3	0	601.335	458.51	89.2636
74616	10637	1	0	601.335	458.51	92.1655
74617	10637	3	1	286.335	327.51	92.8157
74695	10637	1	1	286.335	327.51	233.059
74696	10637	3	1	305.335	318.51	233.959
74699	10637	1	1	305.335	318.51	235.593
74700	10637	3	1	307.335	296.51	236.177
74701	10637	1	1	307.335	296.51	239.896
74702	10637	3	0	698.335	352.51	241.797
74728	10637	1	0	698.335	352.51	258.122
74729	10637	3	1	287.335	232.51	258.839
74734	10637	1	1	287.335	232.51	263.675
74735	10637	3	1	290.335	227.51	264.025
74764	10637	1	1	290.335	227.51	298.21
74765	10637	3	0	576.335	257.51	298.46
74780	10637	1	0	576.335	257.51	313.181
74781	10637	3	1	309.335	218.51	313.665
74788	10637	1	1	309.335	218.51	328.806
74789	10637	3	0	519.335	210.51	329.139
74796	10637	1	0	519.335	210.51	332.941
74797	10637	3	1	267.335	213.51	333.608
74798	10637	1	1	267.335	213.51	336.142
74799	10637	3	1	267.335	213.51	336.292
74563	10638	1	0	537.633	245.093	28.2313
74564	10638	3	0	615.633	447.093	28.665
74590	10638	1	0	615.633	447.093	41.6222
74591	10638	3	0	539.633	461.093	42.0891
74606	10638	1	0	539.633	461.093	78.658
74607	10638	3	0	544.633	460.093	78.908
74608	10638	1	0	544.633	460.093	80.0754
74609	10638	3	1	327.633	294.093	80.5256
74610	10638	1	1	327.633	294.093	81.1093
74611	10638	3	1	313.633	318.093	81.5261
74612	10638	1	1	313.633	318.093	85.0112
74613	10638	3	0	507.633	406.093	86.7622
74618	10638	1	0	507.633	406.093	93.3663
74619	10638	3	1	363.633	332.093	94.2501
74650	10638	1	1	363.633	332.093	142.341
74651	10638	3	0	509.633	291.093	142.991
74654	10638	1	0	509.633	291.093	146.11
74655	10638	3	0	502.633	297.093	147.827
74660	10638	1	0	502.633	297.093	152.046
74661	10638	3	0	508.633	285.093	153.63
74668	10638	1	0	508.633	285.093	204.496
74669	10638	3	0	502.633	275.093	207.414
74730	10638	1	0	502.633	275.093	262.108
74731	10638	3	0	524.633	298.093	262.425
74746	10638	1	0	524.633	298.093	278.833
74747	10638	3	0	519.633	262.093	282.618
74748	10638	1	0	519.633	262.093	283.185
74749	10638	3	1	378.633	191.093	283.936
74750	10638	1	1	378.633	191.093	285.403
74751	10638	3	1	374.633	213.093	285.853
74762	10638	1	1	374.633	213.093	297.526
74763	10638	3	0	614.633	235.093	297.777
74533	10639	1	0	718.88	352.097	13.7238
74534	10639	3	0	581.88	17.097	14.4577
74538	10639	1	0	581.88	17.097	16.9589
74539	10639	3	0	801.88	208.097	17.7096
74548	10639	1	0	801.88	208.097	20.9944
74549	10639	3	0	658.88	157.097	21.3613
74552	10639	1	0	658.88	157.097	24.1121
74553	10639	3	0	671.88	164.097	24.4624
74561	10639	1	0	671.88	164.097	27.1472
74562	10639	3	0	661.88	148.097	27.5476
74596	10639	1	0	661.88	148.097	66.2508
74597	10639	3	1	222.88	177.097	67.318
74600	10639	1	1	222.88	177.097	72.654
74601	10639	3	1	183.88	183.097	73.5712
74602	10639	1	1	183.88	183.097	76.523
74603	10639	3	1	189.88	169.097	76.8733
74678	10639	1	1	189.88	169.097	221.469
74679	10639	3	1	186.88	119.097	222.07
74680	10639	1	1	186.88	119.097	222.219
74681	10639	3	0	756.88	17.097	222.953
74709	10639	1	0	756.88	17.097	245.899
74710	10639	3	1	340.88	70.0971	246.633
74742	10639	1	1	340.88	70.0971	273.963
74743	10639	3	0	601.88	28.097	275.698
74768	10639	1	0	601.88	28.097	304.327
74769	10639	3	1	317.88	22.097	305.527
74512	10640	1	0	771.312	62.8215	3.05121
74513	10640	3	0	645.312	6.82147	3.93481
74516	10640	1	0	645.312	6.82147	5.16901
74517	10640	2	1	406.311	202.822	5.43579
74518	10640	3	1	348.859	206.295	5.53583
74521	10640	1	1	348.859	206.295	7.1366
74522	10640	3	0	627.859	341.295	7.37006
74535	10640	1	0	627.859	341.295	14.9579
74536	10640	2	0	847.859	194.295	16.4752
74537	10640	3	0	821.095	197.385	16.5253
74559	10640	1	0	821.095	197.385	26.3803
74560	10640	3	0	789.095	140.385	26.747
74592	10640	1	0	789.095	140.385	64.4831
74593	10640	3	0	792.095	149.385	65.1169
74594	10640	1	0	792.095	149.385	65.4005
74595	10640	3	1	62.095	176.385	65.7172
74662	10640	1	1	62.095	176.385	159.967
74663	10640	3	1	29.095	108.385	160.184
74674	10640	1	1	29.095	108.385	217.35
74675	10640	3	1	39.095	141.385	218.018
74684	10640	1	1	39.095	141.385	224.437
74685	10640	3	1	199.095	81.3851	225.088
74740	10640	1	1	199.095	81.3851	273.28
74741	10640	3	1	188.095	59.3851	273.58
74523	10641	1	0	775.527	139.074	7.8537
74524	10641	2	0	801.527	-23.9258	8.18768
74525	10641	3	0	748.664	56.1789	8.30408
74528	10641	1	0	748.664	56.1789	9.58826
74529	10641	2	0	815.664	15.1789	10.1386
74530	10641	3	0	799.611	33.6368	10.1718
74556	10641	1	0	799.611	33.6368	25.6464
74557	10641	2	0	769.611	-7.36322	25.9133
74558	10641	3	0	757.941	13.426	25.9467
74622	10641	1	0	757.941	13.426	99.4031
74623	10641	3	0	703.941	43.426	99.8365
74636	10641	1	0	703.941	43.426	119.096
74637	10641	3	1	316.941	146.426	121.864
74676	10641	1	1	316.941	146.426	218.835
74677	10641	3	1	317.941	103.426	221.136
74707	10641	1	1	317.941	103.426	244.182
74708	10641	3	0	571.941	19.426	245.182
74715	10641	1	0	571.941	19.426	250.018
74716	10641	3	1	56.9409	67.426	251.318
74738	10641	1	1	56.9409	67.426	270.061
74739	10641	3	1	32.9409	48.426	272.195
74784	10641	1	1	32.9409	48.426	323.687
74785	10641	3	1	25.9409	45.426	325.021
74544	10642	1	0	642.718	208.038	19.6607
74545	10642	3	0	539.718	142.038	19.9608
74550	10642	1	0	539.718	142.038	22.0116
74551	10642	3	0	494.718	148.038	23.1119
74565	10642	1	0	494.718	148.038	29.1653
74566	10642	3	0	538.718	160.038	29.5823
74567	10642	1	0	538.718	160.038	29.8158
74568	10642	3	0	531.718	153.038	30.0493
74598	10642	1	0	531.718	153.038	67.718
74599	10642	3	1	329.718	175.038	70.2859
74630	10642	1	1	329.718	175.038	114.81
74631	10642	3	1	314.718	164.038	116.528
74632	10642	1	1	314.718	164.038	116.661
74633	10642	3	0	621.718	163.038	117.529
74638	10642	1	0	621.718	163.038	123.448
74639	10642	3	0	709.718	147.038	123.731
74686	10642	1	0	709.718	147.038	225.671
74687	10642	3	0	674.718	133.038	227.072
74754	10642	1	0	674.718	133.038	287.27
74755	10642	3	0	704.718	147.038	288.771
74792	10642	1	0	704.718	147.038	330.273
74793	10642	3	1	67.718	156.038	330.59
74794	10642	1	1	67.718	156.038	331.123
74795	10642	3	1	107.718	209.038	332.274
74514	10643	1	0	581.439	85.2075	4.41852
74515	10643	3	0	542.439	286.207	4.73517
74531	10643	1	0	542.439	286.207	12.0226
74532	10643	3	0	676.439	24.2075	13.0901
74554	10643	1	0	676.439	24.2075	24.7793
74555	10643	3	0	624.439	13.2075	24.9625
74620	10643	1	0	624.439	13.2075	98.786
74621	10643	3	0	554.439	55.2075	99.1029
74634	10643	1	0	554.439	55.2075	118.129
74635	10643	3	0	523.439	42.2075	118.796
74664	10643	1	0	523.439	42.2075	191.223
74665	10643	3	0	525.439	62.2075	195.992
74682	10643	1	0	525.439	62.2075	223.437
74683	10643	3	1	73.4388	106.207	223.837
74688	10643	1	1	73.4388	106.207	227.773
74689	10643	2	1	13.4388	94.2075	228.173
74690	10643	3	1	29.8167	105.288	228.206
74711	10643	1	1	29.8167	105.288	247.883
74712	10643	3	1	39.8167	111.288	248.801
74713	10643	1	1	39.8167	111.288	249.217
74714	10643	3	0	803.817	21.2879	249.751
74526	10644	1	0	875.102	145.225	8.93799
74527	10644	3	0	865.102	305.225	9.17133
74569	10644	1	0	865.102	305.225	30.6492
74570	10644	2	0	852.102	482.225	30.8827
74571	10644	3	0	843.751	470.111	30.8995
74584	10644	1	0	843.751	470.111	39.1709
74585	10644	3	0	654.751	358.111	39.8381
74588	10644	1	0	654.751	358.111	40.7553
74589	10644	3	0	637.751	356.111	41.2388
77061	10839	1	0	683.093	362.159	22.8626
77062	10839	3	0	672.093	250.159	23.6464
77070	10839	1	0	672.093	250.159	32.9183
77071	10839	3	1	391.093	286.159	33.6519
77028	10840	1	0	530.591	52.6939	5.18646
77029	10840	3	0	661.591	10.6939	6.05371
77032	10840	1	0	661.591	10.6939	6.93732
77033	10840	2	0	863.591	7.69388	7.20441
77034	10840	3	0	799.271	67.299	7.32086
77035	10840	1	0	799.271	67.299	7.73804
77036	10840	2	0	678.271	-0.700958	8.02155
77037	10840	3	0	676.857	9.65637	8.03827
77044	10840	1	0	676.857	9.65637	12.0234
77045	10840	2	0	788.857	-15.3436	12.2569
77046	10840	3	0	775.331	6.18713	12.2902
77021	10841	1	0	575.265	51.6272	2.50159
77022	10841	2	0	838.265	21.6272	3.30225
77023	10841	3	0	812.323	48.687	3.35217
77026	10841	1	0	812.323	48.687	4.51947
77027	10841	3	0	809.323	19.687	4.76965
77030	10841	1	0	809.323	19.687	6.33722
77031	10841	3	0	510.323	14.687	6.65393
77047	10841	1	0	510.323	14.687	12.6737
77048	10841	3	0	618.323	8.68701	12.9239
77063	10841	1	0	618.323	8.68701	27.4321
77064	10841	2	0	638.323	5.68701	28.1158
77065	10841	3	0	639.216	16.0027	28.1326
77098	10841	1	0	639.216	16.0027	66.1189
77099	10841	3	0	639.216	12.0027	67.5361
77120	10841	1	0	639.216	12.0027	97.4167
77121	10841	2	0	716.216	-2.99731	98.9174
77122	10841	3	0	713.227	7.67941	98.934
77136	10841	1	0	713.227	7.67941	110.056
77137	10841	3	0	575.227	8.67941	111.54
77140	10841	1	0	575.227	8.67941	112.54
77141	10841	3	0	571.227	28.6794	112.891
77144	10841	1	0	571.227	28.6794	115.209
77145	10841	3	0	632.227	19.6794	116.309
77148	10841	1	0	632.227	19.6794	118.693
77149	10841	2	1	180.227	-15.3206	119.127
77150	10841	3	0	494.187	134.368	119.477
77151	10841	1	0	494.187	134.368	120.027
77152	10841	3	0	579.187	7.36816	121.862
77068	10842	1	0	587.915	248.573	31.0172
77069	10842	3	1	196.915	263.573	31.334
77057	10843	1	0	597.595	349.419	20.8618
77058	10843	3	0	635.595	129.419	21.4452
77066	10843	1	0	635.595	129.419	29.2496
77067	10843	3	0	635.595	142.419	29.5998
77080	10843	1	0	635.595	142.419	44.1572
77081	10843	3	1	320.595	144.419	44.7909
77082	10843	1	1	320.595	144.419	45.208
77083	10843	3	1	345.595	158.419	45.925
77142	10843	1	1	345.595	158.419	114.025
77143	10843	3	0	612.595	328.419	114.725
77158	10843	1	0	612.595	328.419	126.864
77159	10843	3	1	167.595	66.419	127.781
77049	10844	1	0	594.486	426.774	13.6409
77050	10844	3	0	514.486	9.77402	14.6081
77104	10844	1	0	514.486	9.77402	73.1383
77105	10844	3	0	507.486	29.774	76.4896
77108	10844	1	0	507.486	29.774	80.3249
77109	10844	3	0	495.486	137.774	81.6922
77112	10844	1	0	495.486	137.774	90.0129
77113	10844	3	0	498.486	119.774	92.2975
77130	10844	1	0	498.486	119.774	102.452
77131	10844	3	0	534.486	130.774	103.97
77138	10844	1	0	534.486	130.774	111.94
77139	10844	3	0	570.486	168.774	112.257
77162	10844	1	0	570.486	168.774	129.281
77163	10844	3	0	525.486	164.774	133.467
77024	10845	1	0	637.048	53.9873	3.8692
77025	10845	3	0	695.048	315.987	4.13592
77040	10845	1	0	695.048	315.987	10.0559
77041	10845	3	0	792.048	383.987	10.2227
77059	10845	1	0	792.048	383.987	22.0121
77060	10845	3	0	751.048	230.987	22.4289
77078	10845	1	0	751.048	230.987	42.3066
77079	10845	3	0	640.048	251.987	42.8401
77086	10845	1	0	640.048	251.987	47.6092
77087	10845	3	1	302.048	294.987	50.4939
77051	10846	1	0	752.905	261.889	16.1754
77052	10846	3	0	523.905	152.889	17.6929
77074	10846	1	0	523.905	152.889	39.188
77075	10846	3	0	527.905	143.889	39.805
77076	10846	1	0	527.905	143.889	40.0552
77077	10846	3	1	235.905	169.889	40.4886
77110	10846	1	1	235.905	169.889	87.2784
77111	10846	3	1	245.905	172.889	89.4961
77118	10846	1	1	245.905	172.889	96.733
77119	10846	3	0	679.905	207.889	97.1329
77123	10846	1	0	679.905	207.889	99.3508
77124	10846	2	1	311.905	-7.11118	99.7175
77125	10846	3	1	302.095	16.787	99.7508
77128	10846	1	1	302.095	16.787	101.552
77129	10846	3	1	184.095	214.787	101.935
77132	10846	1	1	184.095	214.787	105.687
77133	10846	3	1	231.095	135.787	106.154
77134	10846	1	1	231.095	135.787	107.571
77135	10846	3	1	238.095	177.787	108.906
77038	10847	1	0	545.724	221.791	8.65515
77039	10847	3	0	729.724	154.791	9.45544
77055	10847	1	0	729.724	154.791	19.2439
77056	10847	3	0	822.724	137.791	19.811
77094	10847	1	0	822.724	137.791	56.6804
77095	10847	3	1	90.7244	116.791	57.4807
77106	10847	1	1	90.7244	116.791	78.674
77107	10847	3	1	85.7244	237.791	79.5247
77019	10848	1	0	612.276	104.561	1.50067
77020	10848	3	0	735.276	289.561	1.95111
77042	10848	1	0	735.276	289.561	10.7895
77043	10848	3	0	604.276	151.561	11.4734
77053	10848	1	0	604.276	151.561	18.4431
77054	10848	3	0	712.276	134.561	18.9271
77072	10848	1	0	712.276	134.561	36.4368
77073	10848	3	0	716.276	138.561	37.3538
77084	10848	1	0	716.276	138.561	46.7421
77085	10848	3	0	647.276	140.561	47.2924
77088	10848	1	0	647.276	140.561	51.1774
77089	10848	3	1	330.276	207.561	52.6448
77090	10848	1	1	330.276	207.561	53.1615
77091	10848	3	1	95.2761	137.561	54.5292
77092	10848	1	1	95.2761	137.561	55.1961
77093	10848	3	0	593.276	177.561	56.2302
77096	10848	1	0	593.276	177.561	59.1813
77097	10848	3	0	665.276	209.561	61.0159
77100	10848	1	0	665.276	209.561	68.2031
77101	10848	3	1	215.276	57.5611	69.7874
77102	10848	1	1	215.276	57.5611	72.2714
77103	10848	3	0	602.276	154.561	72.8047
77114	10848	1	0	602.276	154.561	92.6977
77115	10848	3	1	239.276	38.5611	94.4487
77116	10848	1	1	239.276	38.5611	94.682
77117	10848	3	0	625.276	254.561	95.299
77126	10848	1	0	625.276	254.561	100.284
77127	10848	3	1	106.276	86.5611	100.785
77146	10848	1	1	106.276	86.5611	117.727
77147	10848	3	0	528.276	163.561	118.343
77153	10848	1	0	528.276	163.561	122.295
77154	10848	2	0	476.276	203.561	124.063
77155	10848	3	0	495.464	206.012	124.096
77156	10848	1	0	495.464	206.012	125.163
77157	10848	3	1	339.464	79.0124	125.663
77160	10848	1	1	339.464	79.0124	128.465
77161	10848	3	0	688.464	206.012	129.015
77164	10848	1	0	688.464	206.012	133.917
77165	10848	3	1	292.464	59.0124	134.584
79674	11117	1	0	629.349	274.341	10.6556
79675	11117	3	0	816.349	158.341	11.4559
79737	11117	1	0	816.349	158.341	63.1663
79738	11117	3	1	75.3488	74.341	64.7504
79755	11117	1	1	75.3488	74.341	90.6138
79756	11117	3	1	50.3488	69.341	91.0474
79759	11117	1	1	50.3488	69.341	94.5658
79760	11117	3	0	577.349	166.341	95.3328
79776	11117	1	0	577.349	166.341	104.254
79777	11117	3	0	568.349	96.341	105.838
79782	11117	1	0	568.349	96.341	111.658
79783	11117	3	0	573.349	94.341	115.859
79788	11117	1	0	573.349	94.341	125.682
79789	11117	3	1	186.349	51.341	126.332
79790	11117	1	1	186.349	51.341	127.649
79791	11117	3	0	577.349	51.341	129.667
79798	11117	1	0	577.349	51.341	137.171
79799	11117	2	1	298.349	20.341	137.538
79800	11117	3	0	496.898	129.457	137.788
79803	11117	1	0	496.898	129.457	139.305
79804	11117	3	0	523.898	21.4569	140.322
79809	11117	1	0	523.898	21.4569	144.257
79810	11117	3	1	50.8984	23.4569	144.524
79816	11117	1	1	50.8984	23.4569	149.661
79817	11117	3	1	157.898	53.4569	149.96
79658	11118	1	0	877.608	129.012	4.53571
79659	11118	2	0	889.608	259.013	4.76917
79660	11118	3	0	879.567	258.289	4.78589
79690	11118	1	0	879.567	258.289	19.1758
79691	11118	3	0	504.567	276.289	19.7761
79709	11118	1	0	504.567	276.289	32.8489
79710	11118	3	0	504.567	276.289	32.9991
79721	11118	1	0	504.567	276.289	39.7705
79722	11118	3	0	507.567	268.289	40.104
79805	11118	1	0	507.567	268.289	141.089
79806	11118	3	0	524.567	303.289	142.774
79672	11119	1	0	709.192	185.366	10.1386
79673	11119	3	0	764.192	296.366	10.4221
79688	11119	1	0	764.192	296.366	18.1422
79689	11119	3	0	827.192	261.366	18.9091
79695	11119	1	0	827.192	261.366	21.027
79696	11119	3	0	753.192	261.366	21.3102
79715	11119	1	0	753.192	261.366	34.8502
79716	11119	3	0	753.192	269.366	35.2004
79727	11119	1	0	753.192	269.366	52.2609
79728	11119	3	1	341.192	266.366	53.0782
79749	11119	1	1	341.192	266.366	80.2081
79750	11119	3	1	339.192	277.366	81.3085
79656	11120	1	0	660.703	50.4779	3.66852
79657	11120	3	0	803.703	6.4779	4.1853
79767	11120	1	0	803.703	6.4779	98.5845
79768	11120	2	0	539.703	-17.5221	99.9352
79769	11120	3	0	555.691	14.781	99.986
79772	11120	1	0	555.691	14.781	101.402
79773	11120	3	1	206.691	29.781	102.186
79774	11120	1	1	206.691	29.781	103.003
79775	11120	3	1	188.691	14.781	103.404
79786	11120	1	1	188.691	14.781	124.214
79787	11120	3	0	681.691	190.781	125.365
79796	11120	1	0	681.691	190.781	136.171
79797	11120	3	1	56.6909	7.78101	136.554
79801	11120	1	1	56.6909	7.78101	138.071
79802	11120	3	1	124.691	23.781	138.738
79807	11120	1	1	124.691	23.781	143.424
79808	11120	3	0	643.691	116.781	143.891
79818	11120	1	0	643.691	116.781	150.427
79819	11120	3	0	643.691	110.781	152.662
79826	11120	1	0	643.691	110.781	160.733
79827	11120	3	0	594.691	53.781	161.817
79665	11121	1	0	562.339	404.805	7.7041
79666	11121	3	0	533.339	13.8054	8.4043
79739	11121	1	0	533.339	13.8054	65.4175
79740	11121	3	1	210.339	29.8054	66.3435
79743	11121	1	1	210.339	29.8054	70.6198
79744	11121	3	0	500.339	11.8054	71.8701
79745	11121	1	0	500.339	11.8054	73.7211
79746	11121	3	1	195.339	27.8054	75.7721
79757	11121	1	1	195.339	27.8054	91.7979
79758	11121	3	1	157.339	48.8054	94.2324
79763	11121	1	1	157.339	48.8054	97.017
79764	11121	3	1	34.3393	61.8054	97.3839
79820	11121	1	1	34.3393	61.8054	156.447
79821	11121	3	0	518.339	249.805	159.082
79824	11121	1	0	518.339	249.805	160.199
79825	11121	3	0	670.339	246.805	160.516
79651	11122	1	0	541.202	53.4435	2.00079
79652	11122	2	0	491.202	209.443	2.35114
79653	11122	3	0	499.548	209.697	2.36768
79661	11122	1	0	499.548	209.697	5.55292
79662	11122	3	0	677.549	37.6971	6.41992
79667	11122	1	0	677.549	37.6971	8.72138
79668	11122	2	0	657.549	-4.30292	8.9881
79669	11122	3	0	657.626	6.63834	9.00476
79741	11122	1	0	657.626	6.63834	67.602
79742	11122	3	0	620.626	24.6383	70.0361
79753	11122	1	0	620.626	24.6383	85.6116
79754	11122	3	0	588.626	18.6383	89.7467
79761	11122	1	0	588.626	18.6383	95.6494
79762	11122	3	1	288.626	27.6383	96.5667
79765	11122	1	1	288.626	27.6383	97.7839
79766	11122	3	1	157.626	28.6383	98.1175
79770	11122	1	1	157.626	28.6383	100.652
79771	11122	3	0	751.626	29.6383	101.069
79811	11122	1	0	751.626	29.6383	144.991
79812	11122	2	0	629.626	-2.36166	146.525
79813	11122	3	0	631.094	8.43372	146.542
79828	11122	1	0	631.094	8.43372	162.35
79829	11122	3	1	294.094	35.4337	163.501
79692	11123	1	0	500.009	377.862	20.1431
79693	11123	2	0	888.009	272.862	20.6265
79694	11123	3	0	867.855	269.351	20.6599
79697	11123	1	0	867.855	269.351	21.6269
79698	11123	3	0	825.855	244.351	21.9104
79707	11123	1	0	825.855	244.351	26.3463
79708	11123	3	0	829.855	284.351	26.746
79717	11123	1	0	829.855	284.351	35.4673
79718	11123	3	0	835.855	267.351	35.8175
79729	11123	1	0	835.855	267.351	53.812
79730	11123	3	1	76.8547	199.351	54.6622
79680	11124	1	0	580.527	426.248	14.7738
79681	11124	3	0	618.527	182.248	15.4238
79684	11124	1	0	618.527	182.248	16.5748
79685	11124	3	0	617.527	156.248	16.8582
79733	11124	1	0	617.527	156.248	56.7634
79734	11124	3	1	295.527	172.248	57.9805
79670	11125	1	0	800.43	196.4	9.38818
79671	11125	3	0	514.43	216.4	9.7218
79686	11125	1	0	514.43	216.4	17.175
79687	11125	3	0	601.43	260.4	17.4752
79699	11125	1	0	601.43	260.4	22.3438
79700	11125	3	0	508.43	358.4	22.6607
79705	11125	1	0	508.43	358.4	24.7784
79706	11125	3	0	567.43	283.4	25.5621
79711	11125	1	0	567.43	283.4	33.3326
79712	11125	3	0	591.43	263.4	33.6162
79794	11125	1	0	591.43	263.4	134.67
79795	11125	3	1	137.43	328.4	135.587
79701	11126	1	0	632.171	402.434	23.0108
79702	11126	3	0	651.171	244.434	23.3777
79703	11126	1	0	651.171	244.434	23.8447
79704	11126	3	0	653.171	278.434	24.2781
79713	11126	1	0	653.171	278.434	33.9664
79714	11126	3	0	663.171	265.434	34.3331
79725	11126	1	0	663.171	265.434	50.76
79726	11126	3	1	196.171	264.434	51.1103
79747	11126	1	1	196.171	264.434	79.3574
79748	11126	3	1	207.171	282.434	79.8077
79751	11126	1	1	207.171	282.434	83.5103
79752	11126	3	0	522.171	356.434	85.1948
79778	11126	1	0	522.171	356.434	108.323
79779	11126	3	1	242.171	277.434	109.056
79780	11126	1	1	242.171	277.434	110.09
79781	11126	3	0	536.171	343.434	110.89
79784	11126	1	0	536.171	343.434	116.576
79785	11126	3	1	197.171	278.434	117.176
79654	11127	1	0	556.365	94.3921	2.76794
79655	11127	3	0	760.365	362.392	3.0849
79678	11127	1	0	760.365	362.392	13.3399
79679	11127	3	0	611.365	157.392	13.9067
79682	11127	1	0	611.365	157.392	15.8243
79683	11127	3	0	505.365	153.392	16.2747
79731	11127	1	0	505.365	153.392	55.2125
79732	11127	3	1	198.365	176.392	56.2799
79663	11128	1	0	579.609	403.994	6.83685
79664	11128	3	0	802.609	393.994	7.08691
79676	11128	1	0	802.609	393.994	11.9727
79677	11128	3	0	702.609	172.994	12.7895
79719	11128	1	0	702.609	172.994	36.4346
79720	11128	3	0	714.609	156.994	36.868
79723	11128	1	0	714.609	156.994	42.3056
79724	11128	3	0	721.609	146.994	44.773
79735	11128	1	0	721.609	146.994	58.6309
79736	11128	3	1	372.609	157.994	62.3826
79792	11128	1	1	372.609	157.994	131.351
79793	11128	3	0	510.609	174.994	134.02
79814	11128	1	0	510.609	174.994	146.992
79815	11128	3	0	529.609	150.994	149.11
79822	11128	1	0	529.609	150.994	159.315
79823	11128	3	1	42.6094	33.9939	159.782
