65894	10095	1	0	625.794	399.763	3.96869
65895	10095	3	0	583.794	269.763	4.38544
65900	10095	1	0	583.794	269.763	9.90509
65901	10095	3	0	590.794	250.764	10.2389
65920	10095	1	0	590.794	250.764	26.5472
65921	10095	3	0	594.794	224.764	26.8307
65966	10095	1	0	594.794	224.764	132.461
65967	10095	3	0	572.794	162.764	132.945
65924	10096	1	0	732.888	205.275	28.2816
65925	10096	3	0	747.888	217.275	28.5652
65945	10096	1	0	747.888	217.275	80.4956
65946	10096	3	1	271.888	59.2753	81.1626
65964	10096	1	1	271.888	59.2753	130.843
65965	10096	3	1	32.8878	190.275	131.493
65991	10096	1	1	32.8878	190.275	211.554
65992	10096	3	0	572.888	382.275	212.871
66001	10096	1	0	572.888	382.275	219.475
66002	10096	3	1	301.888	268.275	219.825
66003	10096	1	1	301.888	268.275	220.142
66004	10096	3	0	608.888	379.275	220.542
65918	10097	1	0	545.742	138.673	23.9122
65919	10097	3	0	555.742	138.673	24.4459
65935	10097	1	0	555.742	138.673	37.4036
65936	10097	3	1	269.742	231.673	38.1374
65958	10097	1	1	269.742	231.673	120.886
65959	10097	3	1	40.7422	394.673	121.403
66015	10097	1	1	40.7422	394.673	277.039
66016	10097	3	1	160.742	225.673	277.439
66021	10097	1	1	160.742	225.673	279.34
66022	10097	3	1	36.7422	243.673	279.724
66025	10097	1	1	36.7422	243.673	280.424
66026	10097	3	1	41.7422	268.673	280.691
65906	10098	1	0	831.926	58.9654	17.2252
65907	10098	3	0	818.926	29.9654	17.9758
65914	10098	1	0	818.926	29.9654	21.4779
65915	10098	3	0	823.926	21.9654	21.7113
65926	10098	1	0	823.926	21.9654	29.2156
65927	10098	2	0	835.926	21.9654	29.5825
65928	10098	3	0	827.258	31.8209	29.5992
65968	10098	1	0	827.258	31.8209	136.313
65969	10098	2	1	190.258	172.821	136.796
65970	10098	3	0	502.13	202.955	137.147
65971	10098	1	0	502.13	202.955	137.614
65972	10098	3	0	770.13	191.955	139.432
65982	10098	1	0	770.13	191.955	166.897
65983	10098	3	0	770.13	191.955	167.03
65984	10098	1	0	770.13	191.955	167.263
65985	10098	1	0	705.13	171.955	169.364
65986	10098	3	0	705.13	171.955	169.364
65987	10098	1	0	705.13	171.955	192.278
65988	10098	3	0	787.13	180.955	192.761
65995	10098	1	0	787.13	180.955	214.088
65996	10098	3	1	245.13	162.955	214.605
65999	10098	1	1	245.13	162.955	218.625
66000	10098	3	0	696.13	255.955	219.075
66007	10098	1	0	696.13	255.955	221.91
66008	10098	3	1	236.13	123.955	222.326
66009	10098	1	1	236.13	123.955	224.461
66010	10098	3	1	33.1302	189.955	225.094
66017	10098	1	1	33.1302	189.955	277.739
66018	10098	3	1	30.1303	367.955	278.189
66023	10098	1	1	30.1303	367.955	279.957
66024	10098	3	1	30.1303	388.955	280.157
65908	10099	1	0	619.154	14.9617	18.5262
65909	10099	3	0	769.154	377.962	19.3781
65916	10100	1	0	771.291	110.723	22.2781
65917	10100	3	0	799.291	121.723	22.845
65937	10100	1	0	799.291	121.723	44.9077
65938	10100	3	0	602.291	336.723	45.8079
65939	10100	1	0	602.291	336.723	48.9432
65940	10100	3	0	838.291	244.723	50.2272
65943	10100	1	0	838.291	244.723	72.7247
65944	10100	3	1	35.2913	273.723	73.1917
65960	10100	1	1	35.2913	273.723	121.787
65961	10100	3	1	288.291	236.723	122.12
65962	10100	1	1	288.291	236.723	125.556
65963	10100	3	1	41.2913	297.723	126.206
66019	10100	1	1	41.2913	297.723	278.59
66020	10100	3	1	48.2913	140.723	278.973
66027	10100	1	1	48.2913	140.723	281.024
66028	10100	3	1	43.2913	163.723	281.291
65949	10101	1	0	542.6	17.3751	103.509
65950	10101	3	0	526.6	84.3751	105.577
65953	10101	1	0	526.6	84.3751	112.848
65954	10101	2	1	273.6	357.375	113.365
65955	10101	3	0	498.736	274.834	113.648
65956	10101	1	0	498.736	274.834	114.248
65957	10101	3	0	508.736	42.834	114.749
65912	10102	1	0	763.18	134.837	20.6273
65913	10102	3	0	758.18	39.8375	21.2112
65929	10102	1	0	758.18	39.8375	30.9832
65930	10102	3	0	759.18	39.8375	31.917
65931	10102	1	0	759.18	39.8375	33.3675
65932	10102	3	0	767.18	8.83746	34.068
65975	10102	1	0	767.18	8.83746	147.152
65976	10102	3	0	772.18	60.8375	147.519
65977	10102	1	0	772.18	60.8375	148.053
65978	10102	2	0	909.18	1.83746	148.603
65979	10102	3	0	877.783	36.4694	148.653
65898	10103	1	0	686.371	392.135	8.98804
65899	10103	3	0	747.371	303.135	9.45477
65902	10103	1	0	747.371	303.135	10.4722
65903	10103	3	0	760.371	274.135	10.7391
65910	10103	1	0	760.371	274.135	19.8104
65911	10103	3	0	690.371	34.1355	20.2272
65933	10103	1	0	690.371	34.1355	34.6016
65934	10103	3	0	678.371	81.1355	35.1019
65980	10103	1	0	678.371	81.1355	149.204
65981	10103	3	0	703.371	61.1355	149.787
65896	10104	1	0	501.569	315.281	4.90277
65897	10104	3	0	507.569	335.281	5.23602
65904	10104	1	0	507.569	335.281	11.4893
65905	10104	3	0	507.569	335.281	11.6226
65922	10104	1	0	507.569	335.281	27.2144
65923	10104	3	0	509.569	263.281	27.5312
65941	10104	1	0	509.569	263.281	50.9276
65942	10104	3	0	509.569	263.281	51.0777
65947	10104	1	0	509.569	263.281	92.1699
65948	10104	3	1	317.569	339.281	92.6702
65951	10104	1	1	317.569	339.281	111.98
65952	10104	3	0	575.569	370.281	112.447
65973	10104	1	0	575.569	370.281	144.067
65974	10104	3	0	638.569	321.281	145.268
65989	10104	1	0	638.569	321.281	207.436
65990	10104	3	0	614.569	320.281	208.419
65993	10104	1	0	614.569	320.281	213.155
65994	10104	3	1	367.569	249.281	213.472
65997	10104	1	1	367.569	249.281	217.791
65998	10104	3	0	607.569	285.281	218.174
66005	10104	1	0	607.569	285.281	220.976
66006	10104	3	1	273.569	251.281	221.409
66011	10104	1	1	273.569	251.281	225.595
66012	10104	3	1	70.5692	97.2809	226.195
66013	10104	1	1	70.5692	97.2809	267.851
66014	10104	3	1	60.5692	103.281	268.336
66029	10104	1	1	60.5692	103.281	281.675
66030	10104	3	1	57.5692	80.2809	281.891
67844	10185	1	0	739.628	345.607	3.9527
67845	10185	3	0	742.628	377.607	4.25287
67848	10185	1	0	742.628	377.607	5.93707
67849	10185	3	0	750.628	335.607	6.33752
67850	10185	1	0	750.628	335.607	6.95416
67851	10185	3	0	756.628	334.607	9.25562
67873	10185	1	0	756.628	334.607	20.3618
67874	10185	3	0	780.628	338.607	20.6284
67885	10185	1	0	780.628	338.607	26.348
67886	10185	3	1	231.628	360.607	27.2319
68003	10185	1	1	231.628	360.607	170.262
68004	10185	3	1	216.628	378.607	170.496
68078	10185	1	1	216.628	378.607	232.447
68079	10185	3	0	536.628	366.607	233.097
68085	10185	1	0	536.628	366.607	236.149
68086	10185	3	1	354.628	352.607	236.432
68119	10185	1	1	354.628	352.607	396.022
68120	10185	3	1	345.628	367.607	396.589
68131	10185	1	1	345.628	367.607	414.365
68132	10185	3	1	98.6281	125.607	414.866
68163	10185	1	1	98.6281	125.607	541.38
68164	10185	3	1	102.628	121.607	543.915
68167	10185	1	1	102.628	121.607	590.715
68168	10185	3	1	178.628	237.607	591.382
67838	10186	1	0	683.933	423.672	1.38428
67839	10186	3	0	577.933	418.672	1.81793
67846	10186	1	0	577.933	418.672	5.12
67847	10186	3	0	597.933	345.672	5.57025
67877	10186	1	0	597.933	345.672	21.9625
67878	10186	3	0	644.933	368.672	22.2126
67883	10186	1	0	644.933	368.672	25.231
67884	10186	3	1	84.9329	339.672	25.8478
67927	10186	1	1	84.9329	339.672	78.5772
67928	10186	3	1	79.9329	338.672	78.9607
68001	10186	1	1	79.9329	338.672	169.578
68002	10186	3	1	58.9329	372.672	169.878
68087	10186	1	1	58.9329	372.672	236.833
68088	10186	3	0	540.933	384.672	237.317
68093	10186	1	0	540.933	384.672	241.569
68094	10186	3	0	600.933	386.672	241.836
68139	10186	1	0	600.933	386.672	455.423
68140	10186	3	1	306.933	235.672	456.524
68143	10186	1	1	306.933	235.672	462.176
68144	10186	3	0	612.933	347.672	462.56
68149	10186	1	0	612.933	347.672	469.197
68150	10186	3	1	144.933	364.672	470.097
68159	10186	1	1	144.933	364.672	477.385
68160	10186	3	0	725.933	361.672	477.802
67857	10187	1	0	756.368	143.559	12.741
67858	10187	3	0	675.368	119.559	13.2246
67889	10187	1	0	675.368	119.559	36.3537
67890	10187	3	1	160.368	182.559	36.8871
67903	10187	1	1	160.368	182.559	58.4487
67904	10187	3	0	521.368	259.559	58.8989
67911	10187	1	0	521.368	259.559	65.1692
67912	10187	3	1	295.368	188.559	65.4694
67913	10187	1	1	295.368	188.559	66.5701
67914	10187	3	0	591.368	284.559	66.9871
67919	10187	1	0	591.368	284.559	69.1047
67920	10187	3	1	230.368	226.559	69.4382
67921	10187	1	1	230.368	226.559	69.7051
67922	10187	3	0	598.368	251.559	70.0884
67925	10187	1	0	598.368	251.559	73.324
67926	10187	3	0	518.368	367.559	73.6409
67935	10187	1	0	518.368	367.559	105.042
67936	10187	3	0	564.368	342.559	106.176
67937	10187	1	0	564.368	342.559	109.244
67938	10187	3	0	560.368	383.559	109.561
67973	10187	1	0	560.368	383.559	142.646
67974	10187	3	0	504.368	305.559	143.913
67977	10187	1	0	504.368	305.559	145.397
67978	10187	3	1	269.368	269.559	145.731
68005	10187	1	1	269.368	269.559	170.829
68006	10187	3	1	332.368	340.559	171.263
68010	10187	1	1	332.368	340.559	173.898
68011	10187	2	1	351.368	336.559	174.815
68012	10187	3	1	343.193	330.445	174.832
68036	10187	1	1	343.193	330.445	187.639
68037	10187	3	0	680.193	330.445	188.055
68080	10187	1	0	680.193	330.445	233.498
68081	10187	2	1	234.193	310.445	233.998
68082	10187	3	0	498.678	250.49	234.314
68083	10187	1	0	498.678	250.49	234.831
68084	10187	3	0	689.678	290.49	235.815
68089	10187	1	0	689.678	290.49	237.7
68090	10187	3	1	111.678	314.49	238.751
68091	10187	1	1	111.678	314.49	240.068
68092	10187	3	1	177.678	374.49	240.418
68113	10187	1	1	177.678	374.49	264.73
68114	10187	3	1	65.6777	375.49	265.197
68125	10187	1	1	65.6777	375.49	411.797
68126	10187	3	1	34.6777	154.49	412.181
68129	10187	1	1	34.6777	154.49	413.281
68130	10187	3	1	114.678	228.49	413.999
68137	10187	1	1	114.678	228.49	453.839
68138	10187	3	0	777.678	343.49	454.889
68145	10187	1	0	777.678	343.49	462.843
68146	10187	3	1	104.678	242.49	463.727
67852	10188	1	0	799.423	109.571	9.78912
67853	10188	2	0	808.423	-1.4288	10.5566
67854	10188	3	0	800.498	8.93094	10.5732
67895	10188	1	0	800.498	8.93094	52.263
67896	10188	3	0	612.498	299.931	53.8802
67905	10188	1	0	612.498	299.931	59.2157
67906	10188	3	1	223.499	262.931	59.5491
67907	10188	1	1	223.499	262.931	60.6664
67908	10188	3	1	222.499	135.931	60.95
67909	10188	1	1	222.499	135.931	64.0371
67910	10188	3	0	594.498	367.931	64.9022
67915	10188	1	0	594.498	367.931	67.2372
67916	10188	3	1	292.499	266.931	67.5707
67917	10188	1	1	292.499	266.931	68.221
67918	10188	3	0	572.498	350.931	68.5212
67923	10188	1	0	572.498	350.931	70.4053
67924	10188	3	1	163.499	212.931	70.8389
67975	10188	1	1	163.499	212.931	144.297
67976	10188	3	0	658.498	363.931	145.147
67979	10188	1	0	658.498	363.931	146.432
67980	10188	3	0	609.498	365.931	146.748
68007	10188	1	0	609.498	365.931	171.663
68008	10188	2	1	189.499	142.931	173.348
68009	10188	3	0	501.216	185.301	173.714
68013	10188	1	0	501.216	185.301	175.165
68014	10188	3	0	567.216	303.301	175.532
68038	10188	1	0	567.216	303.301	188.306
68039	10188	3	1	270.216	273.301	188.639
68076	10188	1	1	270.216	273.301	226.777
68077	10188	3	1	168.216	204.301	227.244
68121	10188	1	1	168.216	204.301	401.858
68122	10188	3	1	124.216	199.301	402.458
68123	10188	1	1	124.216	199.301	411.064
68124	10188	3	1	147.216	278.301	411.48
68127	10188	1	1	147.216	278.301	412.531
68128	10188	3	1	105.216	368.301	412.948
68147	10188	1	1	105.216	368.301	467.863
68148	10188	3	0	509.216	337.301	468.88
68151	10188	1	0	509.216	337.301	471.281
68152	10188	3	0	515.216	337.301	471.665
68161	10188	1	0	515.216	337.301	478.035
68162	10188	3	1	111.216	357.301	478.652
68165	10188	1	1	111.216	357.301	588.731
68166	10188	3	1	140.216	302.301	590.182
68171	10188	1	1	140.216	302.301	594.802
68172	10188	3	1	127.216	302.301	595.252
67842	10189	1	0	749.297	412.811	3.10223
67843	10189	3	0	644.297	292.811	3.69403
67879	10189	1	0	644.297	292.811	23.3965
67880	10189	3	0	568.297	128.811	23.7467
67891	10189	1	0	568.297	128.811	49.6281
67892	10189	3	0	619.297	143.811	49.9785
67899	10189	1	0	619.297	143.811	56.6481
67900	10189	3	0	630.297	76.8112	56.8815
67929	10189	1	0	630.297	76.8112	88.3656
67930	10189	3	1	325.297	119.811	88.8828
67939	10189	1	1	325.297	119.811	110.212
67940	10189	3	1	322.297	136.811	110.612
67941	10189	1	1	322.297	136.811	113.663
67942	10189	3	0	573.297	226.811	114.614
67961	10189	1	0	573.297	226.811	131.123
67962	10189	3	1	298.297	171.811	131.356
67971	10189	1	1	298.297	171.811	141.812
67972	10189	3	0	537.297	178.811	142.329
67983	10189	1	0	537.297	178.811	151.05
67984	10189	3	1	265.297	130.811	152.235
67995	10189	1	1	265.297	130.811	163.908
67996	10189	3	0	701.297	164.811	164.325
68017	10189	1	0	701.297	164.811	179.134
68018	10189	3	1	207.297	162.811	179.501
68029	10189	1	1	207.297	162.811	184.503
68030	10189	3	0	632.297	85.8112	184.87
68042	10189	1	0	632.297	85.8112	192.191
68043	10189	3	1	335.297	94.8112	194.376
68050	10189	1	1	335.297	94.8112	201.229
68051	10189	3	1	345.297	88.8112	201.963
68052	10189	1	1	345.297	88.8112	202.247
68053	10189	3	0	626.297	46.8112	202.714
68064	10189	1	0	626.297	46.8112	211.818
68065	10189	3	0	686.297	32.8112	213.703
68070	10189	1	0	686.297	32.8112	217.189
68071	10189	3	1	270.297	81.8112	218.022
68072	10189	1	1	270.297	81.8112	220.591
68073	10189	3	0	739.297	51.8112	221.408
68074	10189	1	0	739.297	51.8112	222.508
68075	10189	3	0	593.297	25.8113	223.642
68109	10189	1	0	593.297	25.8113	260.628
68110	10189	3	0	644.297	31.8113	261.344
68153	10189	1	0	644.297	31.8113	473.266
68154	10189	3	1	290.297	226.811	473.949
68157	10189	1	1	290.297	226.811	476.101
68158	10189	3	0	716.297	122.811	476.818
67881	10190	1	0	552.63	308.249	24.4639
67882	10190	3	0	552.63	209.249	24.7308
67901	10190	1	0	552.63	209.249	57.2485
67902	10190	3	0	545.63	132.249	57.5817
67947	10190	1	0	545.63	132.249	118.916
67948	10190	3	1	310.63	119.249	119.333
67953	10190	1	1	310.63	119.249	127.62
67954	10190	3	0	549.63	90.2487	128.521
67963	10190	1	0	549.63	90.2487	132.907
67964	10190	3	0	563.63	123.249	133.191
67985	10190	1	0	563.63	123.249	153.604
67986	10190	3	1	338.63	103.249	156.421
67993	10190	1	1	338.63	103.249	163.175
67994	10190	3	0	516.63	148.249	163.508
68019	10190	1	0	516.63	148.249	179.917
68020	10190	3	1	328.63	139.249	180.201
68027	10190	1	1	328.63	139.249	183.736
68028	10190	3	0	593.63	135.249	184.053
68058	10190	1	0	593.63	135.249	207.766
68059	10190	3	1	392.63	160.249	208.25
68062	10190	1	1	392.63	160.249	210.384
68063	10190	3	1	332.63	157.249	210.801
68068	10190	1	1	332.63	157.249	216.338
68069	10190	3	0	672.63	123.249	216.838
68107	10190	1	0	672.63	123.249	259.427
68108	10190	3	0	652.63	119.249	260.211
67875	10191	1	0	772.774	234.307	21.2289
67876	10191	3	0	815.774	124.307	21.5455
67887	10191	1	0	815.774	124.307	28.5158
67888	10191	3	0	811.774	180.307	29.0827
67933	10191	1	0	811.774	180.307	94.6857
67934	10191	3	0	699.774	231.307	100.856
67945	10191	1	0	699.774	231.307	117.882
67946	10191	3	1	339.774	154.307	118.399
67955	10191	1	1	339.774	154.307	128.921
67956	10191	3	0	582.774	55.307	129.305
67965	10191	1	0	582.774	55.307	133.741
67966	10191	3	0	599.774	61.307	133.891
67967	10191	1	0	599.774	61.307	134.175
67968	10191	3	0	627.774	57.307	136.243
67989	10191	1	0	627.774	57.307	158.305
67990	10191	3	1	383.774	59.307	159.322
67997	10191	1	1	383.774	59.307	164.742
67998	10191	3	0	575.774	41.307	165.109
68023	10191	1	0	575.774	41.307	181.352
68024	10191	3	1	395.774	28.307	181.718
68034	10191	1	1	395.774	28.307	186.388
68035	10191	3	0	547.774	22.307	186.771
68048	10191	1	0	547.774	22.307	199.645
68049	10191	3	0	635.774	123.307	200.846
68056	10191	1	0	635.774	123.307	204.381
68057	10191	3	0	598.774	192.307	206.782
68099	10191	1	0	598.774	192.307	252.141
68100	10191	3	1	323.774	176.307	253.208
68133	10191	1	1	323.774	176.307	415.283
68134	10191	3	1	127.774	33.307	416.4
68135	10191	1	1	127.774	33.307	419.518
68136	10191	3	1	120.774	37.307	422.704
68169	10191	1	1	120.774	37.307	591.933
68170	10191	3	1	158.774	275.307	592.934
68173	10191	1	1	158.774	275.307	595.685
68174	10191	3	1	153.774	215.307	596.92
67840	10192	1	0	722.179	330.75	2.26794
67841	10192	3	0	557.179	171.75	2.66852
67859	10192	1	0	557.179	171.75	15.5093
67860	10192	3	0	595.179	13.7499	15.9595
67863	10192	1	0	595.179	13.7499	17.1603
67864	10192	3	0	553.179	47.7499	17.5768
67865	10192	1	0	553.179	47.7499	17.9269
67866	10192	2	0	661.179	4.74988	18.2103
67867	10192	3	0	661.519	15.6949	18.227
67870	10192	1	0	661.519	15.6949	19.3944
67871	10192	2	0	663.519	-7.30512	19.6112
67872	10192	3	0	663.953	15.2038	19.6445
67893	10192	1	0	663.953	15.2038	50.3621
67894	10192	3	0	689.953	115.204	50.9121
67897	10192	1	0	689.953	115.204	54.3137
67898	10192	3	0	811.953	52.2038	54.9305
67943	10192	1	0	811.953	52.2038	114.998
67944	10192	3	0	804.953	78.2038	116.598
67981	10192	1	0	804.953	78.2038	147.715
67982	10192	3	0	797.953	107.204	150.516
68015	10192	1	0	797.953	107.204	176.099
68016	10192	3	0	744.953	69.2038	178.15
68066	10192	1	0	744.953	69.2038	214.287
68067	10192	3	0	740.953	117.204	215.671
68095	10192	1	0	740.953	117.204	242.736
68096	10192	3	0	732.953	188.204	244.153
68101	10192	1	0	732.953	188.204	255.275
68102	10192	3	0	614.953	186.204	256.125
68115	10192	1	0	614.953	186.204	279.055
68116	10192	3	0	626.953	194.204	279.522
68141	10192	1	0	626.953	194.204	457.041
68142	10192	3	0	727.953	259.204	460.559
68155	10192	1	0	727.953	259.204	474.35
68156	10192	3	0	687.953	251.204	475.384
67861	10193	1	0	568.744	121.546	16.5096
67862	10193	3	0	544.744	33.5459	16.9269
67868	10193	1	0	544.744	33.5459	18.6772
67869	10193	3	0	577.744	21.5459	18.9275
67931	10193	1	0	577.744	21.5459	91.6674
67932	10193	3	0	609.744	29.5459	92.9513
67951	10193	1	0	609.744	29.5459	122.318
67952	10193	3	1	267.744	54.5459	126.937
67959	10193	1	1	267.744	54.5459	130.439
67960	10193	3	0	695.744	78.5459	130.756
67991	10193	1	0	695.744	78.5459	159.956
67992	10193	3	0	565.744	101.546	162.724
68021	10193	1	0	565.744	101.546	180.735
68022	10193	3	1	359.744	84.5459	181.035
68031	10193	1	1	359.744	84.5459	185.871
68032	10193	2	0	487.744	69.5459	186.121
68033	10193	3	0	497.818	78.3011	186.138
68103	10193	1	0	497.818	78.3011	256.659
68104	10193	3	0	540.818	181.301	257.76
68117	10193	1	0	540.818	181.301	286.81
68118	10193	3	0	547.818	232.301	287.343
67855	10194	1	0	681.272	64.2697	11.6736
67856	10194	3	0	735.272	17.2697	12.1907
67949	10194	1	0	735.272	17.2697	120.1
67950	10194	3	1	363.272	36.2697	121.751
67957	10194	1	1	363.272	36.2697	129.705
67958	10194	3	0	551.272	29.2697	130.005
67969	10194	1	0	551.272	29.2697	137.443
67970	10194	3	0	553.272	54.2697	140.211
67987	10194	1	0	553.272	54.2697	157.004
67988	10194	3	1	333.272	38.2697	157.738
67999	10194	1	1	333.272	38.2697	165.776
68000	10194	3	0	698.272	221.27	166.243
68025	10194	1	0	698.272	221.27	182.219
68026	10194	3	0	581.272	183.27	183.269
68040	10194	1	0	581.272	183.27	191.276
68041	10194	3	0	571.272	235.27	191.674
68044	10194	1	0	571.272	235.27	195.226
68045	10194	3	1	331.272	201.27	197.527
68046	10194	1	1	331.272	201.27	198.778
68047	10194	3	0	551.272	235.27	199.178
68054	10194	1	0	551.272	235.27	203.131
68055	10194	3	1	289.272	147.27	203.514
68060	10194	1	1	289.272	147.27	208.984
68061	10194	3	0	559.272	137.27	209.601
68097	10194	1	0	559.272	137.27	247.488
68098	10194	3	0	569.272	127.27	247.855
68105	10194	1	0	569.272	127.27	258.193
68106	10194	3	0	498.272	120.27	258.977
68111	10194	1	0	498.272	120.27	263.129
68112	10194	3	0	577.272	106.27	263.346
74167	10597	1	0	813.698	332.759	87.7365
74168	10597	3	0	847.698	206.759	88.2867
74171	10597	1	0	847.698	206.759	93.7404
74172	10597	3	0	821.698	213.759	94.174
74173	10597	1	0	821.698	213.759	106.164
74174	10597	3	1	178.698	160.759	106.831
74177	10597	1	1	178.698	160.759	123.99
74178	10597	3	0	636.698	324.759	124.724
74181	10597	1	0	636.698	324.759	154.541
74182	10597	3	0	607.698	316.759	156.542
74185	10597	1	0	607.698	316.759	167.198
74186	10597	3	1	362.698	113.759	169.149
74191	10597	1	1	362.698	113.759	172.151
74192	10597	3	1	363.698	143.759	172.518
74193	10597	1	1	363.698	143.759	172.901
74194	10597	3	1	363.698	143.759	173.035
74281	10597	1	1	363.698	143.759	294.653
74282	10597	3	0	536.698	152.759	294.953
74285	10597	1	0	536.698	152.759	296.62
74286	10597	3	0	509.698	133.759	297.471
74290	10597	1	0	509.698	133.759	299.189
74291	10597	3	1	300.698	130.759	299.689
74312	10597	1	1	300.698	130.759	367.898
74313	10597	3	1	79.698	109.759	368.498
74125	10598	1	0	548.792	290.945	5.13696
74126	10598	3	0	552.792	345.945	5.40375
74143	10598	1	0	552.792	345.945	20.7801
74144	10598	3	0	531.792	350.945	21.1136
74175	10598	1	0	531.792	350.945	107.398
74176	10598	3	0	813.792	162.945	108.698
74245	10598	1	0	813.792	162.945	232.368
74246	10598	3	0	776.792	238.945	234.068
74279	10598	1	0	776.792	238.945	292.935
74280	10598	3	0	531.792	321.945	294.219
74283	10598	1	0	531.792	321.945	295.303
74284	10598	3	1	342.792	148.945	296.153
74287	10598	1	1	342.792	148.945	298.555
74288	10598	2	0	490.792	274.945	298.888
74289	10598	3	0	499.698	272.483	298.905
74292	10598	1	0	499.698	272.483	300.489
74293	10598	3	0	604.698	281.483	300.923
74294	10598	1	0	604.698	281.483	307.827
74295	10598	3	0	693.698	284.483	308.243
74298	10598	1	0	693.698	284.483	332.142
74299	10598	3	0	699.698	215.483	332.392
74320	10598	1	0	699.698	215.483	412.509
74321	10598	3	0	768.698	257.483	414.26
74129	10599	1	0	779.321	317.893	6.47144
74130	10599	3	0	757.321	310.893	6.68835
74169	10599	1	0	757.321	310.893	91.4891
74170	10599	3	0	668.321	28.8928	92.5232
74187	10599	1	0	668.321	28.8928	169.633
74188	10599	3	0	702.321	58.8928	170.133
74256	10599	1	0	702.321	58.8928	242.123
74257	10599	3	0	702.321	58.8928	242.74
74159	10600	1	0	790.58	42.6999	67.5751
74160	10600	3	0	642.58	33.6999	68.2585
74189	10600	1	0	642.58	33.6999	170.55
74190	10600	3	0	618.58	44.6999	170.9
74137	10601	1	0	753.116	404.36	9.94019
74138	10601	3	0	776.116	415.36	10.1738
74155	10601	1	0	776.116	415.36	28.2015
74156	10601	3	0	718.116	413.36	28.5184
74157	10601	1	0	718.116	413.36	54.401
74158	10601	3	1	359.116	258.36	54.8679
74199	10601	1	1	359.116	258.36	175.986
74200	10601	3	1	240.116	398.36	176.669
74239	10601	1	1	240.116	398.36	226.081
74240	10601	3	1	247.116	231.36	226.598
74241	10601	1	1	247.116	231.36	227.482
74242	10601	3	1	263.116	415.36	228.883
74243	10601	1	1	263.116	415.36	231.267
74244	10601	3	0	511.116	392.36	231.934
74247	10601	1	0	511.116	392.36	234.552
74248	10601	3	1	314.116	426.36	235.102
74260	10601	1	1	314.116	426.36	247.976
74261	10601	3	1	287.116	385.36	248.276
74300	10601	1	1	287.116	385.36	340.564
74301	10601	3	1	180.116	196.36	340.981
74306	10601	1	1	180.116	196.36	344.133
74307	10601	3	1	49.1164	37.36	344.55
74310	10601	1	1	49.1164	37.36	364.98
74311	10601	3	1	58.1164	43.36	365.397
74135	10602	1	0	793.598	215.256	9.08997
74136	10602	3	0	834.598	247.256	9.49011
74165	10602	1	0	834.598	247.256	86.3525
74166	10602	3	1	292.598	108.256	86.8859
74203	10602	1	1	292.598	108.256	178.454
74204	10602	3	1	282.598	147.256	178.737
74212	10602	1	1	282.598	147.256	196.531
74213	10602	3	0	537.598	126.256	197.182
74216	10602	1	0	537.598	126.256	199.8
74217	10602	3	0	516.598	211.256	201.285
74218	10602	1	0	516.598	211.256	201.701
74219	10602	3	0	515.598	217.256	202.919
74222	10602	1	0	515.598	217.256	204.186
74223	10602	3	1	352.598	237.256	204.753
74262	10602	1	1	352.598	237.256	248.709
74263	10602	3	1	350.598	395.256	249.827
74302	10602	1	1	350.598	395.256	341.498
74303	10602	3	1	114.598	179.256	341.965
74304	10602	1	1	114.598	179.256	343.249
74305	10602	3	1	144.598	48.256	343.566
74316	10602	1	1	144.598	48.256	410.025
74317	10602	3	1	158.598	49.256	410.875
74318	10602	1	1	158.598	49.256	411.242
74319	10602	3	0	571.598	371.256	411.926
74322	10602	1	0	571.598	371.256	414.844
74323	10602	3	1	185.598	44.256	416.345
74324	10602	1	1	185.598	44.256	417.229
74325	10602	3	1	167.598	44.256	417.796
74127	10603	1	0	677.344	386.192	5.75397
74128	10603	3	0	644.344	357.192	6.02063
74145	10603	1	0	644.344	357.192	22.5145
74146	10603	3	1	298.344	285.192	23.0983
74149	10603	1	1	298.344	285.192	24.4491
74150	10603	3	1	238.344	309.192	25.0496
74153	10603	1	1	238.344	309.192	25.8499
74154	10603	3	1	220.344	325.192	26.4002
74197	10603	1	1	220.344	325.192	174.702
74198	10603	3	1	136.344	382.192	175.602
74117	10604	1	0	604.584	413.628	1.284
74118	10604	3	0	551.584	120.628	1.93439
74121	10604	1	0	551.584	120.628	3.76923
74122	10604	3	0	603.584	77.6278	4.01941
74141	10604	1	0	603.584	77.6278	16.8444
74142	10604	3	1	207.584	230.628	19.4625
74147	10604	1	1	207.584	230.628	23.5319
74148	10604	3	1	120.584	317.628	24.149
74151	10604	1	1	120.584	317.628	25.283
74152	10604	3	1	81.5839	335.628	25.5665
74195	10604	1	1	81.5839	335.628	173.651
74196	10604	3	1	36.5839	376.628	174.335
74131	10605	1	0	607.735	164.974	7.10529
74132	10605	3	0	564.735	195.974	7.43896
74161	10605	1	0	564.735	195.974	76.9801
74162	10605	3	0	534.735	156.974	77.2971
74183	10605	1	0	534.735	156.974	161.078
74184	10605	3	0	603.735	160.974	163.363
74207	10605	1	0	603.735	160.974	190.677
74208	10605	3	0	541.735	166.974	192.729
74209	10605	1	0	541.735	166.974	194.83
74210	10605	2	0	490.735	182.974	196.064
74211	10605	3	0	498.683	184.13	196.081
74214	10605	1	0	498.683	184.13	197.365
74215	10605	3	1	288.683	236.13	198.6
74220	10605	1	1	288.683	236.13	203.186
74221	10605	3	0	633.683	218.13	203.702
74226	10605	1	0	633.683	218.13	211.24
74227	10605	3	0	586.683	233.13	211.69
74230	10605	1	0	586.683	233.13	216.76
74231	10605	2	1	291.683	280.13	217.21
74232	10605	3	0	499.963	237.007	217.493
74233	10605	1	0	499.963	237.007	217.91
74234	10605	3	0	493.963	219.007	220.945
74235	10605	1	0	493.963	219.007	223.597
74236	10605	3	0	508.963	207.007	223.947
74268	10605	1	0	508.963	207.007	253.846
74269	10605	3	0	542.963	176.007	254.896
74272	10605	1	0	542.963	176.007	257.531
74273	10605	3	0	534.963	237.007	257.898
74274	10605	1	0	534.963	237.007	264.652
74275	10605	2	0	426.963	210.007	265.235
74276	10605	3	0	494.144	208.816	265.352
74277	10605	1	0	494.144	208.816	265.769
74278	10605	3	0	554.144	211.816	266.086
74296	10605	1	0	554.144	211.816	331.559
74297	10605	3	0	554.144	188.816	331.809
74123	10606	1	0	599.28	291.349	4.36969
74124	10606	3	0	695.28	183.349	4.7868
74133	10606	1	0	695.28	183.349	7.7226
74134	10606	3	0	681.28	161.349	8.18951
74179	10606	1	0	681.28	161.349	138.482
74180	10606	3	1	139.28	126.349	139.099
74201	10606	1	1	139.28	126.349	177.103
74202	10606	3	1	340.28	255.349	177.92
74205	10606	1	1	340.28	255.349	189.91
74206	10606	3	0	547.28	316.349	190.427
74224	10606	1	0	547.28	316.349	205.52
74225	10606	3	1	342.28	306.349	207.421
74228	10606	1	1	342.28	306.349	216.076
74229	10606	3	0	525.28	329.349	216.543
74237	10606	1	0	525.28	329.349	224.514
74238	10606	3	1	317.28	317.349	224.898
74258	10606	1	1	317.28	317.349	246.725
74259	10606	3	1	239.28	68.349	247.209
74264	10606	1	1	239.28	68.349	250.427
74265	10606	3	1	269.28	197.349	250.911
74266	10606	1	1	269.28	197.349	253.179
74267	10606	3	0	502.28	291.349	253.596
74270	10606	1	0	502.28	291.349	255.18
74271	10606	3	1	312.28	232.349	255.78
74308	10606	1	1	312.28	232.349	344.983
74309	10606	3	1	73.2796	211.349	345.934
74314	10606	1	1	73.2796	211.349	368.832
74315	10606	3	1	68.2796	226.349	369.149
74119	10607	1	0	683.769	313.324	2.26794
74120	10607	3	0	802.769	107.324	3.1687
74163	10607	1	0	802.769	107.324	82.567
74164	10607	3	0	775.769	14.3241	82.9838
74249	10607	1	0	775.769	14.3241	236.07
74250	10607	2	0	467.769	335.324	236.737
74251	10607	3	0	494.019	317.208	236.787
74252	10607	1	0	494.019	317.208	239.872
74253	10607	3	0	545.019	337.208	240.722
74254	10607	1	0	545.019	337.208	241.089
74255	10607	3	0	796.019	13.2085	241.723
74139	10608	1	0	596.281	36.2277	10.8242
74140	10608	3	0	548.281	35.2277	11.2409
75944	10779	1	0	673.495	224.292	8.55487
75945	10779	3	1	171.495	179.292	9.95551
75982	10779	1	1	171.495	179.292	87.4675
75983	10779	3	1	117.495	22.2918	87.8345
76043	10779	1	1	117.495	22.2918	161.573
76044	10779	3	1	78.4953	28.2918	161.957
76047	10779	1	1	78.4953	28.2918	248.208
76048	10779	3	1	235.495	43.2918	248.607
76053	10779	1	1	235.495	43.2918	251.959
76054	10779	3	1	207.495	43.2918	252.309
76057	10779	1	1	207.495	43.2918	341.692
76058	10779	3	1	153.495	150.292	342.176
76063	10779	1	1	153.495	150.292	344.761
76064	10779	3	1	153.495	145.292	345.245
75934	10780	1	0	675.967	314.21	4.15234
75935	10780	3	0	726.967	353.21	4.53589
75960	10780	1	0	726.967	353.21	38.7716
75961	10780	3	0	641.967	107.21	39.2884
75964	10780	1	0	641.967	107.21	41.8571
75965	10780	3	0	778.967	121.21	42.6906
75970	10780	1	0	778.967	121.21	56.498
75971	10780	3	0	682.967	146.21	56.9484
75936	10781	1	0	661.317	269.843	4.8526
75937	10781	3	0	571.317	346.843	5.40283
75966	10781	1	0	571.317	346.843	53.963
75967	10781	3	1	225.317	339.843	54.9134
75968	10781	1	1	225.317	339.843	55.3305
75969	10781	3	1	297.317	350.843	55.7308
75972	10781	1	1	297.317	350.843	66.421
75973	10781	3	0	522.317	356.843	66.7547
75978	10781	1	0	522.317	356.843	76.5944
75979	10781	3	0	538.317	329.843	77.0112
76015	10781	1	0	538.317	329.843	140.329
76016	10781	3	0	543.317	350.843	141.413
75932	10782	1	0	777.13	43.593	3.5354
75933	10782	3	0	718.13	49.593	3.76874
75952	10782	1	0	718.13	49.593	12.6569
75953	10782	3	1	332.13	190.593	13.4404
75980	10782	1	1	332.13	190.593	86.367
75981	10782	3	1	197.13	49.593	87.0173
75984	10782	1	1	197.13	49.593	88.3849
75985	10782	3	1	197.13	35.593	88.6516
76019	10782	1	1	197.13	35.593	145.798
76020	10782	3	1	260.13	37.593	146.482
76021	10782	1	1	260.13	37.593	147.282
76022	10782	3	1	347.13	41.593	148.433
76023	10782	1	1	347.13	41.593	150.384
76024	10782	3	1	312.13	32.593	150.717
76051	10782	1	1	312.13	32.593	251.242
76052	10782	3	1	312.13	32.593	251.625
76055	10782	1	1	312.13	32.593	252.609
76056	10782	3	1	289.13	32.593	252.96
76059	10782	1	1	289.13	32.593	342.56
76060	10782	3	1	181.13	236.593	343.01
76061	10782	1	1	181.13	236.593	343.594
76062	10782	3	1	213.13	149.593	344.344
75948	10783	1	0	600.937	45.1262	11.5061
75949	10783	3	0	657.937	57.1262	11.7228
75958	10783	1	0	657.937	57.1262	25.4475
75959	10783	3	1	307.936	53.1262	25.8978
75990	10783	1	1	307.936	53.1262	91.6704
75991	10783	3	0	521.937	186.126	94.5051
75994	10783	1	0	521.937	186.126	97.5402
75995	10783	3	0	500.936	176.126	99.0414
76000	10783	1	0	500.936	176.126	112.915
76001	10783	3	1	351.936	185.126	113.415
76037	10783	1	1	351.936	185.126	157.805
76038	10783	3	1	86.9365	205.126	158.538
75942	10784	1	0	626.432	224.377	7.3374
75943	10784	3	0	778.432	135.377	8.08765
75962	10784	1	0	778.432	135.377	39.7388
75963	10784	3	0	728.432	345.377	41.2733
75992	10784	1	0	728.432	345.377	94.9553
75993	10784	3	0	677.432	301.377	96.2229
75998	10784	1	0	677.432	301.377	110.631
75999	10784	3	0	752.432	289.377	112.365
76006	10784	1	0	752.432	289.377	122.921
76007	10784	3	0	702.432	321.377	125.589
75938	10785	1	0	665.679	286.066	6.16998
75939	10785	3	0	771.679	280.066	6.45343
75954	10785	1	0	771.679	280.066	18.1768
75955	10785	3	1	347.679	260.066	18.8605
75988	10785	1	1	347.679	260.066	90.9865
75989	10785	3	1	305.679	166.066	91.3033
75996	10785	1	1	305.679	166.066	108.997
75997	10785	3	0	520.679	99.0659	110.164
76002	10785	1	0	520.679	99.0659	115.016
76003	10785	3	1	338.679	104.066	115.816
76041	10785	1	1	338.679	104.066	159.822
76042	10785	3	1	188.679	53.0659	161.24
76045	10785	1	1	188.679	53.0659	246.74
76046	10785	3	1	164.679	84.0659	247.841
76049	10785	1	1	164.679	84.0659	248.858
76050	10785	3	1	84.6786	57.0659	249.291
75940	10786	1	0	603.122	259.765	6.78687
75941	10786	3	0	555.122	261.765	7.10382
75956	10786	1	0	555.122	261.765	22.2289
75957	10786	3	1	187.122	276.765	22.9292
75986	10786	1	1	187.122	276.765	90.0693
75987	10786	3	1	193.122	150.765	90.6195
76029	10786	1	1	193.122	150.765	154.036
76030	10786	3	1	92.1221	218.765	154.869
76033	10786	1	1	92.1221	218.765	156.304
76034	10786	3	1	92.1221	131.765	156.77
76039	10786	1	1	92.1221	131.765	158.938
76040	10786	3	1	62.1221	120.765	159.238
75974	10787	1	0	828.406	32.9108	67.3884
75975	10787	3	1	260.406	379.911	67.9889
76012	10787	1	1	260.406	379.911	133.709
76013	10787	2	0	493.406	148.911	135.243
76014	10787	3	0	502.194	152.745	135.259
76017	10787	1	0	502.194	152.745	141.83
76018	10787	3	1	317.194	337.746	142.33
76025	10787	1	1	317.194	337.746	151.585
76026	10787	3	1	64.1938	379.746	152.168
75930	10788	1	0	592.172	214.871	2.36804
75931	10788	3	0	547.172	26.8712	2.90167
75946	10788	1	0	547.172	26.8712	10.6393
75947	10788	3	0	528.172	109.871	11.056
75950	10788	1	0	528.172	109.871	11.973
75951	10788	3	0	531.172	58.8712	12.2067
75976	10788	1	0	531.172	58.8712	74.6266
75977	10788	3	1	89.1716	371.871	75.5605
76004	10788	1	1	89.1716	371.871	121.003
76005	10788	3	0	500.172	121.871	122.27
76008	10788	1	0	500.172	121.871	127.106
76009	10788	3	0	514.172	121.871	127.59
76010	10788	1	0	514.172	121.871	129.207
76011	10788	3	1	224.172	241.871	129.741
76027	10788	1	1	224.172	241.871	152.702
76028	10788	3	1	173.172	376.871	153.419
76031	10788	1	1	173.172	376.871	155.236
76032	10788	3	1	84.1716	307.871	156.02
76035	10788	1	1	84.1716	307.871	157.087
76036	10788	3	1	71.1716	281.871	157.421
79367	11093	1	0	802.082	57.0001	21.695
79368	11093	3	0	801.082	52.0001	21.9618
79395	11093	1	0	801.082	52.0001	49.3769
79396	11093	3	0	817.082	25.0002	49.7271
79449	11093	1	0	817.082	25.0002	120.068
79450	11093	3	1	162.082	79.0002	121.768
79531	11093	1	1	162.082	79.0002	270.485
79532	11093	3	1	348.082	10.0001	271.036
79535	11093	1	1	348.082	10.0001	272.687
79536	11093	3	1	348.082	102	273.104
79543	11093	1	1	348.082	102	286.545
79544	11093	2	0	465.082	120	286.911
79545	11093	3	0	494.085	134.915	286.962
79552	11093	1	0	494.085	134.915	289.746
79553	11093	3	1	236.085	105.915	290.213
79554	11093	1	1	236.085	105.915	297.635
79555	11093	3	1	281.085	113.915	298.385
79558	11093	1	1	281.085	113.915	351.047
79559	11093	3	1	110.085	99.9154	351.564
79615	11093	1	1	110.085	99.9154	555.357
79616	11093	3	1	85.085	146.915	555.858
79356	11094	1	0	595.478	175.634	12.2573
79357	11094	3	0	548.478	163.634	12.5241
79379	11094	1	0	548.478	163.634	36.87
79380	11094	3	0	582.478	192.634	37.6205
79383	11094	1	0	582.478	192.634	39.105
79384	11094	3	0	561.478	216.634	39.4051
79429	11094	1	0	561.478	216.634	98.0883
79430	11094	3	0	581.478	232.634	98.5551
79465	11094	1	0	581.478	232.634	150.951
79466	11094	3	0	632.478	192.634	151.234
79497	11094	1	0	632.478	192.634	200.995
79498	11094	3	0	614.478	273.634	201.662
79511	11094	1	0	614.478	273.634	253.827
79512	11094	3	0	670.478	273.634	254.143
79515	11094	1	0	670.478	273.634	257.712
79516	11094	3	0	708.478	261.634	260.847
79564	11094	1	0	708.478	261.634	408.397
79565	11094	3	0	512.478	157.634	409.064
79566	11094	1	0	512.478	157.634	410.431
79567	11094	3	0	533.478	167.634	411.165
79397	11095	1	0	708.217	12.1141	50.6775
79398	11095	3	0	726.217	15.1141	51.1112
79437	11095	1	0	726.217	15.1141	107.277
79438	11095	3	0	723.217	62.1141	107.661
79439	11095	1	0	723.217	62.1141	109.062
79440	11095	3	0	867.217	470.114	109.712
79451	11095	1	0	867.217	470.114	125.47
79452	11095	3	0	786.217	423.114	127.188
79463	11095	1	0	786.217	423.114	147.066
79464	11095	3	1	249.217	357.114	150.334
79467	11095	1	1	249.217	357.114	152.202
79468	11095	3	0	577.217	293.114	152.635
79471	11095	1	0	577.217	293.114	155.303
79472	11095	3	0	677.217	239.114	155.587
79489	11095	1	0	677.217	239.114	188.489
79490	11095	3	1	338.217	336.114	189.073
79562	11095	1	1	338.217	336.114	356.083
79563	11095	3	1	323.217	103.114	356.617
79348	11096	1	0	727.194	236.471	5.71991
79349	11096	3	0	781.194	315.471	5.95343
79369	11096	1	0	781.194	315.471	22.8791
79370	11096	3	1	59.1942	316.471	23.5963
79473	11096	1	1	59.1942	316.471	157.772
79474	11096	3	1	44.1942	397.471	158.406
79505	11096	1	1	44.1942	397.471	215.47
79506	11096	3	1	39.1942	397.471	215.77
79338	11097	1	0	494.413	206.439	1.68427
79339	11097	3	0	515.413	262.439	2.01776
79362	11097	1	0	515.413	262.439	14.2581
79363	11097	3	0	527.413	277.439	14.6082
79373	11097	1	0	527.413	277.439	32.4344
79374	11097	3	0	529.413	265.439	32.718
79375	11097	1	0	529.413	265.439	33.7685
79376	11097	3	0	654.413	356.439	34.5021
79389	11097	1	0	654.413	356.439	43.0071
79390	11097	3	0	721.413	367.439	43.3072
79407	11097	1	0	721.413	367.439	70.8713
79408	11097	3	1	257.413	259.439	71.6886
79409	11097	1	1	257.413	259.439	73.807
79410	11097	3	1	278.413	260.439	74.1071
79411	11097	1	1	278.413	260.439	78.1761
79412	11097	3	1	245.413	306.439	78.9099
79413	11097	1	1	245.413	306.439	84.2466
79414	11097	3	1	80.413	186.439	84.6637
79477	11097	1	1	80.413	186.439	167.645
79478	11097	3	1	40.413	245.439	167.929
79479	11097	1	1	40.413	245.439	176.099
79480	11097	3	1	46.413	255.439	176.599
79491	11097	1	1	46.413	255.439	194.126
79492	11097	3	1	54.413	264.439	194.509
79503	11097	1	1	54.413	264.439	214.719
79504	11097	3	1	45.413	270.439	215.087
79507	11097	1	1	45.413	270.439	216.12
79508	11097	3	1	45.413	282.439	216.454
79605	11097	1	1	45.413	282.439	531.139
79606	11097	3	1	252.413	375.439	534.225
79607	11097	1	1	252.413	375.439	535.676
79608	11097	3	1	51.413	288.439	537.11
79621	11097	1	1	51.413	288.439	609.047
79622	11097	3	1	348.413	370.439	609.83
79623	11097	1	1	348.413	370.439	614.834
79624	11097	3	1	31.413	289.439	615.551
79350	11098	1	0	773.855	143.416	6.32037
79351	11098	3	0	809.855	151.416	6.68726
79364	11098	1	0	809.855	151.416	20.8281
79365	11098	2	0	829.855	154.416	21.1448
79366	11098	3	0	821.284	157.448	21.1615
79393	11098	1	0	821.284	157.448	44.9914
79394	11098	3	0	795.284	164.448	45.5582
79435	11098	1	0	795.284	164.448	104.526
79436	11098	3	0	807.284	164.448	104.876
79445	11098	1	0	807.284	164.448	116.399
79446	11098	3	1	292.284	105.448	117.449
79509	11098	1	1	292.284	105.448	251.842
79510	11098	3	1	312.284	95.4481	252.893
79519	11098	1	1	312.284	95.4481	263.815
79520	11098	3	0	656.284	98.4481	264.266
79527	11098	1	0	656.284	98.4481	268.234
79528	11098	3	1	345.284	107.448	268.801
79529	11098	1	1	345.284	107.448	269.368
79530	11098	3	1	282.284	111.448	269.718
79533	11098	1	1	282.284	111.448	272.103
79534	11098	3	1	207.284	118.448	272.387
79556	11098	1	1	207.284	118.448	298.752
79557	11098	3	1	61.2842	167.448	299.286
79580	11098	1	1	61.2842	167.448	493.945
79581	11098	3	1	322.284	314.448	494.763
79586	11098	1	1	322.284	314.448	511.441
79587	11098	3	0	524.284	386.448	511.875
79597	11098	1	0	524.284	386.448	515.678
79598	11098	3	1	303.284	367.448	516.045
79599	11098	1	1	303.284	367.448	516.345
79600	11098	3	0	565.284	382.448	516.695
79619	11098	1	0	565.284	382.448	604.293
79620	11098	3	0	649.284	303.448	604.693
79340	11099	1	0	570.235	426.11	2.55145
79341	11099	3	0	570.235	426.11	2.61816
79360	11099	1	0	570.235	426.11	13.5411
79361	11099	3	0	594.235	432.11	13.7911
79371	11099	1	0	594.235	432.11	31.5341
79372	11099	3	0	554.235	429.11	31.8175
79391	11099	1	0	554.235	429.11	43.7572
79392	11099	3	0	596.235	366.11	44.1241
79484	11099	1	0	596.235	366.11	183.953
79485	11099	3	0	579.235	372.11	185.52
79499	11099	1	0	579.235	372.11	204.447
79500	11099	3	0	609.235	211.11	205.464
79501	11099	1	0	609.235	211.11	207.115
79502	11099	3	0	615.235	385.11	212.502
79517	11099	1	0	615.235	385.11	261.364
79518	11099	3	0	528.235	82.1098	262.048
79523	11099	1	0	528.235	82.1098	265.383
79524	11099	3	0	624.235	82.1098	267.167
79541	11099	1	0	624.235	82.1098	279.191
79542	11099	3	0	603.235	79.1098	281.309
79548	11099	1	0	603.235	79.1098	287.912
79549	11099	3	0	586.235	44.1098	288.646
79570	11099	1	0	586.235	44.1098	412.599
79571	11099	3	0	703.235	84.1098	413.249
79578	11099	1	0	703.235	84.1098	418.669
79579	11099	3	0	592.235	82.1098	419.336
79344	11100	1	0	761.843	243.536	4.03546
79345	11100	3	0	616.843	12.5358	4.75244
79399	11100	1	0	616.843	12.5358	51.6113
79400	11100	3	0	601.843	15.5358	51.9781
79441	11100	1	0	601.843	15.5358	110.429
79442	11100	3	0	603.843	45.5358	110.796
79443	11100	1	0	603.843	45.5358	111.38
79444	11100	3	0	579.843	63.5358	112.063
79495	11100	1	0	579.843	63.5358	199.011
79496	11100	3	0	511.843	167.536	199.845
79521	11100	1	0	511.843	167.536	264.599
79522	11100	3	1	379.843	123.536	264.966
79525	11100	1	1	379.843	123.536	267.634
79526	11100	3	0	543.843	144.536	267.934
79539	11100	1	0	543.843	144.536	278.24
79540	11100	3	0	609.843	212.536	278.507
79572	11100	1	0	609.843	212.536	413.599
79573	11100	3	0	679.843	246.536	413.883
79613	11100	1	0	679.843	246.536	550.704
79614	11100	3	0	556.843	224.536	551.287
79346	11101	1	0	716.996	220.449	5.2196
79347	11101	3	0	634.996	212.449	5.53656
79358	11101	1	0	634.996	212.449	12.8409
79359	11101	3	0	660.996	246.449	13.0909
79377	11101	1	0	660.996	246.449	35.3692
79378	11101	3	0	594.996	249.449	35.8361
79381	11101	1	0	594.996	249.449	38.5045
79382	11101	3	0	584.996	261.449	38.8379
79427	11101	1	0	584.996	261.449	94.0862
79428	11101	3	0	548.996	300.449	94.6201
79453	11101	1	0	548.996	300.449	133.391
79454	11101	3	1	362.996	368.449	136.126
79455	11101	1	1	362.996	368.449	137.66
79456	11101	3	1	325.996	367.449	139.678
79461	11101	1	1	325.996	367.449	145.315
79462	11101	3	1	367.996	408.449	146.366
79481	11101	1	1	367.996	408.449	183.152
79482	11101	2	0	484.996	410.449	183.586
79483	11101	3	0	495.141	402.166	183.602
79486	11101	1	0	495.141	402.166	186.121
79487	11101	2	0	492.141	387.166	187.988
79488	11101	3	0	501.919	380.053	188.005
79537	11101	1	0	501.919	380.053	274.221
79538	11101	3	0	538.919	89.0526	275.138
79546	11101	1	0	538.919	89.0526	287.262
79547	11101	3	1	382.919	78.0526	287.578
79550	11101	1	1	382.919	78.0526	289.013
79551	11101	3	0	660.919	85.0526	289.43
79568	11101	1	0	660.919	85.0526	411.665
79569	11101	3	0	501.919	100.053	412.315
79576	11101	1	0	501.919	100.053	415.851
79577	11101	3	0	516.919	100.053	416.201
79584	11101	1	0	516.919	100.053	497.598
79585	11101	3	0	568.919	250.053	498.232
79591	11101	1	0	568.919	250.053	512.959
79592	11101	3	1	369.919	417.053	513.576
79593	11101	1	1	369.919	417.053	514.56
79594	11101	3	0	508.919	308.053	514.877
79603	11101	1	0	508.919	308.053	518.763
79604	11101	3	1	377.919	306.053	519.648
79611	11101	1	1	377.919	306.053	549.553
79612	11101	3	1	344.919	306.053	549.836
79385	11102	1	0	728.271	171.588	39.9219
79386	11102	3	0	707.271	197.588	40.4559
79387	11102	1	0	707.271	197.588	41.8568
79388	11102	3	0	504.271	335.588	42.6404
79417	11102	1	0	504.271	335.588	87.9659
79418	11102	3	0	505.271	327.588	88.5164
79421	11102	1	0	505.271	327.588	90.2508
79422	11102	3	1	339.271	266.588	90.5677
79457	11102	1	1	339.271	266.588	143.331
79458	11102	3	1	354.271	268.588	143.531
79560	11102	1	1	354.271	268.588	355.483
79561	11102	3	1	338.271	207.588	355.767
79617	11102	1	1	338.271	207.588	557.592
79618	11102	3	1	347.271	198.588	557.926
79342	11103	1	0	679.067	259.268	3.05176
79343	11103	3	0	564.067	93.2676	3.51868
79354	11103	1	0	564.067	93.2676	11.5737
79355	11103	3	0	513.067	52.2676	11.8405
79401	11103	1	0	513.067	52.2676	52.4614
79402	11103	3	0	510.066	35.2676	52.7283
79431	11103	1	0	510.066	35.2676	99.1722
79432	11103	3	0	527.067	80.2676	99.7392
79433	11103	1	0	527.067	80.2676	102.891
79434	11103	3	0	701.067	248.268	103.958
79469	11103	1	0	701.067	248.268	152.952
79470	11103	3	1	218.066	301.268	153.802
79475	11103	1	1	218.066	301.268	162.775
79476	11103	3	1	233.066	214.268	163.809
79493	11103	1	1	233.066	214.268	194.909
79494	11103	3	1	212.066	245.268	195.276
79352	11104	1	0	682.235	125.623	9.40582
79353	11104	3	0	634.235	86.6229	9.80579
79403	11104	1	0	634.235	86.6229	53.1121
79404	11104	3	0	659.235	102.623	53.5121
79405	11104	1	0	659.235	102.623	64.7849
79406	11104	3	1	278.235	140.623	65.7186
79415	11104	1	1	278.235	140.623	85.2974
79416	11104	3	1	317.235	152.623	85.9647
79419	11104	1	1	317.235	152.623	89.2836
79420	11104	3	0	534.235	157.623	89.7002
79423	11104	1	0	534.235	157.623	90.9346
79424	11104	3	0	750.235	235.623	91.6182
79425	11104	1	0	750.235	235.623	92.8024
79426	11104	3	0	738.235	305.623	93.1359
79447	11104	1	0	738.235	305.623	118.083
79448	11104	3	1	215.235	264.623	119.15
79459	11104	1	1	215.235	264.623	143.914
79460	11104	3	0	509.235	277.623	144.631
79513	11104	1	0	509.235	277.623	254.894
79514	11104	3	0	512.235	265.623	255.961
79574	11104	1	0	512.235	265.623	414.217
79575	11104	3	0	668.235	325.623	414.85
79582	11104	1	0	668.235	325.623	495.88
79583	11104	3	0	568.235	313.623	496.247
79588	11104	1	0	568.235	313.623	512.192
79589	11104	2	1	398.235	313.623	512.509
79590	11104	3	1	379.17	305.466	512.542
79595	11104	1	1	379.17	305.466	515.144
79596	11104	3	0	537.17	281.466	515.411
79601	11104	1	0	537.17	281.466	516.995
79602	11104	3	1	379.17	352.466	517.379
79609	11104	1	1	379.17	352.466	548.819
79610	11104	3	1	289.17	373.466	549.169
