66071	10105	1	0	762.747	212.159	29.3795
66072	10105	3	0	699.747	26.1586	29.813
66109	10105	1	0	699.747	26.1586	92.9951
66110	10105	3	0	710.747	52.1586	94.1596
66154	10105	1	0	710.747	52.1586	305.228
66155	10105	3	0	714.747	53.1586	306.278
66075	10106	1	0	844.31	90.2573	31.1636
66076	10106	3	1	227.31	294.257	31.9139
66077	10106	1	1	227.31	294.257	32.8646
66078	10106	3	0	668.31	183.257	33.3814
66111	10106	1	0	668.31	183.257	94.8099
66112	10106	3	0	703.31	179.257	95.9605
66146	10106	1	0	703.31	179.257	299.992
66147	10106	3	0	774.31	191.257	300.859
66162	10106	1	0	774.31	191.257	490.09
66163	10106	3	0	726.31	159.257	491.141
66200	10106	1	0	726.31	159.257	515.258
66201	10106	3	0	678.31	223.257	516.658
66033	10107	1	0	610.217	346.81	3.93549
66034	10107	3	0	690.217	208.811	5.05365
66053	10107	1	0	690.217	208.811	19.7419
66054	10107	3	0	610.217	133.811	20.3755
66059	10107	1	0	610.217	133.811	23.4601
66060	10107	3	0	613.217	44.8105	23.7937
66063	10107	1	0	613.217	44.8105	25.6446
66064	10107	3	0	613.217	44.8105	25.9781
66067	10107	1	0	613.217	44.8105	26.9951
66068	10107	3	0	741.217	415.81	27.7956
66079	10107	1	0	741.217	415.81	43.5359
66080	10107	3	1	125.217	351.81	44.086
66089	10107	1	1	125.217	351.81	60.0606
66090	10107	3	0	753.217	420.81	60.844
66103	10107	1	0	753.217	420.81	78.7025
66104	10107	3	1	204.217	287.81	79.7025
66061	10108	1	0	661.153	114.486	24.1104
66062	10108	3	0	721.153	403.486	24.9275
66065	10108	1	0	721.153	403.486	26.3448
66066	10108	3	0	745.153	6.4859	26.6782
66069	10108	1	0	745.153	6.4859	28.3126
66070	10108	3	0	738.153	303.486	29.1295
66099	10108	1	0	738.153	303.486	75.4675
66100	10108	3	1	53.153	312.486	76.2012
66129	10108	1	1	53.153	312.486	290.954
66130	10108	2	0	465.153	172.486	291.587
66131	10108	3	0	501.9	181.03	291.654
66137	10108	1	0	501.9	181.03	294.272
66138	10108	2	1	382.9	169.03	294.489
66139	10108	3	1	355.623	176.102	294.539
66142	10108	1	1	355.623	176.102	296.757
66143	10108	3	1	171.623	120.102	297.24
66150	10108	1	1	171.623	120.102	303.36
66151	10108	3	0	578.623	132.102	303.743
66156	10108	1	0	578.623	132.102	306.811
66157	10108	3	1	213.623	97.102	307.445
66160	10108	1	1	213.623	97.102	489.29
66161	10108	3	0	605.623	173.102	489.64
66164	10108	1	0	605.623	173.102	491.374
66165	10108	3	1	300.623	110.102	492.125
66031	10109	1	0	604.968	336.594	2.93494
66032	10109	3	0	587.968	91.5941	3.41858
66037	10109	1	0	587.968	91.5941	7.13672
66038	10109	3	0	521.968	43.5941	7.52026
66107	10109	1	0	521.968	43.5941	91.3917
66108	10109	3	0	520.968	43.5941	92.5756
66135	10109	1	0	520.968	43.5941	293.122
66136	10109	3	0	579.968	41.5941	294.055
66055	10110	1	0	524.426	173.317	20.7428
66056	10110	3	0	611.426	348.317	21.4592
66091	10110	1	0	611.426	348.317	61.1442
66092	10110	3	0	650.426	321.317	61.5443
66095	10110	1	0	650.426	321.317	72.6994
66096	10110	3	0	650.426	321.317	73.0995
66097	10110	1	0	650.426	321.317	74.5672
66098	10110	3	1	200.426	233.317	74.9839
66101	10110	1	1	200.426	233.317	76.5013
66102	10110	3	1	81.4259	178.317	76.9014
66144	10110	1	1	81.4259	178.317	298.641
66145	10110	3	0	535.426	176.317	299.275
66148	10110	1	0	535.426	176.317	301.226
66149	10110	3	1	70.4259	166.317	302.009
66182	10110	1	1	70.4259	166.317	505.701
66183	10110	3	1	41.4259	174.317	505.951
66184	10110	1	1	41.4259	174.317	506.051
66185	10110	3	0	606.426	397.317	506.385
66202	10110	1	0	606.426	397.317	517.059
66203	10110	3	1	82.4259	171.317	517.526
66035	10111	1	0	806.354	215.067	5.4361
66036	10111	3	0	718.354	46.0669	6.35327
66057	10111	1	0	718.354	46.0669	22.3595
66058	10111	3	0	822.354	23.0669	22.6596
66073	10111	1	0	822.354	23.0669	30.1132
66074	10111	3	0	519.354	240.067	30.8134
66121	10111	1	0	519.354	240.067	104.214
66122	10111	3	0	558.354	240.067	104.965
66198	10111	1	0	558.354	240.067	513.29
66199	10111	3	0	665.354	272.067	514.857
66047	10112	1	0	822.582	414.943	12.3393
66048	10112	3	0	540.582	384.943	12.9562
66105	10112	1	0	540.582	384.943	89.4074
66106	10112	3	0	668.582	327.943	90.9417
66119	10112	1	0	668.582	327.943	102.78
66120	10112	3	0	743.582	339.943	103.647
66123	10112	1	0	743.582	339.943	105.365
66124	10112	3	0	766.582	294.943	106.415
66127	10112	1	0	766.582	294.943	150.188
66128	10112	3	0	779.582	309.943	151.422
66166	10112	1	0	779.582	309.943	493.059
66167	10112	3	0	686.582	287.943	494.226
66168	10112	1	0	686.582	287.943	494.543
66169	10112	3	0	840.582	283.943	495.627
66191	10112	1	0	840.582	283.943	508.286
66192	10112	3	0	804.582	335.943	509.704
66204	10112	1	0	804.582	335.943	518.076
66205	10112	3	1	350.582	298.943	518.96
66206	10112	1	1	350.582	298.943	520.328
66207	10112	3	0	546.582	307.943	520.611
66039	10113	1	0	632.97	135.774	8.07037
66040	10113	3	0	537.97	440.774	9.10425
66041	10113	1	0	537.97	440.774	9.52124
66042	10113	3	0	523.97	356.774	9.82123
66045	10113	1	0	523.97	356.774	11.756
66046	10113	3	0	662.97	287.774	12.056
66049	10113	1	0	662.97	287.774	13.4064
66050	10113	3	0	606.97	284.774	14.3567
66051	10113	1	0	606.97	284.774	15.0235
66052	10113	3	0	630.97	451.774	15.5902
66083	10113	1	0	630.97	451.774	50.756
66084	10113	3	1	344.97	359.774	52.8735
66087	10113	1	1	344.97	359.774	59.2434
66088	10113	3	0	637.97	433.774	59.7271
66113	10113	1	0	637.97	433.774	97.1444
66114	10113	3	0	643.97	419.774	98.1115
66170	10113	1	0	643.97	419.774	498.579
66171	10113	2	0	483.97	390.774	499.363
66172	10113	3	0	503.038	375.592	499.396
66175	10113	1	0	503.038	375.592	500.53
66176	10113	3	0	526.038	370.592	501.381
66179	10113	1	0	526.038	370.592	503.8
66180	10113	2	1	174.038	257.592	505.317
66181	10113	3	0	498.442	243.111	505.651
66186	10113	1	0	498.442	243.111	506.685
66187	10113	2	1	414.442	239.111	506.918
66188	10113	3	1	385.065	238.528	506.969
66193	10113	1	1	385.065	238.528	510.538
66194	10113	2	0	488.065	245.528	510.805
66195	10113	3	0	497.646	245.003	510.821
66043	10114	1	0	871.985	471.312	10.3383
66044	10114	3	0	541.985	448.312	11.372
66081	10114	1	0	541.985	448.312	48.0711
66082	10114	3	1	241.985	386.312	50.1889
66085	10114	1	1	241.985	386.312	58.4097
66086	10114	3	0	536.985	449.312	58.96
66093	10114	1	0	536.985	449.312	65.696
66094	10114	3	0	553.985	438.312	68.0474
66115	10114	1	0	553.985	438.312	98.4781
66116	10114	3	1	173.985	161.312	100.229
66117	10114	1	1	173.985	161.312	101.863
66118	10114	3	0	521.985	425.312	102.363
66125	10114	1	0	521.985	425.312	106.815
66126	10114	3	1	192.985	133.312	108.016
66132	10114	1	1	192.985	133.312	292.038
66133	10114	2	0	481.985	364.312	292.755
66134	10114	3	0	501.741	352.171	292.788
66140	10114	1	0	501.741	352.171	294.806
66141	10114	3	1	79.7405	286.171	295.589
66152	10114	1	1	79.7405	286.171	304.361
66153	10114	3	0	555.74	209.171	304.811
66158	10114	1	0	555.74	209.171	307.962
66159	10114	3	1	73.7405	288.171	308.546
66173	10114	1	1	73.7405	288.171	499.913
66174	10114	3	0	574.74	276.171	500.264
66177	10114	1	0	574.74	276.171	501.781
66178	10114	3	0	666.74	248.171	503.383
66189	10114	1	0	666.74	248.171	507.302
66190	10114	3	1	222.74	230.171	507.769
66196	10114	1	1	222.74	230.171	511.222
66197	10114	3	0	571.74	191.171	511.689
66208	10114	1	0	571.74	191.171	520.878
66209	10114	3	1	289.741	242.171	521.578
71698	10365	1	0	696.72	32.0679	13.6238
71699	10365	3	1	280.72	400.068	14.9749
71722	10365	1	1	280.72	400.068	51.8606
71723	10365	3	0	552.72	394.068	52.2108
71730	10365	1	0	552.72	394.068	56.7124
71731	10365	3	0	527.72	380.068	56.9627
71732	10365	1	0	527.72	380.068	57.1628
71733	10365	3	1	356.72	361.068	57.3962
71734	10365	1	1	356.72	361.068	58.0132
71735	10365	3	1	185.72	354.068	58.5636
71738	10365	1	1	185.72	354.068	63.5665
71739	10365	3	0	601.72	384.068	63.9161
71742	10365	1	0	601.72	384.068	85.9438
71743	10365	3	1	270.72	347.068	86.4607
71744	10365	1	1	270.72	347.068	87.1612
71745	10365	3	1	270.72	347.068	87.3114
71782	10365	1	1	270.72	347.068	200.567
71783	10365	3	0	540.72	298.068	200.867
71790	10365	1	0	540.72	298.068	204.852
71791	10365	3	1	227.72	316.068	205.236
71797	10365	1	1	227.72	316.068	208.604
71798	10365	3	0	550.72	341.068	208.871
71808	10365	1	0	550.72	341.068	212.49
71809	10365	3	1	81.7198	344.068	213.057
71827	10365	1	1	81.7198	344.068	257.347
71828	10365	3	0	751.72	343.068	257.864
71833	10365	1	0	751.72	343.068	260.449
71834	10365	3	1	58.7198	357.068	261.133
71857	10365	1	1	58.7198	357.068	274.089
71858	10365	3	1	131.72	253.068	274.456
71859	10365	1	1	131.72	253.068	274.756
71860	10365	3	1	54.7198	204.068	275.34
71694	10366	1	0	668.286	380.141	7.87048
71695	10366	3	1	109.286	358.141	8.72107
71704	10366	1	1	109.286	358.141	30.1163
71705	10366	3	0	521.286	333.141	30.7999
71724	10366	1	0	521.286	333.141	52.4608
71725	10366	3	0	518.286	298.141	54.3116
71728	10366	1	0	518.286	298.141	55.5787
71729	10366	3	1	88.2859	366.141	56.1956
71740	10366	1	1	88.2859	366.141	67.6183
71741	10366	3	1	95.2859	355.141	67.9684
71786	10366	1	1	95.2859	355.141	203.251
71787	10366	3	0	570.286	227.141	203.768
71799	10366	1	0	570.286	227.141	209.271
71800	10366	2	1	290.286	365.141	209.588
71801	10366	3	0	501.784	285.703	209.855
71804	10366	1	0	501.784	285.703	210.555
71805	10366	3	1	235.784	337.703	210.889
71835	10366	1	1	235.784	337.703	262.2
71836	10366	3	1	144.784	336.703	262.533
71683	10367	1	0	638.456	277.74	1.41754
71684	10367	3	0	510.457	282.74	1.78406
71689	10367	1	0	510.457	282.74	6.31976
71690	10367	2	1	-22.5435	278.74	6.68646
71691	10367	3	1	33.2073	261.631	6.78644
71692	10367	1	1	33.2073	261.631	6.93665
71693	10367	3	1	185.207	245.631	7.33691
71700	10367	1	1	185.207	245.631	23.0971
71701	10367	3	0	685.207	139.631	23.4305
71706	10367	1	0	685.207	139.631	31.1669
71707	10367	3	1	66.2073	366.631	32.5674
71726	10367	1	1	66.2073	366.631	54.8618
71727	10367	3	0	494.207	82.6308	55.2285
71746	10367	1	0	494.207	82.6308	88.5122
71747	10367	2	1	246.207	205.631	89.1624
71748	10367	3	0	494.988	210.798	89.4626
71749	10367	1	0	494.988	210.798	92.8645
71750	10367	3	0	534.988	103.798	93.148
71774	10367	1	0	534.988	103.798	197.598
71775	10367	2	1	265.988	139.798	198.232
71776	10367	3	0	494.614	183.106	198.516
71779	10367	1	0	494.614	183.106	199.5
71780	10367	2	1	277.614	168.106	199.966
71781	10367	3	0	499.54	194.945	200.25
71784	10367	1	0	499.54	194.945	201.15
71785	10367	3	0	549.54	76.9449	202.368
71788	10367	1	0	549.54	76.9449	203.985
71789	10367	3	1	101.54	356.945	204.402
71802	10367	1	1	101.54	356.945	209.955
71803	10367	3	0	510.54	104.945	210.289
71806	10367	1	0	510.54	104.945	211.723
71807	10367	3	0	543.54	84.9449	212.173
71824	10367	1	0	543.54	84.9449	255.362
71825	10367	2	1	181.54	83.9449	255.629
71826	10367	3	0	496.339	169.868	255.979
71831	10367	1	0	496.339	169.868	259.081
71832	10367	3	0	677.339	110.868	260.132
71843	10367	1	0	677.339	110.868	265.535
71844	10367	3	0	677.339	110.868	265.585
71845	10367	1	0	677.339	110.868	266.085
71846	10367	3	0	750.339	157.868	267.069
71855	10367	1	0	750.339	157.868	272.488
71856	10367	3	0	746.339	228.868	273.406
71696	10368	1	0	663.448	116.825	10.4055
71697	10368	3	0	663.448	287.825	12.9902
71702	10368	1	0	663.448	287.825	23.6806
71703	10368	3	1	67.4482	208.825	24.881
71837	10368	1	1	67.4482	208.825	262.716
71838	10368	3	0	591.448	107.825	263.134
71847	10368	1	0	591.448	107.825	267.553
71848	10368	3	0	615.448	79.8249	268.403
71853	10368	1	0	615.448	79.8249	271.204
71854	10368	3	1	95.4482	75.8249	271.905
71876	10368	1	1	95.4482	75.8249	298.466
71877	10368	3	1	108.448	100.825	298.783
71878	10368	1	1	108.448	100.825	303.352
71879	10368	3	1	192.448	129.825	303.902
71685	10369	1	0	528.078	100.03	2.60107
71686	10369	3	1	172.078	265.03	3.21838
71687	10369	1	1	172.078	265.03	4.8526
71688	10369	3	0	570.078	220.03	5.50281
71736	10369	1	0	570.078	220.03	61.5817
71737	10369	3	0	549.078	257.03	63.0158
71751	10369	1	0	549.078	257.03	94.5654
71752	10369	3	0	695.078	258.03	95.5827
71755	10369	1	0	695.078	258.03	97.7166
71756	10369	3	0	578.078	265.03	98.0168
71759	10369	1	0	578.078	265.03	103.503
71760	10369	3	0	645.078	321.03	104.27
71764	10369	1	0	645.078	321.03	105.471
71765	10369	3	1	244.078	242.03	106.354
71768	10369	1	1	244.078	242.03	113.491
71769	10369	3	1	196.078	271.03	113.841
71770	10369	1	1	196.078	271.03	134.351
71771	10369	3	0	547.078	307.03	135.035
71772	10369	1	0	547.078	307.03	136.385
71773	10369	3	1	334.078	296.03	136.702
71777	10369	1	1	334.078	296.03	198.866
71778	10369	3	0	736.078	241.03	199.183
71792	10369	1	0	736.078	241.03	206.487
71793	10369	2	1	256.078	201.03	206.887
71794	10369	3	0	503.079	221.326	207.17
71812	10369	1	0	503.079	221.326	216.417
71813	10369	3	1	211.079	207.326	216.792
71861	10369	1	1	211.079	207.326	278.507
71862	10369	3	0	549.079	104.326	278.757
71869	10369	1	0	549.079	104.326	282.459
71870	10369	2	1	196.079	174.326	283.76
71871	10369	3	0	497.796	212.68	284.076
71874	10369	1	0	497.796	212.68	284.827
71875	10369	3	1	326.796	206.68	285.177
71708	10370	1	0	838.955	268.309	33.5845
71709	10370	3	0	710.955	299.309	34.4184
71716	10370	1	0	710.955	299.309	43.6231
71717	10370	3	0	778.955	236.309	44.4734
71757	10370	1	0	778.955	236.309	101.618
71758	10370	3	1	213.955	212.309	102.335
71761	10370	1	1	213.955	212.309	104.804
71762	10370	2	0	477.955	229.309	105.104
71763	10370	3	0	498.275	230.521	105.137
71820	10370	1	0	498.275	230.521	251.444
71821	10370	3	0	590.275	214.521	252.061
71849	10370	1	0	590.275	214.521	268.953
71850	10370	3	0	550.275	218.521	269.837
71718	10371	1	0	542.698	157.921	44.8069
71719	10371	3	0	661.698	212.921	45.7739
71766	10371	1	0	661.698	212.921	112.007
71767	10371	3	0	739.698	258.921	112.791
71818	10371	1	0	739.698	258.921	250.193
71819	10371	3	0	694.698	210.921	250.993
71865	10371	1	0	694.698	210.921	280.291
71866	10371	3	1	209.698	206.921	281.559
71867	10371	1	1	209.698	206.921	281.926
71868	10371	3	0	685.698	154.921	282.192
71720	10372	1	0	736.438	417.41	46.3574
71721	10372	3	0	714.438	302.41	47.208
71753	10372	1	0	714.438	302.41	96.0829
71754	10372	3	0	639.438	355.41	97.1831
71795	10372	1	0	639.438	355.41	207.503
71796	10372	3	0	682.438	361.41	208.237
71810	10372	1	0	682.438	361.41	215.424
71811	10372	3	0	605.438	351.41	216.091
71829	10372	1	0	605.438	351.41	258.114
71830	10372	3	0	583.438	356.41	258.848
71839	10372	1	0	583.438	356.41	263.417
71840	10372	3	1	61.4381	228.41	264.434
71851	10372	1	1	61.4381	228.41	270.638
71852	10372	3	0	641.438	290.41	270.888
71710	10373	1	0	778.38	89.3584	34.9854
71711	10373	3	1	200.38	315.358	36.1027
71712	10373	1	1	200.38	315.358	40.6882
71713	10373	3	0	821.38	195.358	41.1884
71814	10373	1	0	821.38	195.358	231.633
71815	10373	3	1	336.38	267.358	232.633
71816	10373	1	1	336.38	267.358	233.717
71817	10373	3	1	301.38	269.358	234.751
71714	10374	1	0	713.455	214.157	41.5053
71715	10374	3	0	748.455	133.157	43.2061
71822	10374	1	0	748.455	133.157	252.361
71823	10374	3	0	803.455	139.157	253.328
71841	10374	1	0	803.455	139.157	265.185
71842	10374	3	0	755.455	131.157	265.385
71863	10374	1	0	755.455	131.157	279.124
71864	10374	3	1	169.455	247.157	279.708
71872	10374	1	1	169.455	247.157	284.093
71873	10374	3	0	703.455	73.1566	284.393
73106	10489	1	0	594.412	370.157	42.6517
73107	10489	3	1	175.412	323.157	43.5021
73141	10489	1	1	175.412	323.157	90.9556
73142	10489	3	0	780.412	153.157	91.6893
73154	10489	1	0	780.412	153.157	105.928
73155	10489	3	0	793.412	150.157	107.746
73158	10489	1	0	793.412	150.157	110.397
73159	10489	3	1	294.412	316.157	111.38
73160	10489	1	1	294.412	316.157	111.614
73161	10489	3	1	310.412	324.157	112.097
73167	10489	1	1	310.412	324.157	254.214
73168	10489	3	0	572.412	180.157	254.481
73193	10489	1	0	572.412	180.157	276.026
73194	10489	3	0	598.412	215.157	276.343
73217	10489	1	0	598.412	215.157	293.401
73218	10489	3	1	180.412	115.157	293.868
73222	10489	1	1	180.412	115.157	295.568
73223	10489	3	0	508.412	127.157	295.902
73236	10489	1	0	508.412	127.157	301.071
73237	10489	3	0	636.412	199.157	301.405
73238	10489	1	0	636.412	199.157	302.556
73239	10489	3	0	577.412	244.157	302.839
73249	10489	1	0	577.412	244.157	308.925
73250	10489	3	0	579.412	254.157	309.742
73292	10489	1	0	579.412	254.157	470.825
73293	10489	3	1	297.412	213.157	471.525
73308	10489	1	1	297.412	213.157	482.213
73309	10489	3	0	629.412	158.157	482.463
73314	10489	1	0	629.412	158.157	486.315
73315	10489	3	1	303.412	199.157	486.931
73316	10489	1	1	303.412	199.157	488.266
73317	10489	3	0	602.412	137.157	488.582
73108	10490	1	0	823.384	119.468	45.1194
73109	10490	3	1	190.384	214.468	45.8364
73164	10490	1	1	190.384	214.468	253.431
73166	10490	3	0	610.384	95.4677	253.864
73234	10490	1	0	610.384	95.4677	300.688
73235	10490	3	0	577.384	26.4677	300.888
73261	10490	1	0	577.384	26.4677	448.616
73262	10490	3	1	160.384	339.468	449.283
73263	10490	1	1	160.384	339.468	451.934
73264	10490	2	0	636.384	-19.5323	452.334
73265	10490	3	0	641.152	15.4606	452.384
73274	10490	1	0	641.152	15.4606	458.169
73275	10490	2	0	572.152	-2.53943	458.586
73276	10490	3	0	577.028	8.83789	458.603
73300	10490	1	0	577.028	8.83789	476.961
73301	10490	3	0	538.028	44.8379	477.861
73318	10490	1	0	538.028	44.8379	488.816
73319	10490	2	0	490.027	100.838	489.733
73320	10490	3	0	499.02	107.059	489.75
73134	10491	1	0	494.078	426.312	83.1359
73135	10491	2	0	486.078	450.312	85.3871
73136	10491	3	0	496.031	439.832	85.4037
73175	10491	1	0	496.031	439.832	260.885
73176	10491	3	0	516.031	152.832	261.685
73211	10491	1	0	516.031	152.832	291.25
73212	10491	3	0	697.031	184.832	292.05
73296	10491	1	0	697.031	184.832	474.326
73297	10491	3	0	722.031	244.832	475.527
73207	10492	1	0	736.988	68.3241	287.832
73208	10492	3	0	759.988	116.324	288.882
73116	10493	1	0	619.288	204.558	51.0888
73117	10493	3	0	631.288	240.558	51.439
73147	10493	1	0	631.288	240.558	99.5419
73148	10493	3	0	706.288	233.558	101.259
73187	10493	1	0	706.288	233.558	271.724
73188	10493	3	0	644.288	322.558	272.624
73209	10493	1	0	644.288	322.558	289.532
73210	10493	3	1	385.288	157.558	290.466
73213	10493	1	1	385.288	157.558	292.434
73214	10493	3	0	528.288	168.558	292.684
73253	10493	1	0	528.288	168.558	312.894
73254	10493	3	1	304.288	344.558	314.578
73255	10493	1	1	304.288	344.558	439.11
73256	10493	3	0	600.288	160.558	440.728
73257	10493	1	0	600.288	160.558	444.063
73258	10493	3	1	281.288	345.558	444.83
73268	10493	1	1	281.288	345.558	455.068
73269	10493	3	0	646.288	349.558	455.318
73277	10493	1	0	646.288	349.558	459.803
73278	10493	3	1	361.288	329.558	460.32
73281	10493	1	1	361.288	329.558	461.737
73282	10493	3	1	298.288	329.558	462.021
73120	10494	1	0	634.179	24.1115	63.1775
73121	10494	3	1	394.179	210.111	65.3614
73122	10494	1	1	394.179	210.111	67.2457
73123	10494	3	1	312.179	269.112	68.0794
73145	10494	1	1	312.179	269.112	98.7083
73146	10494	3	0	552.179	269.112	99.1917
73149	10494	1	0	552.179	269.112	101.659
73150	10494	2	1	424.179	273.112	102.377
73151	10494	3	1	404.076	270.326	102.41
73152	10494	1	1	404.076	270.326	103.51
73153	10494	3	0	740.076	259.326	105.161
73173	10494	1	0	740.076	259.326	259.918
73174	10494	3	0	824.076	263.326	260.201
73191	10494	1	0	824.076	263.326	274.075
73192	10494	3	0	697.076	228.326	275.025
73203	10494	1	0	697.076	228.326	284.597
73204	10494	3	1	367.076	326.326	285.614
73227	10494	1	1	367.076	326.326	296.869
73228	10494	3	0	642.076	341.326	297.102
73294	10494	1	0	642.076	341.326	472.108
73295	10494	3	0	622.076	354.326	473.359
73088	10495	1	0	708.938	252.722	13.3386
73089	10495	3	0	784.938	256.722	13.8223
73090	10495	1	0	784.938	256.722	26.6445
73091	10495	3	1	210.938	319.722	27.9952
73092	10495	1	1	210.938	319.722	30.1291
73093	10495	3	0	817.938	287.722	30.7459
73110	10495	1	0	817.938	287.722	46.5866
73111	10495	3	1	55.9379	169.722	47.9207
73124	10495	1	1	55.9379	169.722	69.9468
73125	10495	3	0	747.938	184.722	70.7472
73130	10495	1	0	747.938	184.722	74.0319
73131	10495	3	0	708.938	120.722	75.2991
73139	10495	1	0	708.938	120.722	86.5042
73140	10495	3	1	67.9379	185.722	87.4876
73199	10495	1	1	67.9379	185.722	278.644
73200	10495	3	0	602.938	305.722	279.044
73201	10495	1	0	602.938	305.722	280.228
73202	10495	3	0	673.938	290.722	281.012
73219	10495	1	0	673.938	290.722	294.251
73220	10495	2	1	13.9379	166.722	294.951
73221	10495	3	0	498.728	203.618	295.402
73224	10495	1	0	498.728	203.618	296.069
73225	10495	2	1	142.728	135.618	296.418
73226	10495	3	0	501.512	191.27	296.802
73229	10495	1	0	501.512	191.27	297.303
73230	10495	2	1	23.5122	177.27	297.686
73231	10495	3	1	31.8178	179.204	297.703
73283	10495	1	1	31.8178	179.204	464.055
73284	10495	3	0	699.818	163.204	464.455
73288	10495	1	0	699.818	163.204	466.606
73289	10495	3	0	589.818	170.204	468.04
73290	10495	1	0	589.818	170.204	469.44
73291	10495	3	0	533.818	143.204	470.574
73298	10495	1	0	533.818	143.204	475.893
73299	10495	3	0	575.818	143.204	476.477
73305	10495	1	0	575.818	143.204	479.928
73306	10495	2	1	80.8177	58.2043	481.513
73307	10495	3	0	499.833	172.216	481.929
73310	10495	1	0	499.833	172.216	482.747
73311	10495	3	1	313.833	156.216	483.163
73312	10495	1	1	313.833	156.216	483.564
73313	10495	3	0	526.833	228.216	484.747
73321	10495	1	0	526.833	228.216	489.967
73322	10495	3	1	48.8332	200.216	490.784
73084	10496	1	0	607.498	151.827	4.23468
73085	10496	3	0	798.498	252.827	5.55237
73086	10496	1	0	798.498	252.827	11.738
73087	10496	3	1	60.4977	316.827	12.7551
73096	10496	1	1	60.4977	316.827	38.2328
73097	10496	3	1	54.4977	301.827	39.4498
73240	10496	1	1	54.4977	301.827	303.406
73241	10496	2	1	23.4977	336.827	304.29
73242	10496	3	1	31.8265	330.761	304.307
73081	10497	1	0	642.361	163.057	3.01782
73082	10497	2	0	489.361	49.0569	3.41785
73083	10497	3	0	497.404	56.8873	3.43451
73094	10497	1	0	497.404	56.8873	36.4819
73095	10497	3	1	56.4044	137.887	37.8826
73098	10497	1	1	56.4044	137.887	39.7168
73099	10497	3	0	559.404	101.887	40.1502
73162	10497	1	0	559.404	101.887	252.564
73163	10497	2	1	256.404	81.8873	253.214
73165	10497	3	0	501.638	158.91	253.531
73169	10497	1	0	501.638	158.91	254.731
73170	10497	3	1	206.638	152.91	255.682
73179	10497	1	1	206.638	152.91	263.553
73180	10497	3	1	206.638	152.91	264.07
73181	10497	1	1	206.638	152.91	266.421
73182	10497	3	1	172.638	169.91	267.321
73197	10497	1	1	172.638	169.91	278.194
73198	10497	3	1	230.638	165.91	278.444
73232	10497	1	1	230.638	165.91	298.37
73233	10497	3	1	177.638	161.91	298.837
73251	10497	1	1	177.638	161.91	311.093
73252	10497	3	1	150.638	173.91	311.476
73112	10498	1	0	765.614	425.147	48.5045
73113	10498	3	0	729.614	351.147	49.7717
73126	10498	1	0	729.614	351.147	71.1307
73127	10498	3	1	54.6138	187.147	72.3811
73128	10498	1	1	54.6138	187.147	73.3482
73129	10498	3	0	713.614	270.147	73.7985
73132	10498	1	0	713.614	270.147	75.5827
73133	10498	3	1	44.6138	177.147	77.9504
73137	10498	1	1	44.6138	177.147	85.8539
73138	10498	3	0	759.614	283.147	86.1874
73143	10498	1	0	759.614	283.147	92.0062
73144	10498	3	1	185.614	318.147	93.5566
73183	10498	1	1	185.614	318.147	269.289
73184	10498	3	0	809.614	318.147	269.639
73247	10498	1	0	809.614	318.147	306.491
73248	10498	3	1	162.614	311.147	307.908
73259	10498	1	1	162.614	311.147	447.632
73260	10498	3	0	588.614	127.147	448.332
73272	10498	1	0	588.614	127.147	457.086
73273	10498	3	1	220.614	311.147	457.669
73279	10498	1	1	220.614	311.147	460.67
73280	10498	3	1	139.614	307.147	460.987
73078	10499	1	0	712.851	330.992	1.65076
73079	10499	2	0	472.851	277.992	2.23419
73080	10499	3	0	498.475	267.982	2.28418
73114	10499	1	0	498.475	267.982	50.4553
73115	10499	3	0	523.475	347.982	50.7388
73118	10499	1	0	523.475	347.982	52.0059
73119	10499	3	0	550.475	318.982	52.3395
73185	10499	1	0	550.475	318.982	269.94
73186	10499	3	1	187.475	302.982	270.907
73243	10499	1	1	187.475	302.982	304.99
73244	10499	3	1	164.475	313.982	305.607
73245	10499	1	1	164.475	313.982	305.841
73246	10499	3	0	734.475	349.982	306.174
73266	10499	1	0	734.475	349.982	453.034
73267	10499	3	0	764.475	340.982	454.168
73270	10499	1	0	764.475	340.982	455.568
73271	10499	3	0	720.475	340.982	456.569
73285	10499	1	0	720.475	340.982	464.772
73286	10499	2	0	860.475	310.982	465.822
73287	10499	3	0	805.333	283.648	465.922
73100	10500	1	0	681.611	356.648	40.5671
73101	10500	3	1	141.611	338.648	41.0174
73102	10500	1	1	141.611	338.648	41.3343
73103	10500	3	1	173.611	329.648	41.6011
73104	10500	1	1	173.611	329.648	41.818
73105	10500	3	1	317.611	345.648	42.1515
73156	10500	1	1	317.611	345.648	109.73
73157	10500	3	0	657.611	270.648	110.063
73171	10500	1	0	657.611	270.648	258.701
73172	10500	3	0	617.611	277.648	259.301
73177	10500	1	0	617.611	277.648	262.035
73178	10500	3	0	694.611	302.648	262.469
73189	10500	1	0	694.611	302.648	273.241
73190	10500	3	0	749.611	247.648	273.491
73195	10500	1	0	749.611	247.648	276.759
73196	10500	3	0	764.611	227.648	277.093
73205	10500	1	0	764.611	227.648	286.381
73206	10500	3	1	389.611	217.648	287.031
73215	10500	1	1	389.611	217.648	292.934
73216	10500	3	0	501.611	229.648	293.167
73302	10500	1	0	501.611	229.648	478.512
73303	10500	2	1	410.611	252.648	479.512
73304	10500	3	0	503.465	248.993	479.645
76275	10811	1	0	876.629	225.184	9.32172
76276	10811	3	0	815.629	221.184	9.62189
76283	10811	1	0	815.629	221.184	16.1254
76284	10811	3	1	116.629	277.184	17.576
76350	10811	1	1	116.629	277.184	290.947
76351	10811	3	1	115.629	286.184	292.347
76356	10811	1	1	115.629	286.184	295.316
76357	10811	3	0	609.629	252.184	295.666
76361	10811	1	0	609.629	252.184	297.383
76362	10811	3	0	523.629	271.184	297.9
76369	10811	1	0	523.629	271.184	301.935
76370	10811	3	1	191.629	357.184	302.619
76383	10811	1	1	191.629	357.184	312.474
76384	10811	3	0	530.629	267.184	313.108
76387	10811	1	0	530.629	267.184	315.758
76388	10811	3	1	232.629	337.184	316.225
76450	10811	1	1	232.629	337.184	367.217
76451	10811	3	1	204.629	337.184	368.151
76494	10811	1	1	204.629	337.184	394.181
76495	10811	3	1	221.629	280.184	394.497
76561	10811	1	1	221.629	280.184	492.68
76562	10811	3	0	534.629	163.184	492.997
76571	10811	1	0	534.629	163.184	499.134
76572	10811	3	1	100.629	101.184	499.768
76600	10811	1	1	100.629	101.184	518.747
76601	10811	3	0	544.629	154.184	519.198
76606	10811	1	0	544.629	154.184	521.566
76607	10811	3	1	116.629	105.184	522.2
76651	10811	1	1	116.629	105.184	548.917
76652	10811	3	0	625.629	120.184	549.234
76655	10811	1	0	625.629	120.184	551.985
76656	10811	3	1	388.629	138.184	552.419
76657	10811	1	1	388.629	138.184	552.855
76658	10811	3	1	335.629	98.1844	553.186
76271	10813	1	0	761.442	174.451	7.63751
76272	10813	3	0	749.442	304.451	8.25446
76317	10813	1	0	749.442	304.451	167.734
76318	10813	3	0	672.442	300.451	168.618
76397	10813	1	0	672.442	300.451	331.166
76398	10813	3	0	549.442	196.451	331.949
76456	10813	1	0	549.442	196.451	372.487
76457	10813	3	0	671.442	223.451	373.17
76460	10813	1	0	671.442	223.451	374.555
76461	10813	3	0	666.442	274.451	375.438
76490	10813	1	0	666.442	274.451	390.946
76491	10813	3	1	280.442	281.451	391.546
76496	10813	1	1	280.442	281.451	395.764
76497	10813	3	0	774.442	302.451	395.998
76516	10813	1	0	774.442	302.451	414.307
76517	10813	3	0	774.442	330.451	414.975
76267	10817	1	0	747.56	244.852	5.88702
76268	10817	3	0	604.56	245.852	6.43695
76269	10817	1	0	604.56	245.852	6.8537
76270	10817	3	0	640.56	273.853	7.22046
76319	10817	1	0	640.56	273.853	169.019
76320	10817	2	0	484.56	320.853	170.036
76321	10817	3	0	501.367	310.151	170.069
76330	10817	1	0	501.367	310.151	177.323
76331	10817	3	1	303.367	185.15	177.873
76332	10817	1	1	303.367	185.15	178.423
76333	10817	3	0	546.367	283.151	178.824
76336	10817	1	0	546.367	283.151	180.241
76337	10817	3	1	279.367	215.15	182.108
76346	10817	1	1	279.367	215.15	288.479
76347	10817	3	0	716.367	64.1505	288.962
76348	10817	1	0	716.367	64.1505	289.179
76349	10817	3	1	269.367	224.15	289.946
76391	10817	1	1	269.367	224.15	317.575
76392	10817	3	0	589.367	308.151	317.926
76454	10817	1	0	589.367	308.151	371.453
76455	10817	3	0	494.367	298.151	372.186
76462	10817	1	0	494.367	298.151	375.655
76463	10817	3	0	544.367	276.151	376.739
76464	10817	1	0	544.367	276.151	377.373
76465	10817	3	1	262.367	186.15	379.09
76476	10817	1	1	262.367	186.15	386.01
76477	10817	2	1	387.367	181.15	386.294
76478	10817	1	1	367.603	184.125	386.327
76479	10817	2	1	415.109	234.998	386.427
76480	10817	3	1	337.639	227.112	386.494
76481	10817	3	1	337.639	227.112	386.494
76482	10817	1	1	337.639	227.112	386.994
76483	10817	3	0	533.639	231.112	387.277
76498	10817	1	0	533.639	231.112	396.299
76499	10817	3	1	265.639	310.112	396.782
76512	10817	1	1	265.639	310.112	403.852
76513	10817	3	1	294.639	226.112	404.169
76514	10817	1	1	294.639	226.112	413.741
76515	10817	3	0	596.639	306.112	414.041
76576	10817	1	0	596.639	306.112	503.537
76577	10817	3	0	632.639	322.112	503.854
76258	10820	1	0	496.935	464.89	2.65112
76259	10820	3	0	531.935	407.89	2.91766
76281	10820	1	0	531.935	407.89	12.0898
76282	10820	3	1	127.935	364.89	12.807
76352	10820	1	1	127.935	364.89	292.997
76353	10820	3	1	119.935	363.89	293.398
76375	10820	1	1	119.935	363.89	307.254
76376	10820	3	1	119.935	363.89	307.538
76385	10820	1	1	119.935	363.89	314.458
76386	10820	3	1	156.935	349.89	315.258
76553	10820	1	1	156.935	349.89	487.344
76554	10820	3	0	577.935	183.89	487.66
76559	10820	1	0	577.935	183.89	490.996
76560	10820	3	1	147.935	382.89	491.613
76589	10820	1	1	147.935	382.89	512.343
76590	10820	3	0	531.935	360.89	512.91
76596	10820	1	0	531.935	360.89	515.895
76597	10820	3	1	320.935	254.89	516.379
76598	10820	1	1	320.935	254.89	517.347
76599	10820	3	0	531.935	395.89	518.214
76617	10820	1	0	531.935	395.89	528.987
76618	10820	3	1	266.935	296.89	529.654
76621	10820	1	1	266.935	296.89	532.14
76622	10820	3	0	607.935	261.89	532.456
76636	10820	1	0	607.935	261.89	538.16
76637	10820	3	1	319.935	187.89	538.777
76645	10820	1	1	319.935	187.89	544.831
76646	10820	3	0	565.935	123.89	545.148
76647	10820	1	0	565.935	123.89	546.098
76648	10820	3	1	351.935	175.89	546.699
76256	10823	1	0	515.013	418.803	2.10101
76257	10823	3	0	515.013	334.803	2.35107
76315	10823	1	0	515.013	334.803	165.5
76316	10823	3	1	308.013	352.803	166.917
76340	10823	1	1	308.013	352.803	196.348
76341	10823	3	0	499.013	364.803	197.548
76358	10823	1	0	499.013	364.803	295.899
76359	10823	2	0	486.013	326.803	297
76360	10823	3	0	495.677	322.277	297.016
76371	10823	1	0	495.677	322.277	302.952
76372	10823	3	1	150.677	260.277	303.452
76379	10823	1	1	150.677	260.277	309.805
76380	10823	3	0	511.677	335.277	310.289
76381	10823	1	0	511.677	335.277	310.689
76382	10823	3	0	569.677	340.277	311.389
76389	10823	1	0	569.677	340.277	316.558
76390	10823	3	1	59.677	254.277	317.009
76414	10823	1	1	59.677	254.277	346.556
76415	10823	3	0	532.677	74.2771	347.223
76421	10823	1	0	532.677	74.2771	349.791
76422	10823	3	1	279.677	158.277	350.258
76432	10823	1	1	279.677	158.277	356.645
76433	10823	3	0	606.677	125.277	356.961
76438	10823	1	0	606.677	125.277	359.463
76439	10823	3	1	171.677	213.277	359.913
76469	10823	1	1	171.677	213.277	382.292
76470	10823	3	0	516.677	249.277	382.742
76474	10823	1	0	516.677	249.277	384.576
76475	10823	3	1	228.677	215.277	384.96
76492	10823	1	1	228.677	215.277	393.447
76493	10823	3	1	106.677	263.277	393.78
76578	10823	1	1	106.677	263.277	504.688
76579	10823	3	1	84.677	222.277	505.005
76610	10823	1	1	84.677	222.277	526.269
76611	10823	3	0	586.677	87.2771	526.636
76623	10823	1	0	586.677	87.2771	532.857
76624	10823	3	0	586.677	87.2771	533.123
76625	10823	1	0	586.677	87.2771	533.274
76626	10823	2	1	396.677	63.2771	534.307
76627	10823	3	0	501.617	127.095	534.458
76630	10823	1	0	501.617	127.095	535.358
76631	10823	3	1	228.617	243.095	535.758
76262	10825	1	0	814.677	267.162	3.83496
76263	10825	2	1	418.677	229.162	4.21893
76264	10825	3	1	359.16	226.78	4.31885
76265	10825	1	1	359.16	226.78	5.28619
76266	10825	3	0	549.16	195.78	5.60303
76289	10825	1	0	549.16	195.78	34.2505
76290	10825	3	1	238.16	157.78	34.8342
76291	10825	1	1	238.16	157.78	36.5015
76292	10825	3	0	498.16	159.78	36.7682
76322	10825	1	0	498.16	159.78	170.336
76323	10825	3	0	586.16	185.78	171.153
76395	10825	1	0	586.16	185.78	328.764
76396	10825	3	0	685.16	204.78	330.648
76405	10825	1	0	685.16	204.78	339.202
76406	10825	3	1	249.16	219.78	340.12
76409	10825	1	1	249.16	219.78	341.954
76411	10825	3	0	609.16	31.7803	342.254
76418	10825	1	0	609.16	31.7803	348.34
76419	10825	2	0	657.16	-44.2197	349.457
76420	10825	3	0	658.87	15.5633	349.541
76434	10825	1	0	658.87	15.5633	357.212
76435	10825	3	1	108.87	196.563	358.095
76436	10825	1	1	108.87	196.563	358.53
76437	10825	3	0	707.87	116.563	358.929
76448	10825	1	0	707.87	116.563	365.199
76449	10825	3	1	250.87	204.563	365.667
76452	10825	1	1	250.87	204.563	369.051
76453	10825	3	0	814.87	193.563	370.002
76486	10825	1	0	814.87	193.563	388.828
76487	10825	3	0	808.87	126.563	389.796
76500	10825	1	0	808.87	126.563	397.416
76501	10825	3	0	749.87	147.563	398.066
76518	10825	1	0	749.87	147.563	415.425
76519	10825	3	1	262.87	348.563	416.242
76528	10825	1	1	262.87	348.563	474.888
76529	10825	3	0	561.87	166.563	475.171
76532	10825	1	0	561.87	166.563	477.272
76533	10825	3	0	568.87	163.563	477.355
76538	10825	1	0	568.87	163.563	480.19
76539	10825	3	1	214.87	104.563	481.057
76540	10825	1	1	214.87	104.563	481.441
76541	10825	3	0	561.87	115.563	482.074
76546	10825	1	0	561.87	115.563	483.959
76547	10825	3	0	528.87	164.563	484.909
76550	10825	1	0	528.87	164.563	486.21
76551	10825	2	1	252.87	378.563	486.777
76552	10825	3	0	501.24	283.037	487.077
76555	10825	1	0	501.24	283.037	488.328
76556	10825	3	0	496.24	228.037	489.411
76565	10825	1	0	496.24	228.037	494.048
76566	10825	3	0	512.24	245.037	494.965
76573	10825	1	0	512.24	245.037	501.152
76574	10825	2	0	465.24	240.037	502.17
76575	10825	3	0	502.262	236.348	502.236
76586	10825	1	0	502.262	236.348	510.225
76587	10825	2	1	425.262	212.348	511.926
76588	10825	3	0	497.542	214.706	512.043
76591	10825	1	0	497.542	214.706	513.961
76592	10825	2	1	231.542	217.706	514.378
76593	10825	3	0	501.401	219.235	514.695
76602	10825	1	0	501.401	219.235	519.381
76603	10825	3	0	542.401	185.235	520.448
76604	10825	1	0	542.401	185.235	520.715
76605	10825	3	0	540.401	183.235	520.865
76612	10825	1	0	540.401	183.235	526.836
76613	10825	3	1	160.401	185.235	527.303
76628	10825	1	1	160.401	185.235	534.658
76629	10825	3	0	752.401	81.2349	534.991
76649	10825	1	0	752.401	81.2349	547.132
76650	10825	3	0	672.401	141.235	548.383
76653	10825	1	0	672.401	141.235	549.851
76654	10825	3	0	789.401	89.2349	550.618
76277	10827	1	0	849.692	457.214	10.1553
76278	10827	3	0	846.692	441.214	10.4224
76287	10827	1	0	846.692	441.214	32.9833
76288	10827	3	1	248.691	297.214	33.6002
76293	10827	1	1	248.691	297.214	38.0353
76294	10827	3	0	494.691	472.214	38.7355
76301	10827	1	0	494.691	472.214	146.407
76302	10827	3	0	494.691	472.214	146.773
76303	10827	1	0	494.691	472.214	151.576
76304	10827	3	1	300.691	314.214	152.326
76305	10827	1	1	300.691	314.214	153.977
76306	10827	3	1	272.691	327.214	154.394
76311	10827	1	1	272.691	327.214	157.995
76312	10827	3	1	210.691	358.214	158.463
76365	10827	1	1	210.691	358.214	299.434
76366	10827	3	0	576.692	350.214	300.084
76373	10827	1	0	576.692	350.214	303.902
76374	10827	3	1	163.691	148.214	304.803
76377	10827	1	1	163.691	148.214	308.471
76378	10827	3	1	155.691	168.214	309.605
76425	10827	1	1	155.691	168.214	353.943
76426	10827	3	1	204.691	220.214	354.243
76430	10827	1	1	204.691	220.214	355.728
76431	10827	3	0	526.692	119.214	356.345
76440	10827	1	0	526.692	119.214	360.48
76441	10827	3	1	166.691	137.214	360.947
76569	10827	1	1	166.691	137.214	498.384
76570	10827	3	0	612.692	118.214	498.767
76619	10827	1	0	612.692	118.214	530.822
76620	10827	3	0	548.692	151.214	531.656
76632	10827	1	0	548.692	151.214	536.225
76633	10827	3	1	316.691	314.214	536.692
76260	10830	1	0	704.201	440.477	3.2348
76261	10830	3	0	600.201	389.477	3.51831
76285	10830	1	0	600.201	389.477	24.0793
76286	10830	3	0	604.201	405.477	25.3632
76299	10830	1	0	604.201	405.477	141.838
76300	10830	3	1	246.201	215.477	142.421
76309	10830	1	1	246.201	215.477	157.262
76310	10830	3	1	202.201	263.477	157.629
76354	10830	1	1	202.201	263.477	294.181
76355	10830	3	0	578.201	194.477	294.732
76363	10830	1	0	578.201	194.477	298.1
76364	10830	3	0	509.201	168.477	298.433
76393	10830	1	0	509.201	168.477	327.13
76394	10830	3	1	146.201	248.477	327.831
76416	10830	1	1	146.201	248.477	347.74
76417	10830	3	0	643.201	123.477	348.124
76423	10830	1	0	643.201	123.477	350.858
76424	10830	3	1	203.201	249.477	351.609
76427	10830	1	1	203.201	249.477	354.41
76428	10830	2	0	466.201	73.477	354.877
76429	10830	3	0	497.035	96.9168	354.927
76442	10830	1	0	497.035	96.9168	361.497
76443	10830	3	1	241.035	116.917	361.914
76504	10830	1	1	241.035	116.917	399.917
76505	10830	3	0	519.035	199.917	400.217
76508	10830	1	0	519.035	199.917	402.301
76509	10830	3	0	560.035	164.917	402.951
76520	10830	1	0	560.035	164.917	417.126
76521	10830	3	1	367.035	242.917	417.859
76522	10830	1	1	367.035	242.917	418.91
76523	10830	3	1	316.035	242.917	419.193
76582	10830	1	1	316.035	242.917	506.089
76583	10830	3	1	336.035	129.917	506.739
76584	10830	1	1	336.035	129.917	509.358
76585	10830	3	0	654.035	186.917	509.724
76614	10830	1	0	654.035	186.917	527.953
76615	10830	2	1	293.035	206.917	528.42
76616	10830	3	0	502.065	223.501	528.67
76634	10830	1	0	502.065	223.501	537.026
76635	10830	3	1	92.0649	231.501	537.476
76661	10830	1	1	92.0649	231.501	555.171
76662	10830	3	1	137.065	221.501	555.488
76279	10833	1	0	598.122	17.8048	10.9228
76280	10833	3	0	604.122	83.8048	11.2728
76295	10833	1	0	604.122	83.8048	42.1538
76296	10833	3	0	604.122	69.8048	42.2872
76297	10833	1	0	604.122	69.8048	89.8256
76298	10833	3	1	352.122	196.805	90.2591
76307	10833	1	1	352.122	196.805	154.777
76308	10833	3	1	338.122	188.805	155.127
76313	10833	1	1	338.122	188.805	159.58
76314	10833	3	1	298.122	236.805	160.08
76326	10833	1	1	298.122	236.805	174.838
76327	10833	3	0	522.122	65.8048	175.788
76334	10833	1	0	522.122	65.8048	179.073
76335	10833	3	0	501.122	40.8048	179.841
76367	10833	1	0	501.122	40.8048	300.551
76368	10833	3	0	596.122	35.8048	301.618
76399	10833	1	0	596.122	35.8048	332.466
76400	10833	3	1	242.122	218.805	334.167
76401	10833	1	1	242.122	218.805	336.584
76402	10833	3	1	246.122	215.805	336.784
76403	10833	1	1	246.122	215.805	337.918
76404	10833	3	0	709.122	37.8048	338.435
76407	10833	1	0	709.122	37.8048	341.104
76408	10833	2	1	201.122	113.805	341.637
76410	10833	3	0	501.716	185.133	341.971
76412	10833	1	0	501.716	185.133	342.571
76413	10833	3	1	254.715	215.133	344.555
76444	10833	1	1	254.715	215.133	362.314
76445	10833	3	0	598.716	82.1332	362.731
76446	10833	1	0	598.716	82.1332	363.698
76447	10833	3	0	598.716	82.1332	363.848
76484	10833	1	0	598.716	82.1332	387.578
76485	10833	3	1	267.716	342.133	388.444
76488	10833	1	1	267.716	342.133	390.329
76489	10833	3	0	530.716	68.1332	390.679
76502	10833	1	0	530.716	68.1332	398.549
76503	10833	3	0	647.716	110.133	399.316
76526	10833	1	0	647.716	110.133	473.487
76527	10833	3	0	701.716	90.1332	474.521
76530	10833	1	0	701.716	90.1332	475.388
76531	10833	3	1	260.716	343.133	476.572
76534	10833	1	1	260.716	343.133	477.856
76535	10833	3	0	768.716	125.133	478.172
76542	10833	1	0	768.716	125.133	482.458
76543	10833	3	1	237.715	114.133	482.891
76580	10833	1	1	237.715	114.133	505.355
76581	10833	3	1	218.715	80.1332	505.705
76608	10833	1	1	218.715	80.1332	523.3
76609	10833	3	1	203.715	78.1332	524.835
76638	10833	1	1	203.715	78.1332	539.261
76639	10833	3	0	608.716	145.133	539.644
76640	10833	1	0	608.716	145.133	542.263
76641	10833	3	1	222.715	91.1332	542.829
76273	10836	1	0	771.478	123.703	8.63818
76274	10836	3	0	725.478	160.703	8.95477
76324	10836	1	0	725.478	160.703	171.87
76325	10836	3	0	632.478	136.703	173.787
76328	10836	1	0	632.478	136.703	176.405
76329	10836	3	0	675.478	133.703	176.822
76338	10836	1	0	675.478	133.703	194.664
76339	10836	3	0	599.478	126.703	195.614
76342	10836	1	0	599.478	126.703	197.849
76343	10836	3	1	272.478	343.703	198.549
76344	10836	1	1	272.478	343.703	202.568
76345	10836	3	1	289.478	353.703	202.934
76458	10836	1	1	289.478	353.703	373.954
76459	10836	3	0	533.478	176.703	374.254
76466	10836	1	0	533.478	176.703	379.674
76467	10836	2	0	493.478	73.7033	381.825
76468	10836	3	0	502.471	81.4562	381.841
76471	10836	1	0	502.471	81.4562	383.159
76472	10836	2	0	483.471	94.4562	384.259
76473	10836	3	0	501.987	107.554	384.293
76506	10836	1	0	501.987	107.554	401
76507	10836	3	1	319.987	179.554	401.384
76510	10836	1	1	319.987	179.554	403.318
76511	10836	3	1	256.987	131.554	403.552
76524	10836	1	1	256.987	131.554	472.737
76525	10836	3	0	605.987	143.554	473.187
76536	10836	1	0	605.987	143.554	478.906
76537	10836	3	1	285.987	392.554	479.623
76544	10836	1	1	285.987	392.554	483.292
76545	10836	3	0	641.987	103.554	483.609
76548	10836	1	0	641.987	103.554	485.159
76549	10836	3	0	633.987	75.5544	485.926
76557	10836	1	0	633.987	75.5544	489.845
76558	10836	3	1	269.987	370.554	490.395
76563	10836	1	1	269.987	370.554	493.514
76564	10836	3	0	624.987	91.5544	493.814
76567	10836	1	0	624.987	91.5544	495.315
76568	10836	3	1	211.988	411.554	495.699
76594	10836	1	1	211.988	411.554	514.845
76595	10836	3	1	133.988	347.554	515.295
76642	10836	1	1	133.988	347.554	543.18
76643	10836	2	0	490.987	191.554	543.663
76644	10836	3	0	500.047	193.402	543.68
76659	10836	1	0	500.047	193.402	553.553
76660	10836	3	1	195.047	327.402	554.837
78143	10985	1	0	597.054	439.117	49.073
78144	10985	3	1	126.054	208.117	50.0066
78164	10985	1	1	126.054	208.117	60.2121
78165	10985	3	1	145.054	177.117	60.5288
78239	10985	1	1	145.054	177.117	366.912
78240	10985	3	0	514.054	146.117	367.262
78253	10985	1	0	514.054	146.117	477.715
78254	10985	3	1	327.054	116.117	478.115
78277	10985	1	1	327.054	116.117	512.903
78278	10985	3	1	336.054	56.1168	513.27
78116	10986	1	0	529.864	183.016	30.498
78117	10986	3	1	198.864	426.016	31.3654
78120	10986	1	1	198.864	426.016	32.6656
78121	10986	3	0	620.864	320.016	33.1324
78131	10986	1	0	620.864	320.016	38.6846
78132	10986	3	1	270.864	348.016	39.2848
78155	10986	1	1	270.864	348.016	54.976
78156	10986	3	0	595.864	320.016	55.2759
78186	10986	1	0	595.864	320.016	73.8185
78187	10986	3	1	237.864	377.016	75.119
78192	10986	1	1	237.864	377.016	305.551
78193	10986	3	0	573.864	390.016	305.967
78198	10986	1	0	573.864	390.016	309.069
78199	10986	3	1	141.864	453.016	310.653
78110	10987	1	0	738.864	44.1661	24.3118
78111	10987	3	1	311.863	308.166	24.8287
78124	10987	1	1	311.863	308.166	34.7166
78125	10987	3	1	298.863	347.166	35.1334
78126	10987	1	1	298.863	347.166	36.4339
78127	10987	3	1	298.863	347.166	36.7174
78128	10987	1	1	298.863	347.166	36.9174
78129	10987	1	0	551.864	191.166	37.2343
78130	10987	3	0	551.864	191.166	37.2343
78137	10987	1	0	551.864	191.166	43.8871
78138	10987	3	1	353.863	403.166	44.7711
78170	10987	1	1	353.863	403.166	63.7469
78171	10987	3	1	304.863	363.166	64.1806
78196	10987	1	1	304.863	363.166	308.319
78197	10987	3	0	524.864	336.166	308.853
78243	10987	1	0	524.864	336.166	368.413
78244	10987	3	1	139.863	273.166	369.063
78247	10987	1	1	139.863	273.166	369.913
78248	10987	3	1	154.863	234.166	370.246
78265	10987	1	1	154.863	234.166	494.624
78266	10987	3	0	614.864	146.166	495.041
78273	10987	1	0	614.864	146.166	501.963
78274	10987	3	1	184.863	251.166	504.047
78299	10987	1	1	184.863	251.166	533.116
78300	10987	3	0	567.864	291.166	533.5
78092	10988	1	0	731.549	265.625	2.53461
78093	10988	3	0	766.549	210.624	2.80164
78096	10988	1	0	766.549	210.624	9.77216
78097	10988	3	1	83.5494	343.625	10.3225
78106	10988	1	1	83.5494	343.625	18.0588
78107	10988	3	0	793.549	195.624	18.7758
78176	10988	1	0	793.549	195.624	67.2817
78177	10988	3	1	270.549	84.6245	68.3322
78178	10988	1	1	270.549	84.6245	68.7823
78179	10988	3	1	270.549	84.6245	68.849
78249	10988	1	1	270.549	84.6245	475.514
78250	10988	3	0	520.549	213.624	475.898
78251	10988	1	0	520.549	213.624	476.265
78252	10988	3	0	564.549	278.625	476.632
78269	10988	1	0	564.549	278.625	499.261
78270	10988	3	0	520.549	259.625	500.161
78285	10988	1	0	520.549	259.625	518.474
78286	10988	3	1	310.549	362.625	519.591
78293	10988	1	1	310.549	362.625	523.41
78294	10988	3	1	298.549	329.625	523.81
78295	10988	1	1	298.549	329.625	524.177
78296	10988	3	1	318.549	359.625	524.494
78098	10989	1	0	617.545	196.274	13.0404
78099	10989	3	0	690.545	165.274	13.424
78102	10989	1	0	690.545	165.274	15.6247
78103	10989	3	0	658.545	156.274	15.9414
78145	10989	1	0	658.545	156.274	50.7573
78146	10989	3	0	714.545	140.274	51.6244
78182	10989	1	0	714.545	140.274	71.0665
78183	10989	3	0	788.545	70.2739	72.2175
78206	10989	1	0	788.545	70.2739	324.876
78207	10989	3	0	785.545	71.2739	326.26
78255	10989	1	0	785.545	71.2739	478.632
78256	10989	3	0	503.545	58.2739	480.5
78259	10989	1	0	503.545	58.2739	481.784
78260	10989	3	1	190.545	61.2739	482.334
78100	10990	1	0	511.58	241.5	14.8744
78101	10990	3	0	526.58	278.5	15.2411
78147	10990	1	0	526.58	278.5	51.9911
78148	10990	2	1	394.58	140.5	52.8252
78149	10990	1	0	443.644	154.233	52.8918
78150	10990	2	0	458.608	133.739	53.0254
78151	10990	3	0	495.686	148.682	53.0586
78152	10990	3	0	495.686	148.682	53.0586
78159	10990	1	0	495.686	148.682	58.4279
78160	10990	3	1	208.686	273.682	59.0449
78161	10990	1	1	208.686	273.682	59.3284
78162	10990	2	1	18.6862	255.682	60.012
78163	10990	3	1	27.1537	253.626	60.0287
78216	10990	1	1	27.1537	253.626	340.317
78217	10990	3	0	779.154	326.626	340.984
78226	10990	1	0	779.154	326.626	345.486
78227	10990	3	0	721.154	349.626	346.136
78301	10990	1	0	721.154	349.626	533.8
78302	10990	3	1	216.154	205.626	534.667
78133	10991	1	0	693.099	327.541	40.1185
78134	10991	3	1	149.099	312.541	40.6357
78166	10991	1	1	149.099	312.541	60.8959
78167	10991	3	1	173.099	306.541	61.1792
78174	10991	1	1	173.099	306.541	66.4983
78175	10991	3	0	568.099	222.541	66.9818
78184	10991	1	0	568.099	222.541	72.5677
78185	10991	3	0	649.099	167.541	73.4016
78241	10991	1	0	649.099	167.541	367.546
78242	10991	3	1	54.0992	175.541	367.929
78245	10991	1	1	54.0992	175.541	369.329
78246	10991	3	1	175.099	181.541	369.646
78261	10991	1	1	175.099	181.541	485.435
78262	10991	3	1	209.099	168.541	485.752
78297	10991	1	1	209.099	168.541	531.782
78298	10991	3	0	502.099	206.541	532.249
78104	10992	1	0	824.503	84.6004	16.4584
78105	10992	3	0	824.503	84.6004	16.9418
78112	10992	1	0	824.503	84.6004	25.3122
78113	10992	3	1	124.503	356.6	25.8626
78114	10992	1	1	124.503	356.6	29.1974
78115	10992	3	0	657.503	36.6004	29.9982
78139	10992	1	0	657.503	36.6004	46.1552
78140	10992	3	1	353.503	289.6	46.9387
78204	10992	1	1	353.503	289.6	323.709
78205	10992	3	0	818.503	324.6	324.142
78208	10992	1	0	818.503	324.6	326.56
78209	10992	3	1	281.503	316.6	326.844
78214	10992	1	1	281.503	316.6	329.478
78215	10992	3	1	256.503	317.6	329.912
78287	10992	1	1	256.503	317.6	519.891
78288	10992	3	1	217.503	403.6	520.225
78291	10992	1	1	217.503	403.6	523.026
78292	10992	3	1	217.503	403.6	523.16
78108	10993	1	0	623.61	71.8053	23.2444
78109	10993	3	1	295.61	378.805	23.678
78118	10993	1	1	295.61	378.805	31.8154
78119	10993	3	1	276.61	435.805	32.2322
78168	10993	1	1	276.61	435.805	62.4963
78169	10993	3	1	276.61	435.805	63.1633
78257	10993	1	1	276.61	435.805	481.25
78258	10993	3	0	648.61	211.805	481.55
78267	10993	1	0	648.61	211.805	496.692
78268	10993	3	0	787.61	218.805	498.578
78289	10993	1	0	787.61	218.805	521.008
78290	10993	3	0	629.61	239.805	521.976
78303	10993	1	0	629.61	239.805	535.167
78304	10993	3	0	749.61	252.805	536.135
78090	10994	1	0	607.533	263.556	1.93414
78091	10994	3	0	760.533	425.556	2.36786
78135	10994	1	0	760.533	425.556	41.4362
78136	10994	3	1	70.5326	389.556	42.6367
78172	10994	1	1	70.5326	389.556	64.9643
78173	10994	3	0	574.533	394.556	65.7646
78188	10994	1	0	574.533	394.556	76.5529
78189	10994	3	0	584.533	292.556	77.3739
78194	10994	1	0	584.533	292.556	306.168
78195	10994	3	0	548.533	249.556	307.085
78220	10994	1	0	548.533	249.556	342.301
78221	10994	3	1	119.533	277.556	343.151
78224	10994	1	1	119.533	277.556	344.969
78225	10994	3	0	723.533	239.556	345.236
78228	10994	1	0	723.533	239.556	346.436
78229	10994	3	0	513.533	214.556	346.686
78230	10994	1	0	513.533	214.556	346.77
78231	10994	2	1	436.533	210.556	346.936
78232	10994	3	1	394.599	215.476	347.003
78235	10994	1	1	394.599	215.476	358.409
78236	10994	3	1	302.599	223.476	358.759
78237	10994	1	1	302.599	223.476	359.276
78238	10994	3	1	269.599	235.476	359.609
78263	10994	1	1	269.599	235.476	486.052
78264	10994	3	1	48.5992	283.476	486.636
78275	10994	1	1	48.5992	283.476	506.015
78276	10994	3	1	62.5992	354.476	506.866
78279	10994	1	1	62.5992	354.476	514.022
78280	10994	3	0	576.599	448.476	514.888
78094	10995	1	0	514.973	313.72	3.23523
78095	10995	3	0	502.973	420.72	3.58521
78122	10995	1	0	502.973	420.72	33.4825
78123	10995	3	1	166.973	405.72	34.1662
78180	10995	1	1	166.973	405.72	69.8661
78181	10995	3	1	114.973	358.72	70.3161
78200	10995	1	1	114.973	358.72	320.924
78201	10995	3	1	138.973	361.72	321.424
78202	10995	1	1	138.973	361.72	322.908
78203	10995	3	0	710.973	394.72	323.375
78210	10995	1	0	710.973	394.72	327.311
78211	10995	3	0	705.973	395.72	327.377
78212	10995	1	0	705.973	395.72	327.427
78213	10995	3	1	144.973	333.72	329.095
78088	10996	1	0	545.218	255.455	1.20056
78089	10996	3	0	520.218	59.4548	1.58405
78141	10996	1	0	520.218	59.4548	47.6891
78142	10996	3	1	262.218	253.455	48.6729
78153	10996	1	1	262.218	253.455	53.5257
78154	10996	3	1	262.218	253.455	53.8259
78157	10996	1	1	262.218	253.455	56.777
78158	10996	3	0	642.218	238.455	57.5275
78190	10996	1	0	642.218	238.455	77.7532
78191	10996	3	0	642.218	274.455	78.3535
78218	10996	1	0	642.218	274.455	341.517
78219	10996	3	1	269.218	259.455	341.918
78222	10996	1	1	269.218	259.455	344.369
78223	10996	3	0	573.218	255.455	344.669
78233	10996	1	0	573.218	255.455	347.87
78234	10996	3	1	304.218	253.455	348.354
78271	10996	1	1	304.218	253.455	500.995
78272	10996	3	1	81.2183	237.455	501.395
78281	10996	1	1	81.2183	237.455	515.572
78282	10996	3	0	631.218	447.455	516.322
78283	10996	1	0	631.218	447.455	517.356
78284	10996	3	0	629.218	428.455	517.807
78305	10996	1	0	629.218	428.455	587.903
78306	10996	3	0	675.218	352.455	588.203
