67031	10155	1	0	539.211	100.272	10.4553
67032	10155	3	0	596.211	104.272	10.7054
67072	10155	1	0	596.211	104.272	88.7112
67073	10155	3	0	561.211	146.272	90.679
67082	10155	1	0	561.211	146.272	102.068
67083	10155	3	0	657.211	173.272	102.768
67092	10155	1	0	657.211	173.272	115.058
67093	10155	3	0	677.211	216.272	116.325
67106	10155	1	0	677.211	216.272	130.149
67107	10155	3	0	621.211	218.272	131.5
67108	10155	1	0	621.211	218.272	133.118
67109	10155	3	0	638.211	301.272	133.385
67159	10155	1	0	638.211	301.272	183.744
67160	10155	3	0	700.211	320.272	184.827
67177	10155	1	0	700.211	320.272	209.989
67178	10155	3	0	765.211	312.272	211.089
67197	10155	1	0	765.211	312.272	242.621
67198	10155	3	0	704.211	332.272	243.805
67201	10155	1	0	704.211	332.272	245.555
67202	10155	2	1	363.211	282.272	246.99
67203	10155	3	1	337.473	271.819	247.04
67208	10155	1	1	337.473	271.819	252.293
67209	10155	3	0	677.473	7.81894	253.46
67226	10155	1	0	677.473	7.81894	270.485
67227	10155	2	0	622.473	-4.18106	271.268
67228	10155	3	0	624.012	6.41791	271.285
67254	10155	1	0	624.012	6.41791	321.593
67255	10155	3	0	800.012	260.418	322.711
67258	10155	1	0	800.012	260.418	325.896
67259	10155	3	0	804.012	250.418	328.213
67287	10155	1	0	804.012	250.418	367.883
67288	10155	3	0	541.012	64.4179	371.001
67291	10155	1	0	541.012	64.4179	373.386
67292	10155	2	0	817.012	179.418	375.42
67293	10155	3	0	808.83	180.889	375.436
67296	10155	1	0	808.83	180.889	377.137
67297	10155	3	0	776.83	248.889	379.355
67300	10155	1	0	776.83	248.889	384.857
67301	10155	2	0	815.83	350.889	385.441
67302	10155	3	0	807.707	343.786	385.457
67368	10155	1	0	807.707	343.786	460.581
67369	10155	3	0	702.707	236.786	461.665
67374	10155	1	0	702.707	236.786	463.983
67375	10155	3	1	150.707	316.786	465.851
67402	10155	1	1	150.707	316.786	530.743
67403	10155	3	0	502.707	302.786	531.394
67404	10155	1	0	502.707	302.786	550.424
67405	10155	3	0	502.707	349.786	550.858
67439	10155	1	0	502.707	349.786	817.621
67440	10155	3	1	313.707	229.786	818.138
67441	10155	1	1	313.707	229.786	821.107
67442	10155	3	0	533.707	306.786	821.407
67467	10155	1	0	533.707	306.786	855.628
67468	10155	3	0	533.707	306.786	855.695
67070	10156	1	0	714.893	406.946	84.8428
67071	10156	3	0	694.893	46.9462	88.3109
67076	10156	1	0	694.893	46.9462	93.7972
67077	10156	3	0	750.893	60.9462	94.7978
67084	10156	1	0	750.893	60.9462	103.969
67085	10156	3	0	688.893	59.9462	104.436
67102	10156	1	0	688.893	59.9462	126.664
67103	10156	3	1	297.892	356.946	128.082
67134	10156	1	1	297.892	356.946	157.53
67135	10156	3	1	297.892	356.946	157.797
67165	10156	1	1	297.892	356.946	192.497
67166	10156	3	0	627.893	380.946	193.148
67181	10156	1	0	627.893	380.946	215.409
67182	10156	3	0	695.893	327.946	217.31
67195	10156	1	0	695.893	327.946	241.054
67196	10156	3	0	709.893	252.946	242.387
67212	10156	1	0	709.893	252.946	256.895
67213	10156	3	1	255.893	334.946	258.012
67231	10156	1	1	255.893	334.946	274.436
67232	10156	3	0	809.893	222.946	275.653
67248	10156	1	0	809.893	222.946	300.882
67249	10156	3	1	317.892	306.946	302.483
67289	10156	1	1	317.892	306.946	372.419
67290	10156	3	0	719.893	247.946	372.919
67303	10156	1	0	719.893	247.946	385.875
67304	10156	3	0	804.893	252.946	387.308
67305	10156	1	0	804.893	252.946	395.78
67306	10156	3	1	133.893	336.946	396.73
67339	10156	1	1	133.893	336.946	427.981
67340	10156	3	0	592.893	159.946	428.465
67343	10156	1	0	592.893	159.946	431.299
67344	10156	3	0	504.892	172.946	433.1
67350	10156	1	0	504.892	172.946	435.268
67351	10156	3	1	352.892	352.946	435.585
67360	10156	1	1	352.892	352.946	454.562
67361	10156	3	1	365.892	395.946	455.112
67370	10156	1	1	365.892	395.946	462.416
67371	10156	3	1	342.892	384.946	462.599
67382	10156	1	1	342.892	384.946	471.688
67383	10156	3	0	594.893	390.946	474.923
67391	10156	1	0	594.893	390.946	481.827
67392	10156	3	1	338.892	232.946	482.443
67435	10156	1	1	338.892	232.946	758.451
67436	10156	3	0	504.892	245.946	759.319
67461	10156	1	0	504.892	245.946	849.208
67462	10156	3	0	804.893	221.946	851.026
67469	10156	1	0	804.893	221.946	856.195
67470	10156	3	0	637.893	171.946	857.213
67029	10157	1	0	538.964	245.64	7.35346
67030	10157	3	0	571.964	259.64	7.90381
67039	10157	1	0	571.964	259.64	15.374
67040	10157	3	0	500.964	308.64	16.0243
67051	10157	1	0	500.964	308.64	57.0781
67052	10157	3	1	162.964	346.64	59.0623
67090	10157	1	1	162.964	346.64	113.374
67091	10157	3	0	553.964	88.6396	114.591
67098	10157	1	0	553.964	88.6396	123.029
67099	10157	3	0	519.964	126.64	124.113
67112	10157	1	0	519.964	126.64	135.569
67113	10157	3	0	543.964	175.64	136.886
67116	10157	1	0	543.964	175.64	138.587
67117	10157	3	1	193.964	109.64	139.271
67143	10157	1	1	193.964	109.64	165.601
67144	10157	3	0	769.964	149.64	166.201
67151	10157	1	0	769.964	149.64	174.239
67152	10157	3	1	358.964	183.64	176.207
67185	10157	1	1	358.964	183.64	222.462
67186	10157	3	1	354.964	191.64	224.33
67187	10157	1	1	354.964	191.64	226.731
67188	10157	3	1	343.964	155.64	227.265
67256	10157	1	1	343.964	155.64	323.228
67257	10157	3	0	747.964	68.6396	325.579
67263	10157	1	0	747.964	68.6396	336.534
67264	10157	3	1	278.964	102.64	339.102
67265	10157	1	1	278.964	102.64	340.169
67266	10157	3	1	315.964	166.64	340.836
67319	10157	1	1	315.964	166.64	410.122
67320	10157	3	0	663.964	218.64	410.589
67325	10157	1	0	663.964	218.64	412.94
67326	10157	3	0	619.964	358.64	414.858
67333	10157	1	0	619.964	358.64	419.61
67334	10157	3	1	235.964	192.64	421.277
67388	10157	1	1	235.964	192.64	480.676
67389	10157	2	0	846.964	197.64	481.16
67390	10157	3	0	829.204	199.865	481.193
67399	10157	1	0	829.204	199.865	528.358
67400	10157	2	1	94.2036	121.865	528.892
67401	10157	3	0	498.52	191.688	529.292
67408	10157	1	0	498.52	191.688	557.096
67409	10157	3	1	110.52	227.688	557.713
67426	10157	1	1	110.52	227.688	680.415
67427	10157	3	0	717.52	177.688	681.049
67443	10157	1	0	717.52	177.688	821.974
67444	10157	3	1	204.52	165.688	822.474
67064	10158	1	0	730.049	102.631	80.7744
67065	10158	3	0	800.049	134.631	82.0748
67100	10158	1	0	800.049	134.631	124.897
67101	10158	3	0	793.049	55.631	126.164
67123	10158	1	0	793.049	55.631	147.208
67124	10158	3	1	318.049	117.631	148.192
67138	10158	1	1	318.049	117.631	162.699
67139	10158	3	0	611.049	127.631	163.1
67147	10158	1	0	611.049	127.631	167.635
67148	10158	3	0	547.049	169.631	168.419
67171	10158	1	0	547.049	169.631	202.719
67172	10158	3	0	552.049	151.631	203.903
67281	10158	1	0	552.049	151.631	355.293
67282	10158	3	0	530.049	148.631	356.393
67309	10158	1	0	530.049	148.631	401.4
67310	10158	3	0	543.049	163.631	403.217
67337	10158	1	0	543.049	163.631	425.863
67338	10158	3	0	538.049	388.631	427.164
67341	10158	1	0	538.049	388.631	428.898
67342	10158	3	1	358.049	372.631	429.732
67347	10158	1	1	358.049	372.631	434.501
67348	10158	2	0	469.049	373.631	434.684
67349	10158	3	0	496.708	351.517	434.734
67354	10158	1	0	496.708	351.517	439.021
67355	10158	3	0	576.708	175.517	440.655
67406	10158	1	0	576.708	175.517	554.01
67407	10158	3	0	702.708	216.517	556.462
67412	10158	1	0	702.708	216.517	581.996
67413	10158	3	0	518.708	204.517	583.013
67423	10158	1	0	518.708	204.517	599.275
67424	10158	2	0	478.708	97.5167	600.859
67425	10158	3	0	496.665	109.302	600.892
67428	10158	1	0	496.665	109.302	724.479
67429	10158	2	0	490.665	140.302	726.28
67430	10158	3	0	499.295	144.216	726.297
67447	10158	1	0	499.295	144.216	825.193
67448	10158	3	0	567.295	139.216	826.477
67463	10158	1	0	567.295	139.216	852.643
67464	10158	3	0	539.295	150.216	853.894
67025	10159	1	0	714.761	350.69	3.00116
67026	10159	3	0	739.761	266.69	3.60132
67060	10159	1	0	739.761	266.69	70.3516
67061	10159	3	1	291.761	191.689	73.1033
67120	10159	1	1	291.761	191.689	144.123
67121	10159	2	0	481.761	107.689	144.824
67122	10159	3	0	498.203	117.247	144.857
67136	10159	1	0	498.203	117.247	160.198
67137	10159	3	0	498.203	109.247	162.149
67140	10159	1	0	498.203	109.247	163.467
67141	10159	2	0	468.203	94.2469	164.634
67142	10159	3	0	494.139	110.115	164.684
67145	10159	1	0	494.139	110.115	166.652
67146	10159	3	0	496.139	11.1153	167.035
67153	10159	1	0	496.139	11.1153	178.007
67154	10159	3	0	500.139	14.1153	178.924
67418	10159	1	0	500.139	14.1153	594.804
67419	10159	2	0	664.139	0.115295	595.738
67420	10159	3	0	663.432	10.4532	595.755
67027	10160	1	0	544.146	217.758	6.11951
67028	10160	3	0	641.146	250.758	6.90326
67041	10160	1	0	641.146	250.758	17.5418
67042	10160	3	0	639.146	268.758	18.092
67066	10160	1	0	639.146	268.758	82.5583
67067	10160	3	0	671.146	285.758	82.775
67074	10160	1	0	671.146	285.758	91.1125
67075	10160	3	0	691.146	226.758	93.4136
67078	10160	1	0	691.146	226.758	95.298
67079	10160	3	1	145.145	227.758	96.4317
67094	10160	1	1	145.145	227.758	118.693
67095	10160	3	0	811.146	372.758	120.294
67125	10160	1	0	811.146	372.758	148.976
67126	10160	2	0	919.146	366.758	150.11
67127	10160	3	0	843.844	324.003	150.226
67163	10160	1	0	843.844	324.003	189.646
67164	10160	3	0	528.844	278.003	191.98
67167	10160	1	0	528.844	278.003	197.867
67168	10160	3	1	226.844	232.003	198.684
67224	10160	1	1	226.844	232.003	269.234
67225	10160	3	1	203.844	147.003	269.634
67238	10160	1	1	203.844	147.003	283.44
67239	10160	3	0	699.844	144.003	284.107
67283	10160	1	0	699.844	144.003	356.777
67284	10160	3	0	721.844	80.0027	357.844
67307	10160	1	0	721.844	80.0027	399.165
67308	10160	3	0	797.844	117.003	401.049
67352	10160	1	0	797.844	117.003	436.852
67353	10160	3	0	720.844	161.003	438.287
67358	10160	1	0	720.844	161.003	452.811
67359	10160	3	0	701.844	118.003	453.978
67410	10160	1	0	701.844	118.003	563.567
67411	10160	3	1	324.844	92.0027	564.267
67431	10160	1	1	324.844	92.0027	726.914
67432	10160	3	0	568.844	58.0027	728.165
67449	10160	1	0	568.844	58.0027	832.981
67450	10160	3	0	517.844	42.0027	834.432
67451	10160	1	0	517.844	42.0027	839.835
67452	10160	3	0	513.844	46.0027	840.602
67457	10160	1	0	513.844	46.0027	845.872
67458	10160	3	0	541.844	74.0027	847.073
67465	10160	1	0	541.844	74.0027	854.294
67466	10160	3	0	505.844	54.0027	855.211
67068	10161	1	0	544.312	417.488	83.1086
67069	10161	3	0	577.312	357.488	84.3592
67080	10161	1	0	577.312	357.488	99.85
67081	10161	3	0	668.312	391.488	100.517
67096	10161	1	0	668.312	391.488	120.994
67097	10161	3	1	156.312	170.488	122.128
67104	10161	1	1	156.312	170.488	129.266
67105	10161	3	0	606.312	82.4884	129.866
67149	10161	1	0	606.312	82.4884	168.919
67150	10161	3	0	650.312	140.488	170.02
67155	10161	1	0	650.312	140.488	179.341
67156	10161	3	0	682.312	152.488	180.725
67173	10161	1	0	682.312	152.488	204.22
67174	10161	3	0	711.312	189.488	205.32
67179	10161	1	0	711.312	189.488	212.157
67180	10161	3	0	715.312	139.488	214.591
67189	10161	1	0	715.312	139.488	229.849
67190	10161	3	0	734.312	123.488	231.05
67229	10161	1	0	734.312	123.488	272.052
67230	10161	3	0	669.312	185.488	273.771
67233	10161	1	0	669.312	185.488	276.387
67234	10161	2	1	363.312	277.488	277.571
67235	10161	3	1	346.3	271.445	277.605
67246	10161	1	1	346.3	271.445	298.714
67247	10161	3	0	821.3	53.4453	300.382
67252	10161	1	0	821.3	53.4453	313.94
67253	10161	3	1	198.3	105.445	314.923
67260	10161	1	1	198.3	105.445	330.498
67261	10161	2	0	488.3	365.445	331.382
67262	10161	3	0	496.915	357.938	331.398
67269	10161	1	0	496.915	357.938	344.204
67270	10161	3	0	537.915	403.938	345.321
67275	10161	1	0	537.915	403.938	348.923
67276	10161	3	0	638.915	354.938	351.057
67279	10161	1	0	638.915	354.938	353.325
67280	10161	3	1	169.915	278.938	354.342
67294	10161	1	1	169.915	278.938	376.003
67295	10161	3	0	561.915	382.938	376.67
67298	10161	1	0	561.915	382.938	380.389
67299	10161	3	1	247.915	358.938	384.291
67345	10161	1	1	247.915	358.938	433.95
67346	10161	3	1	194.915	363.938	434.201
67366	10161	1	1	194.915	363.938	459.414
67367	10161	3	0	662.915	346.938	460.264
67376	10161	1	0	662.915	346.938	466.652
67377	10161	3	0	703.915	382.938	467.786
67384	10161	1	0	703.915	382.938	475.357
67385	10161	3	0	720.915	382.938	475.84
67393	10161	1	0	720.915	382.938	485.979
67394	10161	3	0	814.915	362.938	486.246
67397	10161	1	0	814.915	362.938	525.273
67398	10161	3	0	808.915	362.938	525.556
67445	10161	1	0	808.915	362.938	823.141
67446	10161	3	1	290.915	239.938	824.392
67035	10162	1	0	565.989	12.0302	12.1726
67036	10162	3	0	555.989	14.0302	12.7394
67037	10162	1	0	555.989	14.0302	13.3061
67038	10162	3	0	556.989	52.0302	13.7898
67043	10162	1	0	556.989	52.0302	21.8772
67044	10162	3	0	592.989	10.0302	31.6825
67049	10162	1	0	592.989	10.0302	41.6545
67050	10162	3	0	521.989	110.03	42.5883
67088	10162	1	0	521.989	110.03	108.339
67089	10162	3	0	532.989	428.03	109.989
67118	10162	1	0	532.989	428.03	140.338
67119	10162	3	0	557.989	357.03	142.089
67132	10162	1	0	557.989	357.03	154.878
67133	10162	3	0	543.989	363.03	156.396
67169	10162	1	0	543.989	363.03	200.301
67170	10162	3	0	579.989	350.03	201.335
67206	10162	1	0	579.989	350.03	248.824
67207	10162	3	0	636.989	302.03	249.842
67220	10162	1	0	636.989	302.03	264.615
67221	10162	3	0	704.989	298.03	266.183
67242	10162	1	0	704.989	298.03	285.775
67243	10162	3	0	603.989	307.03	287.025
67271	10162	1	0	603.989	307.03	346.188
67272	10162	3	0	599.989	269.03	347.155
67314	10162	1	0	599.989	269.03	406.486
67315	10162	2	1	426.988	275.03	406.936
67316	10162	3	0	496.467	266.955	407.036
67323	10162	1	0	496.467	266.955	411.906
67324	10162	3	1	310.467	232.955	412.173
67331	10162	1	1	310.467	232.955	417.426
67332	10162	3	0	720.467	258.955	418.009
67364	10162	1	0	720.467	258.955	456.796
67365	10162	3	0	710.467	341.955	458.664
67416	10162	1	0	710.467	341.955	584.881
67417	10162	3	1	186.467	372.955	585.515
67033	10163	1	0	514.753	40.5559	11.2555
67034	10163	3	0	511.754	108.556	11.6222
67045	10163	1	0	511.754	108.556	35.4514
67046	10163	3	1	282.754	386.556	36.1019
67047	10163	1	1	282.754	386.556	37.5026
67048	10163	3	1	301.754	377.556	37.8361
67062	10163	1	1	301.754	377.556	75.988
67063	10163	3	0	566.753	294.556	80.0406
67086	10163	1	0	566.753	294.556	105.753
67087	10163	3	0	549.753	354.556	107.722
67110	10163	1	0	549.753	354.556	134.018
67111	10163	3	1	220.753	348.556	134.952
67114	10163	1	1	220.753	348.556	137.753
67115	10163	3	0	706.753	244.556	138.187
67128	10163	1	0	706.753	244.556	150.593
67129	10163	3	1	360.754	237.556	151.794
67130	10163	1	1	360.754	237.556	153.711
67131	10163	3	1	200.753	374.556	154.228
67175	10163	1	1	200.753	374.556	206.07
67176	10163	3	0	532.753	270.556	207.471
67183	10163	1	0	532.753	270.556	217.793
67184	10163	3	1	105.754	354.556	220.311
67191	10163	1	1	105.754	354.556	234.284
67192	10163	3	0	538.753	414.556	235.401
67193	10163	1	0	538.753	414.556	235.535
67194	10163	3	0	538.753	414.556	235.735
67214	10163	1	0	538.753	414.556	259.146
67215	10163	3	0	522.753	383.556	261.597
67218	10163	1	0	522.753	383.556	263.031
67219	10163	3	1	384.754	365.556	264.198
67222	10163	1	1	384.754	365.556	266.716
67223	10163	3	0	626.753	376.556	267.117
67236	10163	1	0	626.753	376.556	278.138
67237	10163	3	0	576.753	379.556	279.622
67240	10163	1	0	576.753	379.556	284.557
67241	10163	3	1	198.753	147.556	285.174
67244	10163	1	1	198.753	147.556	287.625
67245	10163	3	0	687.753	310.556	288.776
67267	10163	1	0	687.753	310.556	341.97
67268	10163	3	1	193.753	222.556	343.07
67277	10163	1	1	193.753	222.556	351.924
67278	10163	3	0	686.753	261.556	353.058
67285	10163	1	0	686.753	261.556	358.695
67286	10163	3	0	713.753	296.556	359.862
67317	10163	1	0	713.753	296.556	407.903
67318	10163	3	0	593.753	332.556	409.338
67321	10163	1	0	593.753	332.556	410.955
67322	10163	3	1	339.754	278.556	411.306
67329	10163	1	1	339.754	278.556	416.225
67330	10163	3	0	557.753	273.556	416.659
67356	10163	1	0	557.753	273.556	450.743
67357	10163	3	0	516.753	258.556	452.111
67380	10163	1	0	516.753	258.556	469.62
67381	10163	3	0	552.753	272.556	470.854
67386	10163	1	0	552.753	272.556	478.091
67387	10163	3	0	596.753	290.556	479.158
67414	10163	1	0	596.753	290.556	583.564
67415	10163	3	0	552.753	293.556	584.464
67421	10163	1	0	552.753	293.556	596.356
67422	10163	3	0	579.753	241.556	597.707
67433	10163	1	0	579.753	241.556	745.227
67434	10163	3	1	203.753	211.556	746.277
67437	10163	1	1	203.753	211.556	762.904
67438	10163	3	0	676.753	228.556	765.122
67455	10163	1	0	676.753	228.556	844.522
67456	10163	3	1	382.754	357.556	845.355
67053	10164	1	0	502.05	227.239	60.3798
67054	10164	3	0	535.05	237.239	61.4638
67055	10164	1	0	535.05	237.239	61.9976
67056	10164	3	1	344.05	283.239	64.215
67057	10164	1	1	344.05	283.239	69.6177
67058	10164	2	0	491.05	286.239	69.9847
67059	10164	3	0	500.704	283.925	70.0013
67157	10164	1	0	500.704	283.925	181.326
67158	10164	3	0	598.704	275.925	183.36
67161	10164	1	0	598.704	275.925	187.495
67162	10164	3	1	392.704	296.925	189.029
67199	10164	1	1	392.704	296.925	244.705
67200	10164	3	0	550.704	281.925	245.189
67204	10164	1	0	550.704	281.925	247.507
67205	10164	3	0	607.704	250.925	248.474
67210	10164	1	0	607.704	250.925	254.811
67211	10164	3	1	354.704	293.925	256.361
67216	10164	1	1	354.704	293.925	262.214
67217	10164	3	0	511.704	298.925	262.531
67250	10164	1	0	511.704	298.925	309.954
67251	10164	3	1	197.704	330.925	310.988
67273	10164	1	1	197.704	330.925	348.306
67274	10164	3	0	521.704	336.925	348.673
67311	10164	1	0	521.704	336.925	404.534
67312	10164	2	1	409.704	362.925	406.052
67313	10164	3	1	399.869	356.759	406.069
67327	10164	1	1	399.869	356.759	415.408
67328	10164	3	0	507.869	364.759	415.725
67335	10164	1	0	507.869	364.759	423.996
67336	10164	3	0	593.869	336.759	425.446
67362	10164	1	0	593.869	336.759	455.646
67363	10164	3	1	365.869	258.759	456.263
67372	10164	1	1	365.869	258.759	462.883
67373	10164	3	0	521.869	330.759	463.25
67378	10164	1	0	521.869	330.759	468.469
67379	10164	3	0	504.869	338.759	469.303
67395	10164	1	0	504.869	338.759	524.022
67396	10164	3	1	340.869	379.759	524.789
67453	10164	1	1	340.869	379.759	841.47
67454	10164	3	0	836.869	351.759	842.77
67459	10164	1	0	836.869	351.759	847.557
67460	10164	3	0	626.869	220.759	848.774
67471	10164	1	0	626.869	220.759	858.18
67472	10164	3	0	680.869	279.759	859.197
69710	10265	1	0	689.52	271.659	23.0793
69711	10265	3	1	295.52	360.659	24.1132
69909	10265	1	1	295.52	360.659	426.976
69910	10265	3	1	348.52	361.659	428.744
70016	10265	1	1	348.52	361.659	679.342
70017	10265	3	0	541.52	417.659	680.143
70022	10265	1	0	541.52	417.659	690.651
70023	10265	3	0	541.52	417.659	690.934
70046	10265	1	0	541.52	417.659	708.513
70047	10265	2	1	381.52	385.659	709.064
70048	10265	3	1	372.49	377.746	709.08
70049	10265	1	1	372.49	377.746	710.448
70050	10265	3	1	330.49	387.746	710.798
69716	10266	1	0	838.538	50.7764	53.0269
69717	10266	3	1	342.538	218.776	54.561
69750	10266	1	1	342.538	218.776	150.958
69751	10266	3	0	693.538	234.776	151.458
69752	10266	1	0	693.538	234.776	153.242
69753	10266	3	1	313.538	239.776	154.36
69880	10266	1	1	313.538	239.776	343.635
69881	10266	3	0	629.538	244.776	344.218
69890	10266	1	0	629.538	244.776	357.491
69891	10266	3	1	217.538	341.776	358.875
69911	10266	1	1	217.538	341.776	436.732
69912	10266	3	1	217.538	341.776	436.832
69966	10266	1	1	217.538	341.776	611.445
69967	10266	3	0	685.538	341.776	612.129
69968	10266	1	0	685.538	341.776	627.556
69969	10266	3	1	222.538	353.776	628.857
70018	10266	1	1	222.538	353.776	680.677
70019	10266	3	0	803.538	363.776	681.711
70020	10266	1	0	803.538	363.776	689.216
70021	10266	3	1	315.538	371.776	690.033
70041	10266	1	1	315.538	371.776	705.945
70042	10266	2	0	489.538	308.776	706.812
70043	10266	3	0	498.438	304.512	706.829
70063	10266	1	0	498.438	304.512	725.025
70064	10266	3	0	535.438	120.512	726.292
70071	10266	1	0	535.438	120.512	730.629
70072	10266	2	1	399.438	140.512	731.012
70073	10266	3	0	498.748	171.146	731.162
70074	10266	1	0	498.748	171.146	732.163
70075	10266	3	0	506.748	106.146	732.497
70085	10266	1	0	506.748	106.146	773.023
70086	10266	2	0	463.748	93.1459	774.006
70087	10266	3	0	501.636	117.307	774.073
69700	10267	1	0	599.734	217.468	14.6086
69701	10267	3	0	693.734	72.4683	15.1754
69714	10267	1	0	693.734	72.4683	50.1422
69715	10267	3	1	136.734	339.468	51.0594
69834	10267	1	1	136.734	339.468	318.04
69835	10267	3	0	510.734	342.468	321.424
69838	10267	1	0	510.734	342.468	324.459
69839	10267	3	0	510.734	342.468	324.576
69842	10267	1	0	510.734	342.468	325.909
69843	10267	3	0	506.734	342.468	326.543
69882	10267	1	0	506.734	342.468	344.535
69883	10267	3	1	120.734	325.468	345.336
69884	10267	1	1	120.734	325.468	345.636
69885	10267	3	1	83.7337	344.468	345.936
69970	10267	1	1	83.7337	344.468	630.891
69971	10267	3	1	89.7337	345.468	634.177
70014	10267	1	1	89.7337	345.468	678.275
70015	10267	3	0	653.734	366.468	678.859
70024	10267	1	0	653.734	366.468	691.568
70025	10267	3	1	191.734	354.468	692.652
70044	10267	1	1	191.734	354.468	707.246
70045	10267	3	0	631.734	397.468	708.113
70055	10267	1	0	631.734	397.468	717.419
70056	10267	3	0	631.734	397.468	718.003
70059	10267	1	0	631.734	397.468	719.654
70060	10267	3	1	215.734	321.468	720.605
70079	10267	1	1	215.734	321.468	738.718
70080	10267	3	1	188.734	358.468	739.768
69696	10268	1	0	686.331	393.852	13.0911
69697	10268	3	0	728.331	393.852	13.3744
69718	10268	1	0	728.331	393.852	60.5967
69719	10268	3	0	794.331	258.852	61.9304
69720	10268	1	0	794.331	258.852	62.6137
69721	10268	3	0	734.331	356.852	63.4143
69851	10268	1	0	734.331	356.852	330.695
69852	10268	2	0	837.331	158.852	332.012
69853	10268	3	0	802.643	167.502	332.079
70053	10268	1	0	802.643	167.502	713.45
70054	10268	3	1	207.643	298.502	714.467
70057	10268	1	1	207.643	298.502	718.687
70058	10268	3	0	563.643	289.502	719.237
70061	10268	1	0	563.643	289.502	722.773
70062	10268	3	0	670.643	289.502	723.207
70076	10268	1	0	670.643	289.502	737.05
70077	10268	2	1	379.643	231.502	737.633
70078	10268	3	0	496.289	220.304	737.817
70083	10268	1	0	496.289	220.304	743.004
70084	10268	3	1	42.289	308.304	743.888
69706	10269	1	0	544.724	147.857	18.1769
69707	10269	3	0	500.724	107.857	18.6774
69708	10269	1	0	500.724	107.857	19.6447
69709	10269	3	0	537.724	135.857	19.9281
69712	10269	1	0	537.724	135.857	27.2474
69713	10269	3	0	525.724	147.857	27.8644
69722	10269	1	0	525.724	147.857	70.8518
69723	10269	3	1	215.724	205.857	71.5188
69746	10269	1	1	215.724	205.857	145.972
69747	10269	3	0	555.724	253.857	146.423
69756	10269	1	0	555.724	253.857	176.238
69757	10269	3	0	541.724	233.857	177.955
69764	10269	1	0	541.724	233.857	191.262
69765	10269	3	1	145.724	230.857	192.029
69768	10269	1	1	145.724	230.857	195.83
69769	10269	3	0	584.724	364.857	196.297
69779	10269	1	0	584.724	364.857	206.985
69780	10269	3	1	232.724	198.857	208.836
69797	10269	1	1	232.724	198.857	237.85
69798	10269	3	1	316.724	197.857	238.001
69799	10269	1	1	316.724	197.857	238.984
69800	10269	3	0	660.724	174.857	244.003
69810	10269	1	0	660.724	174.857	279.22
69811	10269	3	1	333.724	112.857	280.104
69826	10269	1	1	333.724	112.857	307.451
69827	10269	3	0	538.724	202.857	307.684
69854	10269	1	0	538.724	202.857	332.796
69855	10269	3	1	248.724	201.857	333.163
69878	10269	1	1	248.724	201.857	342.584
69879	10269	3	0	723.724	233.857	342.985
69894	10269	1	0	723.724	233.857	389.258
69895	10269	3	1	343.724	221.857	390.176
69921	10269	1	1	343.724	221.857	555.123
69922	10269	3	0	501.724	153.857	555.473
69937	10269	1	0	501.724	153.857	561.961
69938	10269	3	0	548.724	144.857	562.244
69949	10269	1	0	548.724	144.857	590.264
69950	10269	3	1	167.724	228.857	591.015
69974	10269	1	1	167.724	228.857	641.482
69975	10269	3	0	655.724	230.857	642.099
69982	10269	1	0	655.724	230.857	646.836
69983	10269	3	1	363.724	214.857	647.286
69998	10269	1	1	363.724	214.857	669.752
69999	10269	3	0	516.724	158.857	670.319
70034	10269	1	0	516.724	158.857	702.542
70035	10269	2	1	68.7239	214.857	703.209
70036	10269	3	0	501.997	229.762	703.61
70088	10269	1	0	501.997	229.762	775.758
70089	10269	2	0	476.997	221.762	777.025
70090	10269	3	0	506.424	223.807	777.075
69698	10270	1	0	640.39	349.726	14.0083
69699	10270	3	0	627.39	432.726	14.2585
69724	10270	1	0	627.39	432.726	72.6023
69725	10270	3	1	371.39	76.7261	73.4696
69744	10270	1	1	371.39	76.7261	145.005
69745	10270	3	0	567.39	122.726	145.389
69758	10270	1	0	567.39	122.726	184.225
69759	10270	3	0	567.39	122.726	186.16
69783	10270	1	0	567.39	122.726	214.722
69784	10270	3	1	207.39	122.726	215.622
69801	10270	1	1	207.39	122.726	250.473
69802	10270	3	0	561.39	81.7261	251.207
69814	10270	1	0	561.39	81.7261	282.822
69815	10270	3	0	637.39	121.726	284.123
69818	10270	1	0	637.39	121.726	288.224
69819	10270	3	1	178.39	237.726	289.125
69832	10270	1	1	178.39	237.726	311.369
69833	10270	3	0	528.39	38.7261	312.17
69858	10270	1	0	528.39	38.7261	335.297
69859	10270	3	1	387.39	46.7261	335.497
69871	10270	1	1	387.39	46.7261	340.283
69872	10270	3	0	551.39	45.7261	340.583
69900	10270	1	0	551.39	45.7261	396.311
69901	10270	3	0	660.39	259.726	399.347
69905	10270	1	0	660.39	259.726	402.732
69906	10270	3	1	208.39	177.726	403.615
69907	10270	1	1	208.39	177.726	407.65
69908	10270	3	0	625.39	53.7261	409.318
69917	10270	1	0	625.39	53.7261	491.396
69918	10270	3	0	774.39	104.726	493.698
69943	10270	1	0	774.39	104.726	572.652
69944	10270	3	1	338.39	214.726	578.506
69957	10270	1	1	338.39	214.726	597.035
69958	10270	3	0	588.39	174.726	597.485
69978	10270	1	0	588.39	174.726	643.967
69979	10270	3	0	562.39	192.726	644.718
69986	10270	1	0	562.39	192.726	649.555
69987	10270	3	0	562.39	192.726	651.473
69988	10270	1	0	562.39	192.726	652.59
69989	10270	3	1	245.39	206.726	653.224
70000	10270	1	1	245.39	206.726	670.87
70001	10270	3	0	548.39	345.726	671.387
70030	10270	1	0	548.39	345.726	698.222
70031	10270	3	1	258.39	208.726	699.173
70067	10270	1	1	258.39	208.726	728.177
70068	10270	3	0	588.39	277.726	728.994
70093	10270	1	0	588.39	277.726	779.06
70094	10270	3	0	532.39	313.726	781.094
70101	10270	1	0	532.39	313.726	793.685
70102	10270	3	0	551.39	383.726	795.37
70105	10270	1	0	551.39	383.726	882.657
70106	10270	3	0	589.39	353.726	883.541
69704	10271	1	0	585.25	155.751	17.0099
69705	10271	3	0	604.25	94.7507	17.7102
69730	10271	1	0	604.25	94.7507	81.4732
69731	10271	3	1	68.2499	82.7507	82.757
69742	10271	1	1	68.2499	82.7507	144.022
69743	10271	3	0	666.25	55.7507	144.472
69762	10271	1	0	666.25	55.7507	189.945
69763	10271	3	1	306.25	96.7507	190.712
69775	10271	1	1	306.25	96.7507	200.132
69776	10271	3	0	682.25	208.751	200.832
69781	10271	1	0	682.25	208.751	211.754
69782	10271	3	1	325.25	147.751	212.455
69795	10271	1	1	325.25	147.751	236.9
69796	10271	3	0	538.25	225.751	237.283
69808	10271	1	0	538.25	225.751	278.487
69809	10271	3	0	570.25	253.751	278.92
69822	10271	1	0	570.25	253.751	300.481
69823	10271	3	1	226.25	133.751	301.014
69830	10271	1	1	226.25	133.751	310.136
69831	10271	3	0	526.25	97.7507	310.619
69856	10271	1	0	526.25	97.7507	334.113
69857	10271	3	1	305.25	131.751	334.447
69873	10271	1	1	305.25	131.751	341.017
69874	10271	2	1	446.25	194.751	341.167
69875	10271	3	1	403.809	203.833	341.233
69876	10271	1	1	403.809	203.833	341.801
69877	10271	3	0	498.809	253.833	342.067
69896	10271	1	0	498.809	253.833	392.494
69897	10271	3	1	233.809	242.833	393.144
69928	10271	1	1	233.809	242.833	558.125
69929	10271	3	0	627.809	358.833	558.492
69947	10271	1	0	627.809	358.833	588.196
69948	10271	3	1	333.809	93.8326	589.68
69962	10271	1	1	333.809	93.8326	599.07
69963	10271	3	0	582.809	363.833	599.503
69994	10271	1	0	582.809	363.833	664.265
69995	10271	3	1	145.809	260.833	665.032
70009	10271	1	1	145.809	260.833	675.306
70010	10271	3	0	654.809	231.833	675.857
70028	10271	1	0	654.809	231.833	696.571
70029	10271	3	1	351.809	213.833	697.305
70065	10271	1	1	351.809	213.833	726.843
70066	10271	3	0	530.809	372.833	727.276
70091	10271	1	0	530.809	372.833	778.109
70092	10271	3	1	349.809	277.833	778.559
70095	10271	1	1	349.809	277.833	781.544
70096	10271	3	0	600.809	341.833	782.595
70099	10271	1	0	600.809	341.833	789.983
70100	10271	3	0	640.809	266.833	791.234
70107	10271	1	0	640.809	266.833	883.891
70108	10271	3	0	612.809	193.833	884.609
70109	10271	1	0	612.809	193.833	923.769
70110	10271	3	0	704.809	175.833	925.236
69732	10272	1	0	514.349	259.75	83.4908
69733	10272	3	0	551.349	297.75	84.658
69734	10272	1	0	551.349	297.75	86.3588
69735	10272	3	0	555.349	351.75	86.6753
69748	10272	1	0	555.349	351.75	146.839
69749	10272	3	0	543.349	317.75	147.824
69754	10272	1	0	543.349	317.75	172.87
69755	10272	3	0	541.349	395.75	174.154
69766	10272	1	0	541.349	395.75	192.595
69767	10272	3	0	562.349	243.75	193.713
69770	10272	1	0	562.349	243.75	197.348
69771	10272	3	0	540.349	232.75	198.865
69777	10272	1	0	540.349	232.75	201.216
69778	10272	3	0	534.349	251.75	202.583
69787	10272	1	0	534.349	251.75	217.974
69788	10272	3	0	583.349	253.75	219.358
69789	10272	1	0	583.349	253.75	228.912
69790	10272	3	0	597.349	317.75	229.679
69806	10272	1	0	597.349	317.75	253.576
69807	10272	3	0	570.349	354.75	255.176
69812	10272	1	0	570.349	354.75	280.538
69813	10272	3	0	619.349	359.75	281.922
69836	10272	1	0	619.349	359.75	322.091
69837	10272	3	1	128.349	324.75	322.641
69840	10272	1	1	128.349	324.75	325.143
69841	10272	3	0	680.349	260.75	325.593
69844	10272	1	0	680.349	260.75	326.91
69845	10272	2	1	-27.6509	323.75	327.227
69846	10272	3	1	31.8821	297.156	327.327
69847	10272	1	1	31.8821	297.156	328.161
69848	10272	3	1	229.882	334.156	328.478
69849	10272	1	1	229.882	334.156	329.728
69850	10272	3	1	196.882	359.156	329.978
69886	10272	1	1	196.882	359.156	346.186
69887	10272	3	1	203.882	351.156	348.92
69888	10272	1	1	203.882	351.156	356.641
69889	10272	3	0	641.882	381.156	357.091
69892	10272	1	0	641.882	381.156	386.274
69893	10272	3	0	628.882	374.156	387.308
69902	10272	1	0	628.882	374.156	399.98
69903	10272	2	0	444.882	307.156	400.814
69904	10272	3	0	495.38	288.199	400.897
69913	10272	1	0	495.38	288.199	488.277
69914	10272	3	0	585.38	295.199	489.678
69919	10272	1	0	585.38	295.199	553.155
69920	10272	3	0	580.38	251.199	554.606
69925	10272	1	0	580.38	251.199	556.991
69926	10272	2	1	286.38	192.199	557.408
69927	10272	3	0	500.134	209.682	557.675
69932	10272	1	0	500.134	209.682	559.926
69933	10272	2	1	326.134	213.682	560.326
69934	10272	3	0	501.311	218.667	560.56
69945	10272	1	0	501.311	218.667	584.326
69946	10272	3	0	547.311	284.667	585.961
69959	10272	1	0	547.311	284.667	598.036
69960	10272	2	1	339.311	159.667	598.503
69961	10272	3	0	499.362	190.708	598.72
69964	10272	1	0	499.362	190.708	599.92
69965	10272	3	0	539.362	192.708	600.821
69972	10272	1	0	539.362	192.708	639.914
69973	10272	3	0	530.362	214.708	640.782
69976	10272	1	0	530.362	214.708	642.733
69977	10272	3	0	530.362	266.708	643.133
69980	10272	1	0	530.362	266.708	645.052
69981	10272	3	0	506.362	228.708	646.202
69984	10272	1	0	506.362	228.708	648.421
69985	10272	3	0	542.362	271.708	648.738
69996	10272	1	0	542.362	271.708	665.699
69997	10272	3	0	588.362	253.708	666.533
70006	10272	1	0	588.362	253.708	674.089
70007	10272	2	1	368.362	243.708	674.489
70008	10272	3	0	497.63	234.95	674.672
70011	10272	1	0	497.63	234.95	676.29
70012	10272	2	1	331.63	234.95	676.674
70013	10272	3	0	495.405	229.331	676.891
70026	10272	1	0	495.405	229.331	693.436
70027	10272	3	1	62.4048	357.331	694.703
70039	10272	1	1	62.4048	357.331	705.077
70040	10272	3	0	608.405	285.331	705.578
70051	10272	1	0	608.405	285.331	711.432
70052	10272	3	1	88.4048	319.331	711.999
70081	10272	1	1	88.4048	319.331	741.469
70082	10272	3	0	697.405	307.331	742.537
69726	10273	1	0	860.649	271.368	74.1534
69727	10273	3	0	678.649	126.368	75.3204
69728	10273	1	0	678.649	126.368	77.9051
69729	10273	3	1	280.649	105.368	78.8054
69738	10273	1	1	280.649	105.368	140.569
69739	10273	3	0	624.649	167.368	140.836
69760	10273	1	0	624.649	167.368	187.26
69761	10273	3	1	383.649	152.368	188.544
69772	10273	1	1	383.649	152.368	199.315
69773	10273	2	0	474.649	52.3677	199.749
69774	10273	3	0	495.577	71.1214	199.782
69785	10273	1	0	495.577	71.1214	216.99
69786	10273	3	1	358.577	65.1214	217.44
69803	10273	1	1	358.577	65.1214	252.408
69804	10273	2	0	482.577	73.1214	252.825
69805	10273	3	0	502.728	89.8476	252.858
69816	10273	1	0	502.728	89.8476	285.323
69817	10273	3	0	566.728	121.848	286.59
69820	10273	1	0	566.728	121.848	298.296
69821	10273	3	1	386.728	62.8476	299.497
69828	10273	1	1	386.728	62.8476	308.384
69829	10273	3	0	612.728	110.848	308.618
69860	10273	1	0	612.728	110.848	336.064
69861	10273	2	0	463.728	119.848	336.298
69862	10273	3	0	495.878	137.637	336.348
69865	10273	1	0	495.878	137.637	337.598
69866	10273	3	1	382.878	128.637	337.965
69869	10273	1	1	382.878	128.637	339.516
69870	10273	3	0	506.878	126.637	339.816
69898	10273	1	0	506.878	126.637	394.044
69899	10273	3	1	322.878	114.637	394.711
69923	10273	1	1	322.878	114.637	555.99
69924	10273	3	0	533.878	66.6368	556.407
69939	10273	1	0	533.878	66.6368	563.362
69940	10273	3	0	619.878	68.6368	563.712
69941	10273	1	0	619.878	68.6368	565.497
69942	10273	3	0	609.878	68.6368	568.215
69953	10273	1	0	609.878	68.6368	593.416
69954	10273	3	0	648.878	89.6368	594.484
69990	10273	1	0	648.878	89.6368	654.075
69991	10273	3	1	368.878	93.6368	654.759
70002	10273	1	1	368.878	93.6368	672.037
70003	10273	3	0	520.878	85.6368	672.371
70032	10273	1	0	520.878	85.6368	699.724
70033	10273	3	1	206.878	207.637	700.608
70037	10273	1	1	206.878	207.637	703.86
70038	10273	3	1	169.878	207.637	704.294
70069	10273	1	1	169.878	207.637	729.795
70070	10273	3	0	659.878	203.637	730.295
70097	10273	1	0	659.878	203.637	785.83
70098	10273	3	1	371.878	263.637	786.781
69702	10274	1	0	619.315	193.446	15.9257
69703	10274	3	0	617.315	257.446	16.2427
69736	10274	1	0	617.315	257.446	89.0101
69737	10274	3	1	122.315	257.446	91.0442
69740	10274	1	1	122.315	257.446	142.17
69741	10274	3	0	729.315	145.446	143.288
69791	10274	1	0	729.315	145.446	230.163
69792	10274	3	1	394.315	162.446	231.547
69793	10274	1	1	394.315	162.446	236.099
69794	10274	3	0	495.315	162.446	236.4
69824	10274	1	0	495.315	162.446	301.548
69825	10274	3	0	683.315	164.446	306.75
69863	10274	1	0	683.315	164.446	336.815
69864	10274	3	1	389.315	178.446	337.165
69867	10274	1	1	389.315	178.446	338.815
69868	10274	3	0	533.315	178.446	339.032
69915	10274	1	0	533.315	178.446	490.195
69916	10274	3	1	220.315	146.446	490.612
69930	10274	1	1	220.315	146.446	559.159
69931	10274	3	0	502.315	142.446	559.459
69935	10274	1	0	502.315	142.446	561.044
69936	10274	3	0	620.315	186.446	561.511
69951	10274	1	0	620.315	186.446	591.665
69952	10274	3	1	212.315	152.446	592.699
69955	10274	1	1	212.315	152.446	595.351
69956	10274	3	0	600.315	140.446	595.936
69992	10274	1	0	600.315	140.446	655.276
69993	10274	3	1	274.315	95.4462	655.859
70004	10274	1	1	274.315	95.4462	673.171
70005	10274	3	0	619.315	69.4462	673.755
70103	10274	1	0	619.315	69.4462	881.039
70104	10274	3	1	209.315	245.446	882.09
70111	10274	1	1	209.315	245.446	958.959
70112	10274	3	1	292.315	260.446	963.979
74330	10609	1	0	608.321	214.552	6.23688
74331	10609	3	0	640.321	256.552	6.58685
74363	10609	1	0	640.321	256.552	50.5742
74364	10609	3	1	340.321	118.552	51.8745
74442	10609	1	1	340.321	118.552	345.058
74443	10609	3	1	339.321	150.552	345.775
74470	10609	1	1	339.321	150.552	514.515
74471	10609	2	0	463.321	47.5524	514.965
74472	10609	3	0	502.29	81.1753	515.032
74473	10609	1	0	502.29	81.1753	517.784
74474	10609	3	1	342.29	171.175	518.284
74347	10610	1	0	655.833	155.562	23.2623
74348	10610	3	0	675.833	155.562	23.6976
74371	10610	1	0	675.833	155.562	103.368
74372	10610	3	0	695.833	275.562	104.434
74381	10610	1	0	695.833	275.562	115.99
74382	10610	3	0	691.833	275.562	117.04
74420	10610	1	0	691.833	275.562	295.047
74421	10610	3	0	751.833	272.562	296.198
74428	10610	1	0	751.833	272.562	311.439
74429	10610	3	0	759.833	226.562	312.806
74432	10610	1	0	759.833	226.562	315.04
74433	10610	3	0	722.833	257.562	315.424
74375	10611	1	0	764.379	36.5158	107.153
74376	10611	3	0	623.379	88.5158	110.804
74386	10611	1	0	623.379	88.5158	118.591
74387	10611	3	0	637.379	28.5158	120.208
74438	10611	1	0	637.379	28.5158	335.519
74439	10611	3	0	710.379	51.5158	336.62
74440	10611	1	0	710.379	51.5158	339.255
74441	10611	3	0	662.379	101.516	339.705
74466	10611	1	0	662.379	101.516	491.883
74467	10611	3	0	599.379	116.516	492.85
74479	10611	1	0	599.379	116.516	668.406
74480	10611	2	1	266.379	59.5158	668.839
74481	10611	3	0	500.911	160.941	669.106
74377	10612	1	0	800.826	421.019	112.155
74378	10612	3	0	599.826	320.019	114.139
74383	10612	1	0	599.826	320.019	117.39
74384	10612	2	1	406.826	289.019	118.124
74385	10612	3	1	397.21	286.604	118.141
74434	10612	1	1	397.21	286.604	318.042
74435	10612	3	0	766.21	103.604	318.892
74452	10612	1	0	766.21	103.604	432.586
74453	10612	3	0	729.21	103.604	433.737
74460	10612	1	0	729.21	103.604	482.177
74461	10612	3	1	253.21	222.604	482.861
74462	10612	1	1	253.21	222.604	486.546
74463	10612	3	0	728.21	126.604	487.113
74475	10612	1	0	728.21	126.604	540.4
74476	10612	3	0	737.21	78.6038	541.5
74334	10613	1	0	659.14	45.032	8.6214
74335	10613	3	0	676.14	55.032	8.98822
74373	10613	1	0	676.14	55.032	105.635
74374	10613	3	1	304.14	219.032	106.402
74379	10613	1	1	304.14	219.032	114.956
74380	10613	3	0	680.14	134.032	115.473
74388	10613	1	0	680.14	134.032	170.284
74389	10613	3	0	678.14	140.032	171.318
74390	10613	1	0	678.14	140.032	190.111
74391	10613	3	0	859.14	70.032	191.011
74430	10613	1	0	859.14	70.032	313.506
74431	10613	3	0	664.14	98.032	314.49
74436	10613	1	0	664.14	98.032	319.293
74437	10613	3	1	392.14	284.032	320.077
74456	10613	1	1	392.14	284.032	454.78
74457	10613	3	0	828.14	350.032	456.948
74458	10613	1	0	828.14	350.032	462.484
74459	10613	3	1	401.14	278.032	475.374
74357	10614	1	0	876.392	86.4478	36.3006
74358	10614	3	1	177.392	322.448	38.4514
74392	10614	1	1	177.392	322.448	195.614
74393	10614	3	1	315.392	286.448	200.783
74454	10614	1	1	315.392	286.448	447.61
74455	10614	3	0	740.392	374.448	453.896
74464	10614	1	0	740.392	374.448	487.763
74465	10614	3	1	212.392	310.448	488.464
74340	10615	1	0	727.544	249.154	11.3731
74341	10615	2	0	827.544	274.154	11.7731
74342	10615	3	0	819.192	271.243	11.7898
74355	10615	1	0	819.192	271.243	28.3973
74356	10615	3	1	203.192	392.243	29.4644
74409	10615	1	1	203.192	392.243	237.268
74410	10615	2	0	431.192	401.243	237.735
74411	10615	3	0	500.276	345.411	237.851
74418	10615	1	0	500.276	345.411	247.155
74419	10615	3	1	337.276	349.411	247.939
74424	10615	1	1	337.276	349.411	308.121
74425	10615	3	1	340.276	376.411	308.604
74332	10616	1	0	697.003	11.2905	7.58734
74333	10616	3	0	502.003	7.29053	8.00421
74336	10616	1	0	502.003	7.29053	9.50525
74337	10616	3	0	552.003	26.2905	9.93903
74345	10616	1	0	552.003	26.2905	18.0096
74346	10616	3	1	291.003	254.29	18.7931
74369	10616	1	1	291.003	254.29	75.6025
74370	10616	3	1	346.003	373.29	76.7697
74404	10616	1	1	346.003	373.29	234.667
74405	10616	3	0	601.003	390.29	235.017
74422	10616	1	0	601.003	390.29	296.531
74423	10616	3	1	224.003	372.29	300.349
74326	10617	1	0	559.512	213.231	4.28571
74327	10617	3	0	531.512	189.231	4.70258
74349	10617	1	0	531.512	189.231	24.1124
74350	10617	3	0	506.512	169.231	25.046
74365	10617	1	0	506.512	169.231	71.7006
74366	10617	3	0	520.512	180.231	72.5512
74367	10617	1	0	520.512	180.231	73.6519
74368	10617	3	0	530.512	180.231	74.1855
74394	10617	1	0	530.512	180.231	222.261
74395	10617	3	0	588.512	163.231	223.845
74400	10617	1	0	588.512	163.231	230.265
74401	10617	3	0	558.512	173.231	230.598
74468	10617	1	0	558.512	173.231	512.88
74469	10617	3	0	562.512	173.231	513.881
74343	10618	1	0	730.352	349.466	12.4567
74344	10618	3	0	694.352	363.466	13.4736
74353	10618	1	0	694.352	363.466	26.2632
74354	10618	3	0	666.352	382.466	26.9969
74361	10618	1	0	666.352	382.466	45.4712
74362	10618	3	1	106.352	203.466	46.9053
74396	10618	1	1	106.352	203.466	224.712
74397	10618	3	1	106.352	287.466	227.297
74398	10618	1	1	106.352	287.466	228.381
74399	10618	3	1	106.352	267.466	229.031
74446	10618	1	1	106.352	267.466	361.414
74447	10618	3	1	110.352	358.466	362.765
74328	10619	1	0	597.385	318.214	5.1026
74329	10619	3	0	556.385	355.214	5.50287
74351	10619	1	0	556.385	355.214	25.663
74352	10619	3	0	553.385	381.214	25.9963
74359	10619	1	0	553.385	381.214	43.2708
74360	10619	3	0	547.385	375.214	44.7712
74402	10619	1	0	547.385	375.214	230.949
74403	10619	3	0	582.385	110.214	233.766
74406	10619	1	0	582.385	110.214	235.684
74407	10619	2	0	442.385	130.214	236.634
74408	10619	3	0	498.027	150.782	236.734
74412	10619	1	0	498.027	150.782	238.752
74413	10619	3	0	685.027	77.7818	244.654
74414	10619	1	0	685.027	77.7818	244.738
74415	10619	3	0	685.027	77.7818	244.988
74416	10619	1	0	685.027	77.7818	245.638
74417	10619	3	0	703.027	110.782	246.155
74426	10619	1	0	703.027	110.782	310.305
74427	10619	3	0	569.027	335.782	311.122
74444	10619	1	0	569.027	335.782	357.647
74445	10619	3	0	549.027	302.782	358.681
74448	10619	1	0	549.027	302.782	430.602
74449	10619	3	0	518.027	324.782	431.319
74477	10619	1	0	518.027	324.782	553.592
74478	10619	3	0	579.027	320.782	555.711
74338	10620	1	0	802.333	249.286	10.5559
74339	10620	3	0	821.333	185.286	10.9227
74450	10620	1	0	821.333	185.286	431.902
74451	10620	3	0	821.333	185.286	432.086
74482	10620	1	0	821.333	185.286	671.674
74483	10620	2	1	367.333	222.286	672.242
74484	10620	3	0	495.425	230.118	672.408
76071	10789	1	0	822.702	11.4668	10.8555
76072	10789	3	0	821.702	78.4668	11.2558
76109	10789	1	0	821.702	78.4668	166.252
76110	10789	3	1	338.702	76.4668	167.036
76138	10789	1	1	338.702	76.4668	251.794
76139	10789	3	0	548.702	80.4668	252.094
76149	10789	1	0	548.702	80.4668	279.89
76150	10789	3	0	558.702	86.4668	280.974
76174	10789	1	0	558.702	86.4668	345.273
76175	10789	3	1	409.702	80.4668	346.39
76067	10790	1	0	521.572	163.343	7.68848
76068	10790	3	0	547.572	224.343	8.1037
76084	10790	1	0	547.572	224.343	46.5892
76085	10790	3	0	547.572	224.343	47.0395
76134	10790	1	0	547.572	224.343	246.108
76135	10790	3	0	616.572	206.343	246.358
76113	10791	1	0	761.248	168.043	192.017
76114	10791	3	0	753.248	135.043	195.934
76073	10792	1	0	660.427	32.6659	12.5066
76074	10792	3	0	692.427	38.6659	13.1569
76111	10792	1	0	692.427	38.6659	178.459
76112	10792	3	1	211.427	129.666	179.977
76115	10792	1	1	211.427	129.666	204.455
76116	10792	3	1	227.427	78.6659	205.372
76140	10792	1	1	227.427	78.6659	252.744
76141	10792	3	0	633.427	90.6659	253.244
76146	10792	1	0	633.427	90.6659	278.79
76147	10792	2	1	437.427	90.6659	279.34
76148	10792	3	1	406.009	112.713	279.39
76151	10792	1	1	406.009	112.713	281.642
76152	10792	3	1	387.009	136.713	282.475
76156	10792	1	1	387.009	136.713	302.368
76157	10792	3	0	572.009	152.713	302.718
76176	10792	1	0	572.009	152.713	346.99
76177	10792	3	1	398.009	174.713	348.341
76098	10793	1	0	511.058	353.181	151.393
76099	10793	3	1	290.058	363.181	152.143
76100	10793	1	1	290.058	363.181	153.294
76101	10793	3	1	208.058	360.181	153.611
76105	10793	1	1	208.058	360.181	156.946
76106	10793	3	0	699.058	369.181	157.663
76119	10793	1	0	699.058	369.181	223.481
76120	10793	3	1	108.058	254.181	224.398
76123	10793	1	1	108.058	254.181	230.601
76124	10793	3	0	592.058	367.181	231.367
76172	10793	1	0	592.058	367.181	340.17
76173	10793	3	1	281.058	334.181	340.821
76079	10794	1	0	550.252	30.4758	34.9339
76080	10794	3	0	550.252	30.4758	35.034
76081	10794	1	0	550.252	30.4758	40.7368
76082	10794	2	1	385.252	198.476	42.9549
76083	10794	3	1	357.982	201.563	43.0048
76092	10794	1	1	357.982	201.563	108.403
76093	10794	3	1	345.982	204.563	108.687
76132	10794	1	1	345.982	204.563	243.306
76133	10794	3	1	346.982	233.563	243.94
76117	10795	1	0	830.62	337.367	222.214
76118	10795	3	1	122.62	339.367	223.014
76128	10795	1	1	122.62	339.367	233.852
76129	10795	3	0	578.62	395.367	234.302
76144	10795	1	0	578.62	395.367	272.804
76145	10795	3	1	263.621	361.367	274.271
76158	10795	1	1	263.621	361.367	303.752
76159	10795	3	0	595.62	133.367	304.369
76170	10795	1	0	595.62	133.367	338.253
76171	10795	3	1	343.621	411.367	339.603
76075	10796	1	0	555.935	103.513	14.374
76076	10796	3	0	537.935	131.513	14.8743
76086	10796	1	0	537.935	131.513	59.5453
76087	10796	3	0	525.935	105.513	61.129
76088	10796	1	0	525.935	105.513	92.3953
76089	10796	3	0	507.935	124.513	93.1132
76090	10796	1	0	507.935	124.513	102.868
76091	10796	3	0	542.935	106.513	103.235
76121	10796	1	0	542.935	106.513	225.132
76122	10796	3	0	589.935	88.5132	227.55
76136	10796	1	0	589.935	88.5132	246.925
76137	10796	3	0	509.935	138.513	250.927
76142	10796	1	0	509.935	138.513	253.961
76143	10796	3	0	500.935	151.513	254.811
76153	10796	1	0	500.935	151.513	301.301
76154	10796	2	1	304.935	95.5132	301.901
76155	10796	3	0	498.369	168.438	302.134
76160	10796	1	0	498.369	168.438	304.753
76161	10796	2	1	360.369	121.438	305.003
76162	10796	3	0	499.26	171.633	305.186
76166	10796	1	0	499.26	171.633	308.004
76167	10796	3	1	323.26	132.633	308.438
76065	10797	1	0	839.197	342.533	6.62
76066	10797	3	0	709.197	381.533	7.05341
76096	10797	1	0	709.197	381.533	144.189
76097	10797	3	1	351.197	356.533	145.057
76163	10797	1	1	351.197	356.533	305.853
76164	10797	2	0	480.197	351.533	307.104
76165	10797	3	0	498.661	339.187	307.138
76180	10797	1	0	498.661	339.187	622.536
76181	10797	3	0	502.661	399.187	623.354
76069	10798	1	0	518.719	137.995	8.85413
76070	10798	3	0	653.719	135.995	9.55457
76077	10798	1	0	653.719	135.995	24.1788
76078	10798	3	0	653.719	135.995	28.2969
76094	10798	1	0	653.719	135.995	117.542
76095	10798	3	0	653.719	135.995	122.812
76102	10798	1	0	653.719	135.995	155.062
76103	10798	2	1	95.7185	348.995	155.896
76104	10798	3	0	495.939	265.66	156.279
76107	10798	1	0	495.939	265.66	158.363
76108	10798	3	0	521.939	362.66	158.78
76125	10798	1	0	521.939	362.66	232.302
76126	10798	2	0	452.939	310.66	233.319
76127	10798	3	0	502.78	292.129	233.402
76130	10798	1	0	502.78	292.129	234.753
76131	10798	3	1	246.78	236.129	235.653
76168	10798	1	1	246.78	236.129	310.773
76169	10798	3	1	228.78	199.129	312.707
76178	10798	1	1	228.78	199.129	478.288
76179	10798	3	1	228.78	199.129	478.371
79270	11081	1	0	552.654	384.472	87.8424
79271	11081	3	0	600.654	343.472	88.8433
79274	11081	1	0	600.654	343.472	96.5297
79275	11081	3	0	576.654	382.472	97.7302
79278	11081	1	0	576.654	382.472	99.2141
79279	11081	3	1	319.654	337.472	100.598
79321	11081	1	1	319.654	337.472	342.608
79322	11081	3	1	319.654	337.472	342.741
79323	11081	1	1	319.654	337.472	361.284
79324	11081	3	1	319.654	337.472	361.384
79268	11082	1	0	701.04	288.585	60.2134
79269	11082	3	0	685.04	209.585	63.0312
79296	11082	1	0	685.04	209.585	131.13
79297	11082	3	0	718.04	234.585	133.548
79306	11082	1	0	718.04	234.585	142.786
79307	11082	3	1	270.04	281.585	148.072
79264	11083	1	0	687.809	178.418	56.9453
79265	11083	3	1	381.809	72.4177	57.9289
79282	11083	1	1	381.809	72.4177	107.984
79283	11083	3	0	577.809	45.4177	108.418
79294	11083	1	0	577.809	45.4177	129.313
79295	11083	3	1	400.809	240.418	130.33
79286	11084	1	0	756.262	295.796	113.404
79287	11084	3	0	736.262	270.796	115.455
79292	11084	1	0	736.262	270.796	120.274
79293	11084	3	1	245.262	134.796	121.224
79308	11084	1	1	245.262	134.796	171.085
79309	11084	3	1	247.262	76.7964	171.818
79319	11084	1	1	247.262	76.7964	333.904
79320	11084	3	1	247.262	76.7964	334.004
79254	11085	1	0	773.211	405.314	33.9517
79255	11085	3	1	102.211	370.314	35.0023
79329	11085	1	1	102.211	370.314	636.517
79330	11085	3	1	102.211	370.314	636.617
79233	11086	1	0	688.846	328.638	1.6178
79234	11086	3	0	578.846	252.638	2.1825
79258	11086	1	0	578.846	252.638	43.5059
79259	11086	3	1	146.846	260.638	44.3062
79260	11086	1	1	146.846	260.638	45.1899
79261	11086	3	1	83.8455	250.638	45.7567
79244	11087	1	0	565.237	76.5368	8.52173
79245	11087	3	0	603.237	55.5368	8.82172
79266	11087	1	0	603.237	55.5368	58.596
79267	11087	3	1	273.237	73.5368	59.5632
79284	11087	1	1	273.237	73.5368	109.201
79285	11087	3	1	315.237	52.5368	110.535
79288	11087	1	1	315.237	52.5368	118.09
79289	11087	3	0	636.237	147.537	118.857
79300	11087	1	0	636.237	147.537	135.032
79301	11087	3	0	545.237	200.537	136.199
79333	11087	1	0	545.237	200.537	665.721
79334	11087	3	0	545.237	200.537	665.838
79250	11088	1	0	732.783	72.1225	18.2772
79251	11088	3	1	357.783	193.122	19.7277
79290	11088	1	1	357.783	193.122	119.424
79291	11088	3	0	648.783	118.122	119.907
79298	11088	1	0	648.783	118.122	134.065
79299	11088	3	0	664.783	74.1225	134.498
79314	11088	1	0	664.783	74.1225	301.12
79315	11088	3	0	675.783	62.1225	304.055
79331	11088	1	0	675.783	62.1225	647.459
79332	11088	3	0	635.783	89.1225	652.195
79316	11089	1	0	531.522	112.719	316.378
79317	11089	2	0	482.522	116.719	317.495
79318	11089	3	0	502.586	129.12	317.528
79335	11089	1	0	502.586	129.12	666.188
79336	11089	2	1	418.586	120.12	666.839
79337	11089	3	0	500.14	157.572	666.955
79242	11090	1	0	709.601	256.974	7.43781
79243	11090	3	0	581.601	184.974	8.17139
79252	11090	1	0	581.601	184.974	22.2289
79253	11090	3	1	245.601	357.974	23.8965
79272	11090	1	1	245.601	357.974	94.9788
79273	11090	3	0	530.601	276.974	96.0963
79304	11090	1	0	530.601	276.974	139.801
79305	11090	3	0	622.601	187.974	141.352
79325	11090	1	0	622.601	187.974	389.281
79326	11090	3	0	852.601	124.974	392.649
79327	11090	1	0	852.601	124.974	411.759
79328	11090	3	0	852.601	124.974	411.86
79246	11091	1	0	531.297	422.647	9.58923
79247	11091	3	0	507.297	298.647	12.2405
79248	11091	1	0	507.297	298.647	14.4916
79249	11091	3	1	351.297	311.647	15.9756
79276	11091	1	1	351.297	311.647	98.4305
79277	11091	3	0	535.297	239.647	98.864
79280	11091	1	0	535.297	239.647	101.549
79281	11091	3	0	625.297	334.647	105.317
79302	11091	1	0	625.297	334.647	138.367
79303	11091	3	0	601.297	303.647	139.484
79310	11091	1	0	601.297	303.647	179.238
79311	11091	3	0	601.297	303.647	179.338
79235	11092	1	0	787.088	265.184	3.63568
79236	11092	3	0	787.088	265.184	3.75244
79237	11092	1	0	787.088	265.184	3.81897
79238	11092	1	0	787.088	265.184	4.06927
79239	11092	3	0	787.088	265.184	4.06927
79240	11092	1	0	787.088	265.184	6.57074
79241	11092	3	0	839.088	173.184	6.90417
79256	11092	1	0	839.088	173.184	36.3362
79257	11092	3	0	839.088	173.184	40.154
79262	11092	1	0	839.088	173.184	47.3911
79263	11092	3	1	114.088	130.184	48.3078
79312	11092	1	1	114.088	130.184	261.048
79313	11092	3	1	114.088	130.184	261.132
