66518	10125	1	0	682.294	43.7084	19.027
66519	10125	3	0	690.294	57.7084	20.2445
66656	10125	1	0	690.294	57.7084	388.241
66657	10125	3	0	608.294	91.7084	389.658
66658	10125	1	0	608.294	91.7084	390.676
66659	10125	3	0	775.294	41.7084	390.992
66678	10125	1	0	775.294	41.7084	452.194
66679	10125	3	0	713.294	140.708	453.628
66682	10125	1	0	713.294	140.708	455.462
66683	10125	3	0	791.294	133.708	455.796
66512	10126	1	0	645.188	328.41	4.48615
66513	10126	3	0	691.188	335.41	4.80292
66524	10126	1	0	691.188	335.41	68.1197
66525	10126	3	1	343.188	312.41	69.0034
66528	10126	1	1	343.188	312.41	154.601
66529	10126	3	0	574.188	383.41	155.001
66535	10126	1	0	574.188	383.41	161.304
66536	10126	3	1	184.188	358.41	161.888
66541	10126	1	1	184.188	358.41	171.944
66542	10126	3	0	722.188	148.41	172.433
66549	10126	1	0	722.188	148.41	202.143
66550	10126	3	0	705.188	258.41	202.51
66584	10126	1	0	705.188	258.41	287.305
66585	10126	3	1	313.188	143.41	288.022
66635	10126	1	1	313.188	143.41	361.694
66636	10126	3	1	318.188	136.41	362.711
66648	10126	1	1	318.188	136.41	382.271
66649	10126	3	0	707.188	207.41	382.938
66667	10126	1	0	707.188	207.41	397.479
66668	10126	3	0	664.188	207.41	398.797
66537	10127	1	0	803.208	189.974	164.389
66538	10127	3	0	799.208	143.974	165.507
66551	10127	1	0	799.208	143.974	243.698
66552	10127	3	0	798.208	206.974	244.115
66553	10127	1	0	798.208	206.974	248.35
66554	10127	2	1	390.208	122.974	249.168
66555	10127	3	0	500.546	162.109	249.334
66556	10127	1	0	500.546	162.109	249.801
66557	10127	2	1	255.546	123.109	250.218
66558	10127	3	0	502.459	181.801	250.518
66563	10127	1	0	502.459	181.801	252.788
66564	10127	2	1	37.4588	289.801	253.37
66565	10127	3	0	499.779	238.7	253.804
66568	10127	1	0	499.779	238.7	255.622
66569	10127	2	0	841.779	160.7	256.455
66570	10127	3	0	832.936	163.688	256.472
66620	10127	1	0	832.936	163.688	335.763
66621	10127	2	1	100.936	306.688	336.664
66622	10127	3	0	500.445	245.6	337.064
66623	10127	1	0	500.445	245.6	342.233
66624	10127	3	0	696.445	288.599	342.817
66639	10127	1	0	696.445	288.599	368.864
66640	10127	2	0	855.445	259.599	370.831
66641	10127	3	0	828.233	254.004	370.881
66660	10127	1	0	828.233	254.004	391.359
66661	10127	2	1	262.233	202.004	393.61
66662	10127	3	0	496.659	212.733	393.894
66665	10127	1	0	496.659	212.733	394.911
66666	10127	3	1	235.659	142.733	395.378
66516	10128	1	0	652.914	143.282	15.8589
66517	10128	3	0	667.914	213.282	16.3424
66522	10128	1	0	667.914	213.282	65.1011
66523	10128	3	1	177.914	150.282	66.0184
66576	10128	1	1	177.914	150.282	263.876
66577	10128	3	0	615.914	94.282	264.559
66578	10128	1	0	615.914	94.282	264.71
66579	10128	3	0	615.914	94.282	264.759
66580	10128	1	0	615.914	94.282	264.993
66581	10128	3	1	283.914	145.282	266.293
66582	10128	1	1	283.914	145.282	283.153
66583	10128	3	0	580.914	48.282	284.87
66618	10128	1	0	580.914	48.282	332.879
66619	10128	3	1	292.914	266.282	333.646
66654	10128	1	1	292.914	266.282	385.106
66655	10128	3	1	248.914	329.282	386.874
66510	10129	1	0	589.659	398.932	3.48553
66511	10129	3	0	512.659	354.932	3.9693
66520	10129	1	0	512.659	354.932	43.6406
66521	10129	3	1	177.659	291.932	44.0577
66533	10129	1	1	177.659	291.932	159.82
66534	10129	3	0	687.659	287.932	160.554
66543	10129	1	0	687.659	287.932	172.678
66544	10129	3	1	94.6591	317.932	173.412
66559	10129	1	1	94.6591	317.932	250.818
66560	10129	3	0	665.659	352.932	251.335
66571	10129	1	0	665.659	352.932	257.039
66572	10129	2	1	22.6591	316.932	257.856
66573	10129	3	1	30.5109	311.341	257.872
66574	10129	1	1	30.5109	311.341	258.256
66575	10129	3	1	85.5109	308.341	258.739
66598	10129	1	1	85.5109	308.341	302.479
66599	10129	3	0	559.511	330.341	303.18
66676	10129	1	0	559.511	330.341	448.509
66677	10129	3	0	538.511	333.341	450.076
66695	10129	1	0	538.511	333.341	675.539
66696	10129	3	0	693.511	343.341	676.04
66514	10130	1	0	814.781	237.858	11.9902
66515	10130	3	0	803.781	325.858	12.4572
66530	10130	1	0	803.781	325.858	155.368
66531	10130	2	1	378.781	266.858	156.069
66532	10130	3	1	369.769	264.769	156.085
66547	10130	1	1	369.769	264.769	180.699
66548	10130	3	1	318.769	281.769	181.099
66610	10130	1	1	318.769	281.769	327.393
66611	10130	3	0	658.769	202.769	327.893
66625	10130	1	0	658.769	202.769	343.117
66626	10130	3	0	668.769	182.769	345.735
66629	10130	1	0	668.769	182.769	348.82
66630	10130	3	1	34.7686	273.769	349.621
66669	10130	1	1	34.7686	273.769	431.633
66670	10130	2	0	639.769	-10.231	432.417
66671	10130	3	0	642.687	12.7363	432.45
66672	10130	1	0	642.687	12.7363	444.641
66673	10130	3	0	650.687	23.7363	445.507
66688	10130	1	0	650.687	23.7363	459.881
66689	10130	2	1	77.6872	151.736	460.482
66690	10130	3	0	496.957	203.705	460.882
66693	10130	1	0	496.957	203.705	461.799
66694	10130	3	1	95.9575	239.705	462.416
66508	10131	1	0	568.968	386.51	2.23486
66509	10131	3	0	532.968	237.51	2.86823
66595	10131	1	0	532.968	237.51	299.16
66596	10131	2	1	58.9684	179.51	299.928
66597	10131	3	0	502.304	206.15	300.361
66606	10131	1	0	502.304	206.15	310.6
66607	10131	3	0	504.304	182.15	312.351
66612	10131	1	0	504.304	182.15	328.159
66613	10131	3	1	302.304	309.15	329.694
66616	10131	1	1	302.304	309.15	331.695
66617	10131	3	0	526.304	199.15	332.345
66680	10131	1	0	526.304	199.15	454.012
66681	10131	3	0	500.304	287.15	454.979
66526	10132	1	0	622.761	97.3231	152.517
66527	10132	3	0	620.761	125.323	153.751
66545	10132	1	0	620.761	125.323	177.097
66546	10132	3	0	528.761	166.323	178.18
66593	10132	1	0	528.761	166.323	296.043
66594	10132	3	0	585.761	148.323	298.293
66604	10132	1	0	585.761	148.323	308.066
66605	10132	3	0	636.761	137.323	309.483
66633	10132	1	0	636.761	137.323	357.258
66634	10132	3	0	568.761	86.3231	359.492
66644	10132	1	0	568.761	86.3231	379.77
66645	10132	3	0	587.761	146.323	380.804
66650	10132	1	0	587.761	146.323	383.455
66651	10132	3	0	530.761	102.323	383.705
66686	10132	1	0	530.761	102.323	458.114
66687	10132	3	0	651.761	132.323	459.548
66539	10133	1	0	828.249	14.3535	165.923
66540	10133	3	0	532.249	361.353	168.594
66561	10133	1	0	532.249	361.353	251.919
66562	10133	3	1	247.249	359.353	252.32
66566	10133	1	1	247.249	359.353	254.704
66567	10133	3	0	552.249	373.353	255.321
66586	10133	1	0	552.249	373.353	289.389
66587	10133	2	1	179.249	199.354	290.056
66588	10133	3	0	500.729	222.273	290.39
66589	10133	1	0	500.729	222.273	291.474
66590	10133	3	0	668.729	234.273	291.891
66600	10133	1	0	668.729	234.273	303.813
66601	10133	3	1	117.729	260.273	304.263
66608	10133	1	1	117.729	260.273	314.252
66609	10133	3	1	236.729	262.273	315.052
66614	10133	1	1	236.729	262.273	330.711
66615	10133	3	1	208.729	210.273	331.161
66631	10133	1	1	208.729	210.273	352.089
66632	10133	3	1	183.729	188.273	352.439
66637	10133	1	1	183.729	188.273	367.83
66638	10133	3	0	700.729	175.273	368.597
66642	10133	1	0	700.729	175.273	377.102
66643	10133	3	1	211.729	100.273	378.236
66663	10133	1	1	211.729	100.273	394.027
66664	10133	3	0	833.729	357.273	394.494
66684	10133	1	0	833.729	357.273	456.213
66685	10133	3	1	170.729	260.273	457.263
66691	10133	1	1	170.729	260.273	460.948
66692	10133	3	0	536.729	70.2735	461.466
66591	10134	1	0	502.889	64.5366	293.458
66592	10134	3	0	529.889	44.5366	295.592
66602	10134	1	0	529.889	44.5366	305.131
66603	10134	3	1	118.889	173.537	305.598
66627	10134	1	1	118.889	173.537	347.753
66628	10134	3	0	534.889	63.5366	348.37
66646	10134	1	0	534.889	63.5366	381.087
66647	10134	3	0	649.889	83.5366	381.904
66652	10134	1	0	649.889	83.5366	384.022
66653	10134	3	0	616.889	130.537	384.439
66674	10134	1	0	616.889	130.537	445.874
66675	10134	3	1	368.889	239.537	446.691
68179	10205	1	0	658.723	412.603	37.0028
68180	10205	3	1	339.723	310.603	38.3705
68194	10205	1	1	339.723	310.603	62.2673
68195	10205	3	0	583.723	358.603	62.584
68199	10205	1	0	583.723	358.603	65.7361
68200	10205	3	1	278.723	337.603	66.2198
68211	10205	1	1	278.723	337.603	156.206
68212	10205	3	0	638.723	367.603	156.639
68215	10205	1	0	638.723	367.603	158.54
68216	10205	3	1	274.723	373.603	159.124
68250	10205	1	1	274.723	373.603	224.142
68251	10205	3	0	728.723	337.603	224.592
68256	10205	1	0	728.723	337.603	237.199
68257	10205	3	1	330.723	305.603	237.616
68260	10205	1	1	330.723	305.603	352.817
68261	10205	3	1	330.723	305.603	353.167
68311	10205	1	1	330.723	305.603	439.78
68312	10205	3	1	364.723	312.603	440.964
68326	10205	1	1	364.723	312.603	473.932
68327	10205	3	0	741.723	363.603	474.582
68337	10205	1	0	741.723	363.603	479.518
68338	10205	3	1	241.723	163.603	480.285
68361	10205	1	1	241.723	163.603	498.963
68362	10205	2	0	854.723	204.603	499.414
68363	10205	3	0	845.594	205.753	499.43
68364	10205	1	0	845.594	205.753	500.214
68365	10205	3	0	756.594	191.753	500.548
68366	10205	1	0	756.594	191.753	500.881
68367	10205	3	1	215.594	178.753	501.365
68442	10205	1	1	215.594	178.753	730.405
68443	10205	3	1	266.594	182.753	731.456
68444	10205	1	1	266.594	182.753	732.64
68445	10205	3	0	511.594	224.753	733.257
68446	10205	1	0	511.594	224.753	733.674
68447	10205	3	1	273.594	224.753	734.108
68455	10205	1	1	273.594	224.753	798.715
68456	10205	3	1	259.594	211.753	799.532
68466	10205	1	1	259.594	211.753	853.849
68467	10205	3	0	824.594	396.753	854.533
68478	10205	1	0	824.594	396.753	868.692
68479	10205	3	1	130.594	121.753	869.242
68181	10206	1	0	581.364	304.888	39.8879
68182	10206	3	0	527.364	384.888	40.855
68183	10206	1	0	527.364	384.888	41.9056
68184	10206	3	1	156.364	273.888	42.6392
68201	10206	1	1	156.364	273.888	66.8869
68202	10206	3	0	498.364	365.888	67.4219
68213	10206	1	0	498.364	365.888	157.005
68214	10206	3	0	521.364	355.888	158.173
68220	10206	1	0	521.364	355.888	191.359
68221	10206	3	1	170.364	283.888	191.826
68254	10206	1	1	170.364	283.888	235.932
68255	10206	3	0	569.364	194.889	236.649
68264	10206	1	0	569.364	194.889	355.635
68265	10206	3	1	154.364	274.888	356.102
68313	10206	1	1	154.364	274.888	441.731
68314	10206	3	0	516.364	194.889	442.982
68321	10206	1	0	516.364	194.889	447.651
68322	10206	3	1	47.3636	324.888	448.018
68339	10206	1	1	47.3636	324.888	482.036
68340	10206	3	1	91.3636	316.888	482.453
68381	10206	1	1	91.3636	316.888	572.647
68382	10206	3	0	591.364	387.888	573.18
68404	10206	1	0	591.364	387.888	691.395
68405	10206	3	1	40.3636	321.888	691.979
68470	10206	1	1	40.3636	321.888	856.034
68471	10206	3	0	829.364	270.888	857.051
68476	10206	1	0	829.364	270.888	864.823
68477	10206	3	0	833.364	239.889	867.791
68185	10207	1	0	595.511	240.512	49.1932
68186	10207	3	0	660.511	180.512	49.6768
68187	10207	1	0	660.511	180.512	49.9103
68188	10207	3	1	279.511	120.511	50.4771
68302	10207	1	1	279.511	120.511	429.258
68303	10207	3	0	574.511	150.512	429.658
68306	10207	1	0	574.511	150.512	431.009
68307	10207	3	0	598.511	73.5115	431.359
68315	10207	1	0	598.511	73.5115	443.299
68316	10207	3	1	90.5113	291.512	443.816
68319	10207	1	1	90.5113	291.512	446.967
68320	10207	3	0	642.511	240.512	447.367
68328	10207	1	0	642.511	240.512	475.766
68329	10207	2	1	238.511	290.512	476.333
68330	10207	3	0	500.276	242.979	476.65
68335	10207	1	0	500.276	242.979	478.384
68336	10207	3	1	313.276	280.979	478.952
68370	10207	1	1	313.276	280.979	544.644
68371	10207	3	1	286.276	318.979	545.011
68464	10207	1	1	286.276	318.979	852.081
68465	10207	3	0	518.276	346.979	852.698
68474	10207	1	0	518.276	346.979	860.453
68475	10207	3	1	267.276	273.979	860.904
68495	10207	1	1	267.276	273.979	893.725
68496	10207	3	0	502.276	318.979	894.359
68177	10208	1	0	725.986	350.933	30.2666
68178	10208	3	0	741.986	307.933	30.5333
68191	10208	1	0	741.986	307.933	55.0124
68192	10208	2	1	139.986	122.933	58.5483
68193	10208	3	0	501.211	181.428	58.9482
68196	10208	1	0	501.211	181.428	62.9008
68197	10208	2	1	264.211	263.428	64.6353
68198	10208	3	0	496.936	228.515	64.9355
68203	10208	1	0	496.936	228.515	67.7878
68204	10208	3	1	137.936	232.515	68.5548
68205	10208	1	1	137.936	232.515	69.1552
68206	10208	3	1	134.936	216.515	69.5887
68217	10208	1	1	134.936	216.515	189.357
68218	10208	2	0	490.936	129.515	190.908
68219	10208	3	0	498.876	133.308	190.925
68245	10208	1	0	498.876	133.308	216.355
68246	10208	2	1	113.876	127.308	217.806
68247	10208	3	0	501.478	183.856	218.223
68248	10208	1	0	501.478	183.856	219.09
68249	10208	3	0	502.478	130.856	219.39
68252	10208	1	0	502.478	130.856	224.892
68253	10208	3	0	587.479	66.8557	229.028
68258	10208	1	0	587.479	66.8557	238.15
68259	10208	3	1	159.479	190.856	238.883
68262	10208	1	1	159.479	190.856	354.918
68263	10208	3	0	608.479	47.8557	355.302
68268	10208	1	0	608.479	47.8557	362.055
68269	10208	3	0	557.479	64.8557	362.922
68296	10208	1	0	557.479	64.8557	412.398
68297	10208	3	0	557.479	54.8557	413.466
68304	10208	1	0	557.479	54.8557	429.975
68305	10208	3	1	246.479	106.856	430.442
68331	10208	1	1	246.479	106.856	477.1
68332	10208	3	0	588.479	36.8557	477.45
68333	10208	1	0	588.479	36.8557	477.767
68334	10208	3	0	509.478	42.8557	478.034
68378	10208	1	0	509.478	42.8557	571.112
68379	10208	2	1	129.479	89.8557	571.68
68380	10208	3	0	498.238	171.794	572.08
68383	10208	1	0	498.238	171.794	573.647
68384	10208	3	1	58.238	287.794	575.699
68402	10208	1	1	58.238	287.794	686.992
68403	10208	3	0	580.238	192.794	688.876
68448	10208	1	0	580.238	192.794	735.609
68449	10208	2	1	91.238	157.794	737.277
68450	10208	3	0	495.398	192.322	737.694
68461	10208	1	0	495.398	192.322	851.164
68462	10208	2	1	128.398	175.322	851.514
68463	10208	3	0	497.855	196.72	851.915
68472	10208	1	0	497.855	196.72	859.336
68473	10208	3	1	97.8554	341.72	859.853
68222	10209	1	0	853.035	296.03	195.744
68223	10209	2	1	-5.9649	170.031	196.395
68224	10209	3	1	34.0695	182.272	196.462
68225	10209	1	1	34.0695	182.272	197.195
68226	10209	3	1	105.07	165.272	197.512
68243	10209	1	1	105.07	165.272	215.505
68244	10209	3	0	692.07	232.272	215.971
68274	10209	1	0	692.07	232.272	387.451
68275	10209	3	1	271.069	257.272	388.268
68276	10209	1	1	271.069	257.272	391.57
68277	10209	3	1	169.07	178.272	392.337
68294	10209	1	1	169.07	178.272	411.081
68295	10209	3	0	797.07	320.272	411.998
68323	10209	1	0	797.07	320.272	448.885
68324	10209	2	1	242.07	257.272	449.435
68325	10209	3	0	497.273	244.831	449.718
68341	10209	1	0	497.273	244.831	483.521
68342	10209	3	1	136.273	222.831	484.638
68351	10209	1	1	136.273	222.831	491.525
68352	10209	3	0	703.273	287.831	491.859
68372	10209	1	0	703.273	287.831	551.099
68373	10209	3	0	735.273	253.831	551.466
68406	10209	1	0	735.273	253.831	692.712
68407	10209	3	0	516.273	114.831	697.649
68408	10209	1	0	516.273	114.831	699.15
68409	10209	3	0	516.273	101.831	702.569
68420	10209	1	0	516.273	101.831	716.696
68421	10209	3	1	308.273	100.831	717.213
68457	10209	1	1	308.273	100.831	803.801
68458	10209	3	0	498.273	122.831	804.802
68207	10210	1	0	623.825	57.6905	76.0922
68208	10210	3	0	600.825	65.6905	77.5765
68227	10210	1	0	600.825	65.6905	200.097
68228	10210	3	1	193.825	217.691	200.93
68239	10210	1	1	193.825	217.691	211.653
68240	10210	3	0	561.825	378.69	212.17
68278	10210	1	0	561.825	378.69	393.455
68279	10210	3	1	289.825	242.691	394.538
68292	10210	1	1	289.825	242.691	410.197
68293	10210	3	0	584.825	219.691	410.48
68298	10210	1	0	584.825	219.691	424.655
68299	10210	3	1	223.825	186.691	425.539
68300	10210	1	1	223.825	186.691	427.023
68301	10210	3	0	611.825	227.691	428.858
68317	10210	1	0	611.825	227.691	445.233
68318	10210	3	0	632.825	181.691	445.733
68347	10210	1	0	632.825	181.691	487.489
68348	10210	3	1	45.8246	189.691	487.972
68349	10210	1	1	45.8246	189.691	490.691
68350	10210	3	0	642.825	246.691	491.108
68368	10210	1	0	642.825	246.691	501.982
68369	10210	3	0	656.825	166.691	503.8
68385	10210	1	0	656.825	166.691	578.568
68386	10210	2	1	285.825	200.691	579.451
68387	10210	3	0	500.874	222.732	579.702
68396	10210	1	0	500.874	222.732	588.257
68397	10210	3	0	503.874	287.732	588.658
68426	10210	1	0	503.874	287.732	721.699
68427	10210	3	1	163.874	304.732	722.133
68430	10210	1	1	163.874	304.732	725.235
68431	10210	3	0	572.874	308.732	725.569
68440	10210	1	0	572.874	308.732	729.638
68441	10210	3	0	532.874	387.732	729.905
68451	10210	1	0	532.874	387.732	792.961
68452	10210	3	1	222.874	188.732	794.729
68453	10210	1	1	222.874	188.732	797.631
68454	10210	3	0	741.874	215.732	798.065
68480	10210	1	0	741.874	215.732	871.677
68481	10210	3	0	690.874	253.732	873.378
68482	10210	1	0	690.874	253.732	873.895
68483	10210	3	0	674.874	202.732	874.196
68209	10211	1	0	710.408	77.6125	88.6826
68210	10211	3	1	369.408	267.612	89.5164
68237	10211	1	1	369.408	267.612	210.552
68238	10211	3	0	616.408	359.612	211.103
68272	10211	1	0	616.408	359.612	386.668
68273	10211	3	0	646.408	367.612	386.968
68280	10211	1	0	646.408	367.612	398.007
68281	10211	3	1	271.408	372.612	398.907
68290	10211	1	1	271.408	372.612	409.313
68291	10211	3	0	689.408	275.612	409.647
68308	10211	1	0	689.408	275.612	432.827
68309	10211	2	1	421.408	210.613	433.644
68310	10211	3	1	401.501	213.844	433.677
68353	10211	1	1	401.501	213.844	492.192
68354	10211	3	0	661.501	317.844	492.642
68374	10211	1	0	661.501	317.844	556.053
68375	10211	3	1	361.501	188.844	558.654
68376	10211	1	1	361.501	188.844	570.095
68377	10211	3	0	813.501	322.844	570.429
68392	10211	1	0	813.501	322.844	583.337
68393	10211	3	1	338.501	166.844	585.539
68394	10211	1	1	338.501	166.844	586.289
68395	10211	3	0	621.501	106.844	587.023
68422	10211	1	0	621.501	106.844	717.796
68423	10211	3	1	407.501	185.844	719.197
68436	10211	1	1	407.501	185.844	727.97
68437	10211	3	0	576.501	70.8438	728.504
68484	10211	1	0	576.501	70.8438	877.064
68485	10211	3	1	301.501	131.844	877.681
68491	10211	1	1	301.501	131.844	883.435
68492	10211	3	0	555.501	92.8438	884.152
68493	10211	1	0	555.501	92.8438	884.653
68494	10211	3	0	573.501	90.8438	885.036
68189	10212	1	0	570.36	108.398	52.2612
68190	10212	3	0	656.36	188.398	52.5779
68241	10212	1	0	656.36	188.398	213.671
68242	10212	3	0	808.36	171.398	214.754
68266	10212	1	0	808.36	171.398	359.487
68267	10212	3	0	771.36	128.398	361.488
68359	10212	1	0	771.36	128.398	496.128
68360	10212	3	0	775.36	83.3984	498.513
68410	10212	1	0	775.36	83.3984	703.57
68411	10212	3	0	827.36	67.3984	705.221
68412	10212	1	0	827.36	67.3984	705.604
68413	10212	3	0	775.36	67.3984	705.988
68418	10212	1	0	775.36	67.3984	708.707
68419	10212	3	0	744.36	67.3984	710.541
68459	10212	1	0	744.36	67.3984	805.469
68460	10212	3	0	729.36	84.3984	807.904
68229	10213	1	0	620.776	311.852	201.948
68230	10213	3	1	321.776	277.852	202.915
68235	10213	1	1	321.776	277.852	209.585
68236	10213	3	0	574.776	298.852	209.935
68270	10213	1	0	574.776	298.852	385.701
68271	10213	3	0	576.776	237.852	386.101
68284	10213	1	0	576.776	237.852	402.409
68285	10213	3	1	187.776	414.852	403.126
68286	10213	1	1	187.776	414.852	406.862
68287	10213	3	0	582.776	331.852	407.612
68345	10213	1	0	582.776	331.852	486.238
68346	10213	3	1	217.776	117.852	486.738
68357	10213	1	1	217.776	117.852	495.094
68358	10213	3	0	553.776	323.852	495.594
68388	10213	1	0	553.776	323.852	580.569
68389	10213	3	1	387.776	234.852	581.369
68390	10213	1	1	387.776	234.852	581.87
68391	10213	3	0	649.776	277.852	582.353
68398	10213	1	0	649.776	277.852	589.291
68399	10213	3	1	330.776	197.852	589.775
68414	10213	1	1	330.776	197.852	706.622
68415	10213	3	0	577.776	389.852	707.139
68424	10213	1	0	577.776	389.852	719.815
68425	10213	3	1	382.776	251.852	720.331
68434	10213	1	1	382.776	251.852	727.27
68435	10213	3	0	600.776	283.852	727.537
68438	10213	1	0	600.776	283.852	729.021
68439	10213	3	0	723.776	317.852	729.321
68486	10213	1	0	723.776	317.852	879.199
68487	10213	2	1	300.776	163.852	879.699
68488	10213	3	0	499.831	205.222	879.933
68231	10214	1	0	549.947	258.887	203.465
68232	10214	3	1	62.9467	334.887	204.049
68233	10214	1	1	62.9467	334.887	207.968
68234	10214	3	0	571.947	315.887	208.952
68282	10214	1	0	571.947	315.887	399.658
68283	10214	3	1	395.947	389.887	400.174
68288	10214	1	1	395.947	389.887	408.263
68289	10214	3	0	641.947	351.887	408.63
68343	10214	1	0	641.947	351.887	485.338
68344	10214	3	1	358.947	133.887	485.755
68355	10214	1	1	358.947	133.887	493.86
68356	10214	3	0	531.947	215.887	494.16
68400	10214	1	0	531.947	215.887	590.259
68401	10214	3	1	279.947	99.8874	590.826
68416	10214	1	1	279.947	99.8874	707.756
68417	10214	3	0	540.947	216.887	708.273
68428	10214	1	0	540.947	216.887	723.134
68429	10214	3	1	105.947	209.887	723.701
68432	10214	1	1	105.947	209.887	726.136
68433	10214	3	0	634.947	396.887	726.753
68468	10214	1	0	634.947	396.887	855.1
68469	10214	3	0	675.947	409.887	855.384
68489	10214	1	0	675.947	409.887	880.667
68490	10214	3	0	607.947	278.887	882.084
73922	10561	1	0	591.53	64.4216	20.5109
73923	10561	3	0	591.53	56.4216	20.7944
73960	10561	1	0	591.53	56.4216	103.157
73961	10561	3	0	537.53	157.422	103.457
73972	10561	1	0	537.53	157.422	208.895
73973	10561	3	1	48.53	185.422	209.628
73977	10561	1	1	48.53	185.422	306.326
73978	10561	3	0	640.53	33.4216	306.827
73916	10562	1	0	761.49	373.967	14.6409
73917	10562	3	0	813.49	314.967	16.3584
73930	10562	1	0	813.49	314.967	27.0314
73931	10562	3	0	819.49	324.967	27.5148
73938	10562	1	0	819.49	324.967	94.5528
73939	10562	3	0	804.49	350.967	95.0197
73952	10562	1	0	804.49	350.967	99.955
73953	10562	3	0	784.49	351.967	100.605
73944	10563	1	0	504.513	215.541	96.4203
73945	10563	3	0	509.513	277.541	96.7537
73946	10563	1	0	509.513	277.541	96.9037
73947	10563	3	0	509.513	252.541	97.254
73954	10564	1	0	849.658	226.434	101.072
73955	10564	3	0	848.658	254.434	101.322
73912	10565	1	0	581.307	328.829	12.1397
73913	10565	3	0	654.307	273.829	12.6899
73924	10565	1	0	654.307	273.829	21.9949
73925	10565	3	0	646.307	278.829	22.3286
73940	10565	1	0	646.307	278.829	95.3699
73941	10565	3	0	656.307	281.829	95.4369
73942	10565	1	0	656.307	281.829	95.4865
73943	10565	3	0	513.307	325.829	96.1034
73964	10565	1	0	513.307	325.829	156.5
73965	10565	3	1	275.307	343.829	157.351
73984	10565	1	1	275.307	343.829	532.972
73985	10565	3	0	669.307	304.829	533.34
73986	10565	1	0	669.307	304.829	533.773
73987	10565	3	1	335.307	346.829	534.457
73928	10566	1	0	848.989	255.634	24.2463
73929	10566	3	0	866.989	154.634	24.7966
73956	10566	1	0	866.989	154.634	101.839
73957	10566	3	0	858.989	186.634	102.256
73958	10567	1	0	744.689	63.1501	102.506
73959	10567	3	0	687.689	100.15	102.873
73962	10567	1	0	687.689	100.15	103.657
73963	10567	3	0	669.689	83.1501	103.974
73968	10567	1	0	669.689	83.1501	194.437
73969	10567	3	1	205.689	86.1501	195.287
73920	10568	1	0	609.589	64.0592	17.5089
73921	10568	3	0	586.589	150.059	18.3929
73950	10568	1	0	586.589	150.059	98.8379
73951	10568	3	0	722.589	219.059	99.5548
73966	10568	1	0	722.589	219.059	187.4
73967	10568	3	1	193.589	202.059	187.984
73914	10569	1	0	699.739	378.536	13.3571
73915	10569	3	0	661.739	365.536	13.8239
73934	10569	1	0	661.739	365.536	92.6019
73935	10569	3	0	641.739	389.536	93.2688
73970	10569	1	0	641.739	389.536	201.04
73971	10569	3	1	80.7392	338.536	201.69
73918	10570	1	0	766.024	187.779	16.7087
73919	10570	3	0	735.024	228.779	17.1255
73926	10570	1	0	735.024	228.779	22.6789
73927	10570	3	0	714.024	208.779	23.8961
73948	10570	1	0	714.024	208.779	98.0375
73949	10570	3	0	596.024	270.779	98.5544
73974	10570	1	0	596.024	270.779	302.308
73975	10570	2	1	349.024	169.779	305.926
73976	10570	3	0	500.566	192.233	306.143
73979	10570	1	0	500.566	192.233	307.127
73980	10570	3	1	76.566	115.233	308.611
73910	10571	1	0	608.594	340.625	10.7889
73911	10571	3	0	526.594	372.625	11.556
73932	10571	1	0	526.594	372.625	91.6678
73933	10571	3	0	505.594	397.625	92.3516
73936	10572	1	0	839.146	469.434	93.6693
73937	10572	3	0	795.146	456.434	94.2861
73981	10572	1	0	795.146	456.434	531.805
73982	10572	2	1	277.146	423.434	532.556
73983	10572	3	0	496.888	325.893	532.806
75846	10759	1	0	582.289	109.573	15.8748
75847	10759	3	0	646.289	147.573	16.5417
75848	10759	1	0	646.289	147.573	131.437
75849	10759	3	1	214.289	370.573	132.721
75840	10760	1	0	655.631	104.757	13.023
75841	10760	3	0	684.631	233.757	13.7066
75869	10760	1	0	684.631	233.757	194.153
75870	10760	3	0	779.631	29.7567	196.62
75844	10761	1	0	764.624	101.975	15.0076
75845	10761	3	0	498.624	154.975	15.6247
75862	10761	1	0	498.624	154.975	154.599
75863	10761	2	0	467.624	206.975	156.65
75864	10761	3	0	495.608	207.66	156.702
75865	10761	1	0	495.608	207.66	157.434
75866	10761	3	0	507.608	217.66	157.801
75842	10762	1	0	881.549	190.657	14.3071
75843	10762	3	0	846.549	289.657	14.7405
75850	10762	1	0	846.549	289.657	137.123
75851	10762	3	1	247.549	276.657	137.956
75818	10763	1	0	675.535	153.523	1.3006
75819	10763	3	0	649.535	236.523	2.06763
75834	10763	1	0	649.535	236.523	11.2723
75835	10763	3	0	609.535	306.523	11.6058
75838	10763	1	0	609.535	306.523	12.3896
75839	10763	3	0	595.535	300.523	12.7396
75856	10763	1	0	595.535	300.523	147.228
75857	10763	3	1	297.535	165.523	148.095
75830	10764	1	0	745.95	270.24	9.72168
75831	10764	3	0	809.95	372.24	10.1386
75867	10764	1	0	809.95	372.24	160.619
75868	10764	3	0	739.95	383.24	162.786
75832	10765	1	0	507.169	236.049	10.622
75833	10765	3	0	545.169	319.049	10.9556
75836	10765	1	0	545.169	319.049	11.8224
75837	10765	3	0	517.169	310.049	12.1727
75854	10765	1	0	517.169	310.049	143.01
75855	10765	3	1	314.169	332.049	143.693
75824	10766	1	0	557.293	410.172	3.56836
75825	10766	3	0	519.293	412.172	3.9184
75852	10766	1	0	519.293	412.172	139.057
75853	10766	3	1	176.293	180.173	140.958
75820	10767	1	0	644.599	335.36	2.38428
75821	10767	3	0	775.599	377.36	2.7179
75826	10767	1	0	775.599	377.36	8.05377
75827	10767	3	0	598.599	394.36	8.75439
75858	10767	1	0	598.599	394.36	149.846
75859	10767	3	1	50.5991	294.36	150.647
75822	10768	1	0	540.711	329.185	3.03473
75823	10768	3	0	540.711	300.185	3.28485
75828	10768	1	0	540.711	300.185	8.98792
75829	10768	3	0	701.711	388.185	9.4715
75860	10768	1	0	701.711	388.185	152.231
75861	10768	3	1	75.7113	149.185	153.665
77767	10949	1	0	634.963	307.414	6.72015
77768	10949	3	0	795.963	411.414	7.18713
77789	10949	1	0	795.963	411.414	20.3441
77790	10949	3	0	809.963	413.414	20.7277
77803	10949	1	0	809.963	413.414	102.318
77804	10949	3	1	313.963	353.414	103.319
77779	10950	1	0	698.865	107.476	12.0397
77780	10950	3	0	700.865	123.476	13.374
77795	10950	1	0	700.865	123.476	23.5626
77796	10950	3	0	753.865	191.476	23.9794
77809	10950	1	0	753.865	191.476	112.09
77810	10950	3	1	279.865	251.476	113.174
77826	10950	1	1	279.865	251.476	405.444
77827	10950	3	0	562.865	429.476	406.578
77761	10951	1	0	527.448	415.215	3.96869
77762	10951	3	0	527.448	451.215	4.31903
77820	10951	1	0	527.448	451.215	137.469
77821	10951	3	1	379.448	133.215	138.303
77822	10951	1	1	379.448	133.215	144.873
77823	10951	3	0	649.448	319.215	145.34
77828	10951	1	0	649.448	319.215	407.012
77829	10951	3	1	311.448	266.215	407.612
77777	10952	1	0	615.77	191.272	10.9059
77778	10952	3	0	612.77	251.272	11.5371
77781	10952	1	0	612.77	251.272	13.624
77782	10952	3	0	611.77	282.272	14.0577
77813	10952	1	0	611.77	282.272	119.477
77814	10952	2	1	275.77	90.2721	121.845
77815	10952	3	0	494.608	157.658	122.13
77816	10952	1	0	494.608	157.658	123.796
77817	10952	3	0	555.608	146.658	124.329
77757	10953	1	0	599.119	273.541	2.03424
77758	10953	3	0	502.119	291.541	2.96838
77793	10954	1	0	510.915	77.4817	22.3119
77794	10954	3	0	629.915	146.482	22.9955
77801	10954	1	0	629.915	146.482	99.1501
77802	10954	3	1	169.915	332.482	100.301
77769	10955	1	0	765.446	272.333	7.63745
77770	10955	3	0	825.446	337.333	8.02081
77787	10955	1	0	825.446	337.333	16.4086
77788	10955	3	0	838.446	302.333	16.909
77824	10955	1	0	838.446	302.333	145.706
77825	10955	3	1	305.446	68.3334	146.674
77765	10956	1	0	801.438	403.866	5.81958
77766	10956	3	0	697.438	434.866	6.31988
77807	10956	1	0	697.438	434.866	108.172
77808	10956	3	1	176.438	238.865	109.072
77759	10957	1	0	700.769	442.125	3.35181
77760	10957	3	0	612.769	418.125	3.7019
77763	10957	1	0	612.769	418.125	5.11926
77764	10957	3	0	611.769	447.125	5.4361
77805	10957	1	0	611.769	447.125	105.52
77806	10957	3	1	97.7692	263.125	106.521
77797	10958	1	0	829.892	25.2795	24.413
77798	10958	3	0	827.892	184.279	24.9299
77818	10958	1	0	827.892	184.279	134.334
77819	10958	3	1	284.892	164.279	135.017
77771	10959	1	0	685.823	274.155	8.40454
77772	10959	3	0	725.823	315.155	8.98828
77775	10959	1	0	725.823	315.155	10.0721
77776	10959	3	0	747.823	323.155	10.6224
77783	10959	1	0	747.823	323.155	14.3414
77784	10959	3	0	749.823	299.155	14.975
77811	10959	1	0	749.823	299.155	115.776
77812	10959	3	1	160.823	147.154	116.893
77773	10960	1	0	679.306	230.081	9.30511
77774	10960	3	0	836.306	233.081	9.77197
77785	10960	1	0	836.306	233.081	15.8919
77786	10960	3	0	826.306	161.081	16.0919
77791	10960	1	0	826.306	161.081	21.3113
77792	10960	3	0	519.306	187.081	22.0951
77799	10960	1	0	519.306	187.081	93.1804
77800	10960	3	1	64.3064	369.081	94.4978
