31293	6643	1	0	591.729	8.58817	23.0458
31294	6643	3	0	633.729	108.588	23.4293
31297	6643	1	0	633.729	108.588	24.8634
31298	6643	3	0	639.729	63.5882	25.814
31299	6644	1	0	502.348	11.535	26.8812
31300	6644	3	0	516.348	68.535	27.2646
31301	6644	1	0	516.348	68.535	45.4919
31302	6644	3	1	320.348	224.535	46.7596
31319	6644	1	1	320.348	224.535	378.249
31320	6644	2	0	888.348	207.535	378.866
31321	6644	3	0	848.757	211.754	378.933
31326	6644	1	0	848.757	211.754	385.737
31327	6644	3	1	228.757	208.754	386.737
31285	6645	1	0	672.051	282.749	10.3385
31286	6645	3	0	654.051	375.749	10.6553
31350	6645	1	0	654.051	375.749	741.558
31351	6645	2	1	375.051	378.749	742.058
31352	6645	3	1	357.398	363.313	742.091
31353	6645	1	1	357.398	363.313	743.276
31354	6645	2	0	487.398	419.313	743.559
31355	6645	3	0	496.226	409.427	743.576
31295	6646	1	0	795.501	81.9256	23.8959
31296	6646	3	0	810.501	163.926	24.2963
31303	6646	1	0	810.501	163.926	52.1795
31304	6646	3	1	133.501	93.9256	53.1801
31283	6647	1	0	694.717	352.135	9.22138
31284	6647	3	0	772.717	398.135	9.55493
31328	6647	1	0	772.717	398.135	507.077
31329	6647	3	0	772.717	398.135	507.811
31330	6647	1	0	772.717	398.135	521.721
31331	6647	2	1	25.7167	345.135	527.391
31332	6647	3	0	501.745	238.707	527.858
31338	6647	1	0	501.745	238.707	532.478
31339	6647	3	1	327.745	329.707	532.845
31346	6647	1	1	327.745	329.707	544.803
31347	6647	3	1	310.745	336.707	546.154
31348	6647	1	1	310.745	336.707	740.657
31349	6647	3	0	533.745	284.707	741.024
31356	6647	1	0	533.745	284.707	743.893
31357	6647	3	1	229.745	317.707	744.259
31307	6648	1	0	806.615	47.097	63.3033
31308	6648	2	1	132.615	73.097	63.7702
31309	6648	3	0	497.566	176.397	64.137
31310	6648	1	0	497.566	176.397	65.9379
31311	6648	3	0	517.566	94.3971	66.2214
31305	6649	1	0	531.695	381.797	58.2501
31306	6649	3	1	217.695	382.797	58.6171
31333	6649	1	1	217.695	382.797	528.842
31334	6649	3	0	796.695	350.797	529.86
31287	6650	1	0	605.812	203.7	11.0057
31288	6650	3	0	518.812	240.7	11.3059
31340	6650	1	0	518.812	240.7	540.517
31341	6650	2	1	411.811	217.7	541.018
31342	6650	3	0	495.481	225.805	541.134
31343	6650	1	0	495.481	225.805	541.785
31344	6650	2	1	359.481	205.805	542.218
31345	6650	3	0	501.722	222.529	542.402
31289	6651	1	0	791.39	179.878	12.0564
31290	6651	3	0	783.39	285.878	12.5734
31312	6651	1	0	783.39	285.878	67.6891
31313	6651	2	1	349.39	111.878	68.5062
31314	6651	3	0	501.196	168.494	68.7061
31317	6651	1	0	501.196	168.494	192.411
31318	6651	3	0	705.196	271.494	195.529
31322	6651	1	0	705.196	271.494	379.333
31323	6651	3	1	190.196	230.494	379.834
31324	6651	1	1	190.196	230.494	384.669
31325	6651	3	0	686.196	280.494	385.286
31291	6652	1	0	783.991	141.097	13.0736
31292	6652	3	0	633.991	233.097	13.4404
31315	6652	1	0	633.991	233.097	70.6906
31316	6652	3	1	362.991	125.097	71.1075
31335	6652	1	1	362.991	125.097	530.594
31336	6652	2	0	884.991	229.097	531.194
31337	6652	3	0	865.434	230.149	531.227
33485	6833	1	0	638.719	19.2253	43.592
33486	6833	3	1	226.719	116.225	44.309
33493	6833	1	1	226.719	116.225	59.6019
33494	6833	3	0	671.719	408.225	60.1354
33506	6833	1	0	671.719	408.225	71.5087
33507	6833	3	1	210.719	148.225	71.8254
33570	6833	1	1	210.719	148.225	167.844
33571	6833	2	0	854.719	296.225	168.211
33572	6833	3	0	845.554	292.78	168.227
33579	6833	1	0	845.554	292.78	173.047
33580	6833	3	1	233.554	104.78	173.58
33583	6833	1	1	233.554	104.78	175.682
33584	6833	2	0	925.554	232.78	175.982
33585	6833	3	0	849.067	231.218	176.098
33591	6833	1	0	849.067	231.218	179.484
33592	6833	3	1	294.067	323.218	179.917
33595	6833	1	1	294.067	323.218	183.286
33596	6833	3	1	307.067	367.218	183.72
33671	6833	1	1	307.067	367.218	249.255
33672	6833	2	0	439.067	387.218	249.622
33673	6833	3	0	500.852	344.91	249.722
33688	6833	1	0	500.852	344.91	257.593
33689	6833	3	1	208.852	324.91	257.943
33711	6833	1	1	208.852	324.91	275.736
33712	6833	3	0	625.852	327.91	276.403
33716	6833	1	0	625.852	327.91	279.705
33717	6833	3	1	255.852	360.91	280.405
33745	6833	1	1	255.852	360.91	302.852
33746	6833	3	0	671.852	254.911	303.219
33766	6833	1	0	671.852	254.911	313.825
33767	6833	3	1	152.852	102.91	314.226
33473	6834	1	0	614.908	429.97	14.0417
33474	6834	3	0	598.908	427.97	14.6586
33483	6834	1	0	598.908	427.97	35.5204
33484	6834	3	1	266.908	289.97	36.4709
33498	6834	1	1	266.908	289.97	62.0696
33499	6834	3	0	721.908	293.97	62.6534
33508	6834	1	0	721.908	293.97	74.7437
33509	6834	3	0	679.908	356.97	78.0625
33510	6834	1	0	679.908	356.97	83.7322
33511	6834	3	0	679.908	356.97	84.5158
33522	6834	1	0	679.908	356.97	91.5026
33523	6834	2	1	49.9078	160.97	92.1531
33524	6834	3	0	496.615	206.039	92.57
33530	6834	1	0	496.615	206.039	95.7382
33531	6834	3	1	296.615	304.039	96.3052
33568	6834	1	1	296.615	304.039	165.659
33569	6834	3	0	816.615	347.039	166.443
33577	6834	1	0	816.615	347.039	172.08
33578	6834	3	1	121.615	286.039	172.363
33581	6834	1	1	121.615	286.039	174.631
33582	6834	3	0	753.615	362.039	175.165
33588	6834	1	0	753.615	362.039	178.016
33589	6834	2	1	328.615	375.039	178.533
33590	6834	3	0	502.482	297.285	178.766
33593	6834	1	0	502.482	297.285	180.685
33594	6834	3	0	688.482	364.285	181.018
33609	6834	1	0	688.482	364.285	209.3
33610	6834	3	1	300.482	178.285	209.667
33614	6834	1	1	300.482	178.285	212.568
33615	6834	2	0	464.482	314.285	212.952
33616	6834	3	0	502.231	297.402	213.018
33626	6834	1	0	502.231	297.402	218.238
33627	6834	2	1	111.231	228.402	218.571
33628	6834	3	0	496.934	224.88	218.955
33629	6834	1	0	496.934	224.88	219.572
33630	6834	3	0	513.934	347.879	220.339
33640	6834	1	0	513.934	347.879	227.06
33641	6834	3	1	258.934	199.88	227.526
33649	6834	1	1	258.934	199.88	233.079
33650	6834	3	0	749.934	392.879	233.513
33674	6834	1	0	749.934	392.879	250.156
33675	6834	2	1	260.934	380.879	250.506
33676	6834	3	0	497.897	289.132	250.789
33677	6834	1	0	497.897	289.132	251.773
33678	6834	2	1	128.897	417.132	252.14
33679	6834	3	0	502.357	282.839	252.524
33682	6834	1	0	502.357	282.839	254.124
33683	6834	2	1	284.357	281.839	254.575
33684	6834	3	0	499.185	249.059	254.842
33685	6834	1	0	499.185	249.059	255.509
33686	6834	2	1	179.184	195.059	256.192
33687	6834	3	0	501.588	213.702	256.543
33690	6834	1	0	501.588	213.702	258.927
33691	6834	3	0	735.588	325.702	260.378
33694	6834	1	0	735.588	325.702	263.796
33695	6834	2	1	12.5884	166.702	264.08
33696	6834	3	1	30.4946	172.203	264.113
33743	6834	1	1	30.4946	172.203	301.685
33744	6834	3	0	739.495	360.203	302.368
33749	6834	1	0	739.495	360.203	304.736
33750	6834	2	1	313.495	327.203	305.887
33751	6834	3	0	495.116	273.962	306.12
33752	6834	1	0	495.116	273.962	306.704
33753	6834	3	0	526.116	375.962	306.971
33763	6834	1	0	526.116	375.962	312.574
33764	6834	2	1	355.116	75.9625	312.924
33765	6834	3	0	498.902	143.706	313.125
33774	6834	1	0	498.902	143.706	319.095
33775	6834	2	1	342.902	102.706	319.378
33776	6834	3	0	501.104	161.421	319.595
33777	6834	1	0	501.104	161.421	325.432
33778	6834	2	1	266.104	57.4209	325.798
33779	6834	3	0	499.988	153.994	326.082
33471	6835	1	0	576.315	383.909	13.008
33472	6835	3	0	643.315	291.909	13.3581
33487	6835	1	0	643.315	291.909	49.729
33488	6835	2	1	23.3148	344.909	50.9964
33489	6835	3	1	31.5511	338.363	51.0131
33475	6836	1	0	804.755	315.598	15.5591
33476	6836	3	0	787.755	379.598	15.9427
33490	6836	1	0	787.755	379.598	53.048
33491	6836	2	1	-76.2452	199.598	53.665
33492	6836	3	0	494.732	204.268	54.1651
33495	6836	1	0	494.732	204.268	60.7191
33496	6836	2	1	290.732	134.268	61.0357
33497	6836	3	0	499.951	175.76	61.3193
33500	6836	1	0	499.951	175.76	63.1871
33501	6836	3	1	37.9507	132.76	63.5873
33520	6836	1	1	37.9507	132.76	90.3687
33521	6836	3	1	197.951	284.76	90.7523
33528	6836	1	1	197.951	284.76	94.9044
33529	6836	3	0	535.951	330.76	95.2212
33540	6836	1	0	535.951	330.76	105.01
33541	6836	3	0	630.951	365.76	105.243
33563	6836	1	0	630.951	365.76	129.872
33564	6836	2	1	30.9507	288.76	130.306
33565	6836	3	0	495.19	226.36	130.756
33566	6836	1	0	495.19	226.36	149.033
33567	6836	3	0	569.19	363.36	149.484
33573	6836	1	0	569.19	363.36	168.744
33574	6836	3	1	216.19	193.36	169.128
33575	6836	1	1	216.19	193.36	171.246
33576	6836	3	0	647.19	393.36	171.579
33586	6836	1	0	647.19	393.36	176.532
33587	6836	3	1	290.19	197.36	176.965
33607	6836	1	1	290.19	197.36	207.849
33608	6836	3	0	515.19	289.36	208.733
33611	6836	1	0	515.19	289.36	210.801
33612	6836	2	1	125.19	181.36	211.568
33613	6836	3	0	496.917	198.482	211.968
33617	6836	1	0	496.917	198.482	213.952
33618	6836	3	1	309.917	136.482	214.286
33622	6836	1	1	309.917	136.482	216.654
33623	6836	3	0	705.917	342.482	217.037
33637	6836	1	0	705.917	342.482	225.426
33638	6836	2	1	69.9168	177.482	226.109
33639	6836	3	0	497.344	198.151	226.543
33642	6836	1	0	497.344	198.151	229.394
33643	6836	2	0	449.344	188.151	229.795
33644	6836	3	0	494.786	192.087	229.878
33651	6836	1	0	494.786	192.087	234.214
33652	6836	3	1	38.7865	88.087	234.53
33692	6836	1	1	38.7865	88.087	262.312
33693	6836	3	0	556.786	400.087	262.779
33713	6836	1	0	556.786	400.087	276.703
33714	6836	2	1	215.786	295.087	277.053
33715	6836	3	0	494.545	237.611	277.387
33718	6836	1	0	494.545	237.611	281.656
33719	6836	2	1	138.545	187.611	281.989
33720	6836	3	0	500.864	200.308	282.39
33721	6836	1	0	500.864	200.308	284.458
33722	6836	3	0	524.864	356.308	284.775
33747	6836	1	0	524.864	356.308	303.685
33748	6836	3	1	245.864	258.308	303.986
33468	6837	1	0	579.853	416.31	12.0572
33469	6837	2	0	467.853	419.31	12.5579
33470	6837	3	0	498.605	392.782	12.6077
33502	6837	1	0	498.605	392.782	67.5229
33503	6837	3	1	386.605	274.782	68.2399
33504	6837	1	1	386.605	274.782	70.5748
33505	6837	3	0	498.605	335.782	70.9417
33512	6837	1	0	498.605	335.782	85.583
33513	6837	2	1	342.605	373.782	85.9833
33514	6837	3	0	497.958	310.382	86.1833
33542	6837	1	0	497.958	310.382	106.177
33543	6837	3	1	150.958	430.382	107.094
33557	6837	1	1	150.958	430.382	126.804
33558	6837	3	0	774.958	182.382	127.154
33736	6837	1	0	774.958	182.382	292.896
33737	6837	3	1	379.958	19.3819	293.313
33756	6837	1	1	379.958	19.3819	308.888
33757	6837	3	0	705.958	6.3819	309.189
33525	6838	1	0	868.066	292.703	93.2869
33526	6838	2	1	376.066	256.703	93.7371
33527	6838	3	0	500.614	250.695	93.9039
33532	6838	1	0	500.614	250.695	97.3724
33533	6838	3	1	377.614	214.695	97.7226
33550	6838	1	1	377.614	214.695	122.052
33551	6838	3	0	510.614	168.695	122.919
33699	6838	1	0	510.614	168.695	269.7
33700	6838	3	1	284.614	174.695	270.066
33704	6838	1	1	284.614	174.695	272.734
33705	6838	3	0	516.614	178.695	273.101
33730	6838	1	0	516.614	178.695	288.777
33731	6838	3	1	288.614	295.695	289.094
33741	6838	1	1	288.614	295.695	297.566
33742	6838	3	0	738.614	239.695	297.849
33768	6838	1	0	738.614	239.695	316.894
33769	6838	2	1	385.614	377.695	317.311
33770	6838	3	0	496.777	327.431	317.461
33784	6838	1	0	496.777	327.431	341.823
33785	6838	3	0	712.777	419.431	342.023
33534	6839	1	0	499.531	126.345	99.6737
33535	6839	3	1	371.531	107.345	99.9736
33552	6839	1	1	371.531	107.345	123.836
33553	6839	3	0	513.531	80.345	124.202
33633	6839	1	0	513.531	80.345	222.841
33634	6839	3	1	211.531	101.345	223.107
33647	6839	1	1	211.531	101.345	231.896
33648	6839	3	0	721.531	19.345	232.429
33656	6839	1	0	721.531	19.345	238.116
33657	6839	2	1	197.531	72.345	238.599
33658	6839	3	0	503.202	179.098	238.916
33661	6839	1	0	503.202	179.098	240.634
33662	6839	3	1	299.202	120.098	240.967
33680	6839	1	1	299.202	120.098	253.374
33681	6839	3	0	555.202	63.0975	253.708
33697	6839	1	0	555.202	63.0975	266.181
33698	6839	3	1	189.202	140.098	266.431
33706	6839	1	1	189.202	140.098	273.685
33707	6839	3	0	589.202	276.098	274.002
33726	6839	1	0	589.202	276.098	287.026
33727	6839	3	1	153.202	96.0975	287.509
33761	6839	1	1	153.202	96.0975	311.341
33762	6839	3	0	681.202	144.098	311.924
33477	6840	1	0	665.138	66.735	16.8267
33478	6840	3	0	731.138	196.735	17.1433
33481	6840	1	0	731.138	196.735	22.2632
33482	6840	3	0	741.138	169.735	22.5134
33515	6840	1	0	741.138	169.735	87.4506
33516	6840	2	1	325.138	252.735	87.9675
33517	6840	3	0	500.865	237.704	88.2008
33518	6840	1	0	500.865	237.704	89.3682
33519	6840	3	0	564.865	155.704	89.7351
33536	6840	1	0	564.865	155.704	101.258
33537	6840	3	0	679.865	127.703	102.525
33554	6840	1	0	679.865	127.703	124.636
33555	6840	2	1	68.8653	282.703	125.236
33556	6840	3	0	501.95	239.841	125.653
33561	6840	1	0	501.95	239.841	129.406
33562	6840	3	0	681.95	253.841	129.622
33619	6840	1	0	681.95	253.841	214.92
33620	6840	2	1	-36.05	128.841	215.387
33621	6840	3	0	500.649	200.934	215.853
33624	6840	1	0	500.649	200.934	217.471
33625	6840	3	1	327.649	177.934	217.738
33631	6840	1	1	327.649	177.934	222.04
33632	6840	3	0	529.649	268.934	222.357
33701	6840	1	0	529.649	268.934	271.467
33702	6840	2	1	353.649	270.934	271.751
33703	6840	3	0	498.194	249.079	271.951
33708	6840	1	0	498.194	249.079	274.535
33709	6840	2	1	256.194	235.079	274.852
33710	6840	3	0	495.906	228.286	275.136
33723	6840	1	0	495.906	228.286	285.525
33724	6840	2	1	270.906	209.286	286.175
33725	6840	3	0	502.126	217.51	286.459
33728	6840	1	0	502.126	217.51	288.11
33729	6840	3	0	728.127	321.51	288.393
33738	6840	1	0	728.127	321.51	294.914
33739	6840	2	1	185.126	162.51	295.364
33740	6840	3	0	494.939	201.586	295.698
33771	6840	1	0	494.939	201.586	318.211
33772	6840	2	1	361.939	198.586	318.578
33773	6840	3	0	494.03	209.3	318.761
33786	6840	1	0	494.03	209.3	342.407
33787	6840	3	0	794.03	339.3	342.607
33544	6841	1	0	590.956	233.988	108.478
33545	6841	3	1	146.956	356.988	109.512
33546	6841	1	1	146.956	356.988	113.681
33547	6841	3	1	183.956	334.988	114.031
33548	6841	1	1	183.956	334.988	115.632
33549	6841	3	0	504.956	290.988	116.399
33597	6841	1	0	504.956	290.988	197.126
33598	6841	3	1	252.956	183.988	197.443
33601	6841	1	1	252.956	183.988	201.946
33602	6841	3	1	118.955	255.988	202.229
33603	6841	1	1	118.955	255.988	204.464
33604	6841	3	0	675.956	107.988	205.198
33663	6841	1	0	675.956	107.988	241.751
33664	6841	2	1	135.956	197.988	242.151
33665	6841	3	0	500.832	228.709	242.501
33666	6841	1	0	500.832	228.709	243.402
33667	6841	2	1	147.832	218.709	243.769
33668	6841	3	0	495.154	235.298	244.102
33669	6841	1	0	495.154	235.298	247.304
33670	6841	3	0	629.154	134.298	247.855
33732	6841	1	0	629.154	134.298	290.011
33733	6841	3	1	294.154	173.298	290.428
33754	6841	1	1	294.154	173.298	308.288
33755	6841	3	0	570.154	116.299	308.572
33782	6841	1	0	570.154	116.299	338.689
33783	6841	3	1	366.154	101.299	339.223
33479	6842	1	0	651.463	33.5745	20.6456
33480	6842	3	0	852.463	109.575	21.7461
33538	6842	1	0	852.463	109.575	103.009
33539	6842	3	1	68.4629	188.574	103.826
33559	6842	1	1	68.4629	188.574	128.071
33560	6842	3	0	715.463	69.5745	128.605
33599	6842	1	0	715.463	69.5745	198.827
33600	6842	3	1	311.463	61.5745	199.194
33605	6842	1	1	311.463	61.5745	206.148
33606	6842	3	0	666.463	47.5745	207.232
33635	6842	1	0	666.463	47.5745	223.741
33636	6842	3	1	313.463	60.5745	224.058
33645	6842	1	1	313.463	60.5745	231.062
33646	6842	3	0	582.463	34.5745	231.395
33653	6842	1	0	582.463	34.5745	236.698
33654	6842	2	1	435.463	59.5745	237.082
33655	6842	3	1	404.523	85.8854	237.132
33659	6842	1	1	404.523	85.8854	239.55
33660	6842	3	0	513.523	55.8854	239.9
33734	6842	1	0	513.523	55.8854	291.045
33735	6842	3	1	181.523	140.885	291.596
33758	6842	1	1	181.523	140.885	309.823
33759	6842	2	0	491.523	46.8854	310.456
33760	6842	3	0	501.421	56.7875	310.473
33780	6842	1	0	501.421	56.7875	337.372
33781	6842	3	1	196.421	10.7875	337.672
35844	7063	1	0	838.739	375.243	109.809
35845	7063	2	1	-58.2607	-51.7572	110.409
35846	7063	3	0	499.416	162.016	110.876
35847	7063	1	0	499.416	162.016	112.443
35848	7063	3	0	612.416	347.017	112.843
35808	7064	1	0	678.276	125.388	57.8479
35809	7064	3	1	142.275	261.388	58.665
35822	7064	1	1	142.275	261.388	88.8309
35823	7064	3	1	174.275	161.388	89.131
35838	7065	1	0	609.301	355.169	106.741
35839	7065	2	1	334.301	156.169	107.091
35840	7065	3	0	495.555	194.986	107.291
35853	7065	1	0	495.555	194.986	115.711
35854	7065	3	0	642.555	223.986	116.011
35832	7066	1	0	605.477	256.272	104.406
35833	7066	2	1	402.477	183.272	104.923
35834	7066	3	0	497.61	202.575	105.056
35855	7066	1	0	497.61	202.575	116.845
35856	7066	3	0	617.61	233.575	117.195
35859	7066	1	0	617.61	233.575	119.113
35860	7066	3	0	546.61	211.575	119.43
35788	7067	1	0	617.586	221.093	14.4411
35789	7067	3	0	580.586	201.093	14.7913
35835	7067	1	0	580.586	201.093	105.624
35836	7067	2	1	128.586	198.093	105.99
35837	7067	3	0	497.316	227.824	106.34
35851	7067	1	0	497.316	227.824	114.778
35852	7067	3	0	510.316	322.824	115.094
35863	7067	1	0	510.316	322.824	121.581
35864	7067	3	1	399.316	139.824	122.014
35865	7067	1	1	399.316	139.824	123.532
35866	7067	3	0	507.316	311.824	123.965
35871	7067	1	0	507.316	311.824	127.334
35872	7067	2	1	443.316	217.824	127.701
35873	7067	3	1	401.309	222.525	127.767
35874	7067	1	1	401.309	222.525	129.502
35875	7067	3	0	509.309	326.525	129.869
35876	7067	1	0	509.309	326.525	131.586
35877	7067	3	1	356.309	146.525	132.57
35815	7068	1	0	548.802	321.486	78.926
35816	7068	3	1	399.802	188.486	82.9951
35861	7068	1	1	399.802	188.486	120.297
35862	7068	3	0	646.802	159.486	121.097
35867	7068	1	0	646.802	159.486	124.549
35868	7068	3	1	376.802	159.486	124.982
35869	7068	1	1	376.802	159.486	125.35
35870	7068	3	0	637.802	144.486	126.85
35792	7069	1	0	785.927	140.934	20.3771
35793	7069	3	0	804.927	251.934	20.7105
35803	7069	1	0	804.927	251.934	46.5084
35804	7069	3	1	230.927	116.934	47.1418
35819	7069	1	1	230.927	116.934	87.9805
35820	7069	2	1	10.9272	138.934	88.3806
35821	7069	3	1	28.3356	146.44	88.4139
35786	7070	1	0	582.322	151.125	13.3572
35787	7070	3	0	686.322	260.125	13.9243
35801	7070	1	0	686.322	260.125	45.5746
35802	7070	3	1	326.322	291.125	45.9915
35881	7070	1	1	326.322	291.125	469.141
35882	7070	3	1	27.3225	325.125	469.741
35805	7071	1	0	511.07	16.5023	50.3769
35806	7071	2	1	-88.9304	442.502	50.7938
35807	7071	3	1	26.7006	340.274	50.9771
35810	7071	1	1	26.7006	340.274	59.0654
35811	7071	2	0	620.701	-7.7262	59.585
35812	7071	3	0	623.352	11.5062	59.6158
35813	7071	1	0	623.352	11.5062	68.8371
35814	7071	3	1	152.352	347.506	69.2704
35817	7071	1	1	152.352	347.506	84.0289
35818	7071	3	1	152.352	362.506	84.6126
35878	7071	1	1	152.352	362.506	468.507
35879	7071	2	1	339.352	368.506	468.807
35880	7071	3	1	331.201	360.217	468.824
35883	7071	1	1	331.201	360.217	473.026
35884	7071	3	1	267.201	309.217	473.46
35784	7072	1	0	633.261	187.074	12.524
35785	7072	3	0	693.261	386.074	12.8402
35841	7072	1	0	693.261	386.074	107.858
35842	7072	2	1	153.261	92.0742	108.658
35843	7072	3	0	496.482	175.882	109.025
35849	7072	1	0	496.482	175.882	113.744
35850	7072	3	0	745.482	242.882	114.094
35790	7073	1	0	730.967	113.301	15.1749
35791	7073	3	0	692.967	14.3011	15.6582
35796	7073	1	0	692.967	14.3011	22.3115
35797	7073	2	0	829.967	33.3011	22.6618
35798	7073	3	0	804.643	58.1957	22.7118
35799	7073	1	0	804.643	58.1957	31.0337
35800	7073	3	0	806.643	25.1957	31.6007
35824	7073	1	0	806.643	25.1957	93.9339
35825	7073	2	1	254.643	60.1957	95.1681
35826	7073	3	0	494.47	149.22	95.4682
35827	7073	1	0	494.47	149.22	96.4854
35828	7073	3	0	497.47	52.2203	96.9357
35794	7074	1	0	825.651	93.6169	21.6946
35795	7074	3	0	825.651	182.617	21.9947
35829	7074	1	0	825.651	182.617	102.739
35830	7074	2	1	312.651	54.6169	103.356
35831	7074	3	0	494.603	145.751	103.573
35857	7074	1	0	494.603	145.751	117.745
35858	7074	3	0	799.603	53.7507	118.146
37660	7305	1	0	765.792	61.3858	27.8993
37661	7305	3	0	763.792	123.386	28.2329
37690	7305	1	0	763.792	123.386	124.251
37691	7305	3	1	371.792	89.3858	125.019
37758	7305	1	1	371.792	89.3858	285.97
37759	7305	3	1	373.792	161.386	286.287
37764	7305	1	1	373.792	161.386	306.215
37765	7305	3	1	70.7919	359.386	308.133
37649	7306	1	0	714.269	173.444	23.0793
37650	7306	3	0	722.269	305.444	23.4629
37656	7306	1	0	722.269	305.444	25.9815
37657	7306	3	0	658.269	234.444	26.4152
37664	7306	1	0	658.269	234.444	49.777
37665	7306	3	0	685.269	201.444	50.8611
37645	7307	1	0	693.744	182.956	21.5289
37646	7307	3	0	526.744	181.956	22.0455
37662	7307	1	0	526.744	181.956	40.5393
37663	7307	3	1	60.7435	290.956	45.0914
37675	7307	1	1	60.7435	290.956	103.54
37676	7307	2	0	452.743	383.956	103.991
37677	7307	3	0	498.687	345.023	104.074
37680	7307	1	0	498.687	345.023	110.077
37681	7307	3	1	296.687	333.023	110.311
37772	7307	1	1	296.687	333.023	325.092
37773	7307	3	1	43.6868	16.0233	327.194
37776	7307	1	1	43.6868	16.0233	329.412
37777	7307	3	1	155.687	20.0233	329.712
37658	7308	1	0	742.466	62.8223	27.2156
37659	7308	3	0	685.466	50.8223	27.5825
37688	7308	1	0	685.466	50.8223	122.884
37689	7308	3	1	284.466	138.822	123.268
37741	7308	1	1	284.466	138.822	273.264
37742	7308	3	0	504.466	154.822	274.348
37746	7308	1	0	504.466	154.822	276.282
37747	7308	3	1	164.466	220.822	276.582
37754	7308	1	1	164.466	220.822	284.385
37755	7308	3	1	257.466	240.822	284.753
37760	7308	1	1	257.466	240.822	298.461
37761	7308	3	1	106.466	452.822	299.228
37762	7308	1	1	106.466	452.822	299.895
37763	7308	3	1	71.4662	431.822	301.462
37647	7309	1	0	845.749	341.162	22.4792
37648	7309	3	0	835.749	421.162	22.8292
37684	7309	1	0	835.749	421.162	113.212
37685	7309	3	1	110.749	209.162	113.829
37707	7309	1	1	110.749	209.162	165.173
37708	7309	3	0	682.749	74.1621	167.24
37721	7309	1	0	682.749	74.1621	196.272
37722	7309	3	0	631.749	44.1621	209.695
37723	7309	1	0	631.749	44.1621	210.929
37724	7309	2	1	322.749	276.162	211.68
37725	7309	3	0	496.825	256.51	211.896
37726	7309	1	0	496.825	256.51	213.014
37727	7309	3	0	608.825	91.5096	213.914
37794	7309	1	0	608.825	91.5096	698.896
37795	7309	3	1	210.825	202.51	699.48
37651	7310	1	0	766.807	151.231	23.8967
37652	7310	3	0	518.807	40.2311	24.647
37686	7310	1	0	518.807	40.2311	119.216
37687	7310	3	0	518.807	65.2311	121.4
37700	7310	1	0	518.807	65.2311	137.475
37701	7310	2	1	27.807	363.231	137.892
37702	7310	3	0	497.511	257.721	138.326
37703	7310	1	0	497.511	257.721	139.026
37704	7310	3	0	665.511	364.721	139.393
37643	7311	1	0	672.845	252.949	20.812
37644	7311	3	0	641.845	398.949	21.1785
37682	7311	1	0	641.845	398.949	112.245
37683	7311	3	1	345.845	215.949	112.595
37718	7311	1	1	345.845	215.949	194.971
37719	7311	2	0	473.845	86.9489	195.721
37720	7311	3	0	494.518	102.004	195.755
37728	7311	1	0	494.518	102.004	214.348
37729	7311	3	1	383.518	222.004	214.665
37736	7311	1	1	383.518	222.004	254.137
37737	7311	3	0	719.518	10.004	255.087
37748	7311	1	0	719.518	10.004	277.316
37749	7311	3	1	236.518	168.004	277.749
37756	7311	1	1	236.518	168.004	285.22
37757	7311	3	1	216.518	132.004	285.503
37766	7311	1	1	216.518	132.004	313.136
37767	7311	3	1	63.5181	283.004	314.82
37692	7312	1	0	834.727	65.5406	126.269
37693	7312	3	1	121.727	114.541	130.121
37732	7312	1	1	121.727	114.541	247
37733	7312	3	1	54.7273	103.541	250.234
37734	7312	1	1	54.7273	103.541	251.402
37735	7312	3	0	820.727	53.5406	253.153
37750	7312	1	0	820.727	53.5406	278.633
37751	7312	3	1	107.727	214.541	279.017
37768	7312	1	1	107.727	214.541	316.687
37769	7312	3	1	62.7273	202.541	318.188
37792	7312	1	1	62.7273	202.541	697.879
37793	7312	3	0	550.727	32.5406	698.496
37653	7313	1	0	828.945	66.2052	25.3477
37654	7313	2	0	866.945	218.205	25.7147
37655	7313	3	0	838.711	219.17	25.7648
37668	7313	1	0	838.711	219.17	71.0894
37669	7313	3	1	326.711	180.17	71.7231
37670	7313	1	1	326.711	180.17	101.79
37671	7313	3	0	517.711	227.17	102.207
37694	7313	1	0	517.711	227.17	134.04
37695	7313	2	1	131.711	351.17	134.69
37696	7313	3	0	495.635	265.758	135.057
37713	7313	1	0	495.635	265.758	174.678
37714	7313	2	1	120.635	257.758	175.695
37715	7313	3	0	500.969	235.024	176.079
37730	7313	1	0	500.969	235.024	216.749
37731	7313	3	0	516.969	227.024	217.099
37738	7313	1	0	516.969	227.024	255.52
37739	7313	2	0	486.969	268.024	260.907
37740	7313	3	0	496.103	265.869	260.924
37743	7313	1	0	496.103	265.869	274.815
37744	7313	2	1	244.103	186.869	275.315
37745	7313	3	0	500.624	209.832	275.615
37782	7313	1	0	500.624	209.832	515.168
37783	7313	2	1	224.624	205.832	515.635
37784	7313	3	0	501.755	217.741	515.952
37640	7314	1	0	711.712	400.29	19.7784
37641	7314	2	0	451.712	418.29	20.2285
37642	7314	3	0	501.882	375.371	20.3119
37666	7314	1	0	501.882	375.371	55.6301
37667	7314	3	1	211.882	284.371	55.8804
37672	7314	1	1	211.882	284.371	102.557
37673	7314	2	1	419.882	347.371	102.89
37674	7314	3	1	370.629	320.516	102.974
37678	7314	1	1	370.629	320.516	104.858
37679	7314	3	0	816.629	277.516	105.658
37697	7314	1	0	816.629	277.516	135.457
37698	7314	2	1	-99.3707	390.516	135.991
37699	7314	3	0	498.859	265.255	136.475
37705	7314	1	0	498.859	265.255	143.528
37706	7314	3	0	521.859	136.255	143.778
37709	7314	1	0	521.859	136.255	167.824
37710	7314	3	1	155.859	248.255	169.692
37711	7314	1	1	155.859	248.255	173.293
37712	7314	3	0	521.859	155.255	174.294
37716	7314	1	0	521.859	155.255	179.863
37717	7314	3	1	153.859	256.255	182.281
37752	7314	1	1	153.859	256.255	283.735
37753	7314	3	1	149.859	358.255	283.985
37770	7314	1	1	149.859	358.255	321.34
37771	7314	3	1	50.8595	102.255	322.674
37774	7314	1	1	50.8595	102.255	328.511
37775	7314	3	1	49.8595	106.255	328.995
37778	7314	1	1	49.8595	106.255	512.75
37779	7314	3	1	352.859	315.255	513.333
37780	7314	1	1	352.859	315.255	514.301
37781	7314	3	0	525.859	355.255	514.851
37785	7314	1	0	525.859	355.255	516.986
37786	7314	2	1	392.859	291.255	518.154
37787	7314	3	1	374.284	285.161	518.187
37788	7314	1	1	374.284	285.161	524.091
37789	7314	3	1	254.284	190.161	524.642
37790	7314	1	1	254.284	190.161	542.721
37791	7314	3	1	46.2838	102.161	543.588
39944	7551	1	0	709.034	118.557	13.6568
39945	7551	3	0	569.034	278.557	14.7408
39961	7551	1	0	569.034	278.557	61.9674
39962	7551	3	1	248.034	295.557	65.1028
40005	7551	1	1	248.034	295.557	148.162
40006	7551	3	1	69.0337	397.557	148.429
39941	7552	1	0	568.842	172.501	12.5231
39942	7552	2	0	492.842	156.501	12.9899
39943	7552	3	0	502.611	160.884	13.0065
39994	7552	1	0	502.611	160.884	125.784
39995	7552	2	1	426.611	252.884	126.701
39996	7552	3	0	496.175	250.679	126.8
40017	7552	1	0	496.175	250.679	165.32
40018	7552	3	1	393.175	156.679	165.703
40035	7552	1	1	393.175	156.679	176.509
40036	7552	3	0	641.175	144.679	176.843
40053	7552	1	0	641.175	144.679	199.755
40054	7552	2	1	407.175	93.679	200.806
40055	7552	3	0	502.13	144.494	200.939
40073	7552	1	0	502.13	144.494	244.712
40074	7552	3	1	391.13	244.494	245.312
40116	7552	1	1	391.13	244.494	290.287
40117	7552	3	0	543.13	346.494	290.57
40174	7552	1	0	543.13	346.494	337.912
40175	7552	3	1	315.13	374.494	339.43
40194	7552	1	1	315.13	374.494	349.751
40195	7552	3	1	348.13	360.494	350.285
40196	7552	1	1	348.13	360.494	355.437
40197	7552	3	0	497.13	306.494	355.754
40237	7552	1	0	497.13	306.494	409.951
40238	7552	3	0	501.13	325.494	411.852
40269	7552	1	0	501.13	325.494	432.296
40270	7552	2	1	279.13	401.494	432.596
40271	7552	3	0	499.187	317.264	432.846
40284	7552	1	0	499.187	317.264	440.634
40285	7552	3	1	199.187	91.2644	441.517
40288	7552	1	1	199.187	91.2644	445.603
40289	7552	3	1	74.1874	96.2644	446.67
40306	7552	1	1	74.1874	96.2644	456.742
40307	7552	3	0	564.187	148.264	457.759
40329	7552	1	0	564.187	148.264	481.022
40330	7552	3	1	292.187	96.2644	481.289
40334	7552	1	1	292.187	96.2644	484.123
40335	7552	3	0	530.187	96.2644	484.507
40340	7552	1	0	530.187	96.2644	487.525
40341	7552	3	1	287.187	126.264	488.042
40345	7552	1	1	287.187	126.264	491.028
40346	7552	3	0	709.187	74.2644	491.461
40401	7552	1	0	709.187	74.2644	558.591
40402	7552	2	1	276.187	82.2644	558.958
40403	7552	3	0	497.935	169.419	559.208
40404	7552	1	0	497.935	169.419	559.875
40405	7552	3	0	705.935	157.419	560.209
40413	7552	1	0	705.935	157.419	565.479
40414	7552	3	1	274.935	19.4191	565.879
40417	7552	1	1	274.935	19.4191	575.987
40418	7552	3	0	572.935	155.419	576.854
40445	7552	1	0	572.935	155.419	615.831
40446	7552	3	1	147.935	305.419	616.264
40455	7552	1	1	147.935	305.419	622.802
40456	7552	3	0	628.935	237.419	623.202
39932	7553	1	0	564.202	434.338	8.32092
39933	7553	3	0	509.202	383.338	8.70441
39986	7553	1	0	509.202	383.338	119.314
39987	7553	3	0	555.202	377.338	120.498
40019	7553	1	0	555.202	377.338	168.154
40020	7553	2	1	315.202	363.338	168.521
40021	7553	3	0	494.886	303.133	168.738
40046	7553	1	0	494.886	303.133	185.898
40047	7553	3	0	494.886	340.133	186.348
40048	7553	1	0	494.886	340.133	186.932
40049	7553	3	1	337.886	251.133	192.368
40071	7553	1	1	337.886	251.133	243.378
40072	7553	3	0	678.886	163.133	243.728
40085	7553	1	0	678.886	163.133	252.2
40086	7553	3	0	762.886	106.133	255.819
40171	7553	1	0	762.886	106.133	336.412
40172	7553	2	1	95.8863	149.133	337.246
40173	7553	3	0	494.437	210.472	337.612
40188	7553	1	0	494.437	210.472	346.199
40189	7553	2	1	185.437	161.472	346.583
40190	7553	3	0	496.15	210.192	346.9
40200	7553	1	0	496.15	210.192	358.289
40201	7553	3	0	560.15	175.192	363.158
40206	7553	1	0	560.15	175.192	367.944
40207	7553	3	1	355.15	311.192	368.294
40208	7553	1	1	355.15	311.192	374.381
40209	7553	3	0	503.15	207.192	375.515
40239	7553	1	0	503.15	207.192	412.202
40240	7553	2	1	188.15	77.1917	413.119
40241	7553	3	0	497.054	178.371	413.435
40262	7553	1	0	497.054	178.371	429.328
40263	7553	3	1	214.054	108.371	429.578
40277	7553	1	1	214.054	108.371	437.749
40278	7553	3	1	345.054	72.3712	438.016
40300	7553	1	1	345.054	72.3712	451.856
40301	7553	3	0	522.054	204.371	452.189
40302	7553	1	0	522.054	204.371	453.323
40303	7553	3	0	558.054	263.371	453.673
40308	7553	1	0	558.054	263.371	458.109
40309	7553	3	1	284.054	82.3711	459.026
40312	7553	1	1	284.054	82.3711	461.711
40313	7553	3	0	513.054	256.371	462.311
40360	7553	1	0	513.054	256.371	498.717
40361	7553	3	0	590.054	396.371	499.067
40362	7553	1	0	590.054	396.371	499.333
40363	7553	3	1	358.054	336.371	500.268
40368	7553	1	1	358.054	336.371	503.87
40369	7553	3	0	509.054	272.371	504.504
40443	7553	1	0	509.054	272.371	614.713
40444	7553	3	1	270.054	280.371	615.063
40453	7553	1	1	270.054	280.371	621.968
40454	7553	3	0	571.054	125.371	622.285
39946	7554	1	0	750.381	28.0425	15.9747
39947	7554	3	0	626.381	116.043	16.4749
39963	7554	1	0	626.381	116.043	73.2405
39964	7554	3	1	240.381	127.043	73.7408
40009	7554	1	1	240.381	127.043	149.629
40010	7554	3	1	152.381	263.043	149.912
40011	7554	1	1	152.381	263.043	151.663
40012	7554	3	1	191.381	254.042	151.947
40441	7554	1	1	191.381	254.042	613.746
40442	7554	3	0	595.381	366.043	614.263
40457	7554	1	0	595.381	366.043	623.703
40458	7554	3	1	85.3813	284.043	624.053
39957	7555	1	0	735.286	382.103	21.978
39958	7555	3	0	712.286	282.103	22.2281
39982	7555	1	0	712.286	282.103	110.209
39983	7555	3	1	226.286	334.103	110.743
39984	7555	1	1	226.286	334.103	117.496
39985	7555	3	1	317.285	384.103	117.963
40007	7555	1	1	317.285	384.103	148.795
40008	7555	3	1	217.286	406.103	149.279
39948	7556	1	0	788.392	27.8848	17.0588
39949	7556	3	0	511.392	19.8848	18.1255
39965	7556	1	0	511.392	19.8848	75.0916
39966	7556	3	1	72.392	248.885	75.4917
40391	7556	1	1	72.392	248.885	554.271
40392	7556	3	0	678.392	324.885	554.888
39959	7557	1	0	829.028	429.992	22.645
39960	7557	3	0	763.028	412.992	23.0621
39988	7557	1	0	763.028	412.992	121.098
39989	7557	2	0	964.028	336.992	122.632
39990	7557	3	0	859.493	299.956	122.782
40031	7557	1	0	859.493	299.956	173.658
40032	7557	3	0	535.493	367.956	174.692
40037	7557	1	0	535.493	367.956	177.426
40038	7557	3	1	340.493	367.956	177.977
40062	7557	1	1	340.493	367.956	211.279
40063	7557	3	0	797.493	387.956	214.23
40068	7557	1	0	797.493	387.956	225.902
40069	7557	2	1	396.493	356.956	226.935
40070	7557	3	1	387.11	350.901	226.952
40091	7557	1	1	387.11	350.901	260.622
40092	7557	3	0	563.11	181.9	261.189
40102	7557	1	0	563.11	181.9	276.663
40103	7557	3	1	279.11	33.9005	277.013
40106	7557	1	1	279.11	33.9005	282.282
40107	7557	2	0	539.11	-0.0994873	282.599
40108	7557	3	0	546.202	11.7087	282.616
40149	7557	1	0	546.202	11.7087	319.703
40150	7557	2	1	354.202	234.709	323.189
40151	7557	3	0	495.381	235.641	323.372
40168	7557	1	0	495.381	235.641	335.078
40169	7557	2	1	375.381	294.642	335.494
40170	7557	3	0	498.914	271.323	335.662
40191	7557	1	0	498.914	271.323	347.4
40192	7557	2	1	217.913	147.323	347.717
40193	7557	3	0	497.395	201.316	348.017
40198	7557	1	0	497.395	201.316	356.655
40199	7557	3	0	559.395	16.3164	357.872
40212	7557	1	0	559.395	16.3164	379.884
40213	7557	3	1	350.395	392.316	380.851
40216	7557	1	1	350.395	392.316	389.523
40217	7557	3	1	342.395	299.316	389.806
40226	7557	1	1	342.395	299.316	393.091
40227	7557	3	0	692.395	188.316	393.391
40245	7557	1	0	692.395	188.316	416.771
40246	7557	2	1	182.395	90.3164	417.121
40247	7557	3	0	502.64	184.364	417.455
40255	7557	1	0	502.64	184.364	423.075
40256	7557	3	1	322.64	84.3641	423.325
40260	7557	1	1	322.64	84.3641	426.16
40261	7557	3	0	539.64	81.3641	426.41
40274	7557	1	0	539.64	81.3641	436.432
40275	7557	2	0	469.64	232.364	437.182
40276	7557	3	0	499.807	233.006	437.232
40281	7557	1	0	499.807	233.006	439.183
40282	7557	2	1	119.807	119.006	439.934
40283	7557	3	0	499.887	198.771	440.3
40297	7557	1	0	499.887	198.771	450.372
40298	7557	2	1	192.887	137.771	450.722
40299	7557	3	0	497.185	199.497	451.039
40304	7557	1	0	497.185	199.497	453.94
40305	7557	3	1	198.185	128.497	454.457
40322	7557	1	1	198.185	128.497	477.687
40323	7557	3	1	198.185	128.497	478.07
40356	7557	1	1	198.185	128.497	496.665
40357	7557	3	0	721.185	185.497	497.082
40370	7557	1	0	721.185	185.497	505.021
40371	7557	3	1	310.185	130.497	505.621
40378	7557	1	1	310.185	130.497	508.907
40379	7557	3	0	539.185	79.4968	509.19
40387	7557	1	0	539.185	79.4968	544.098
40388	7557	3	0	638.185	244.497	544.515
40396	7557	1	0	638.185	244.497	556.473
40397	7557	3	1	394.185	236.497	556.956
39952	7558	1	0	752.678	242.918	20.16
39953	7558	2	0	871.678	49.9179	20.5603
39954	7558	3	0	852.772	67.8069	20.5936
39973	7558	1	0	852.772	67.8069	90.0823
39974	7558	3	1	140.772	124.807	91.5165
40001	7558	1	1	140.772	124.807	137.473
40002	7558	3	0	819.772	242.807	144.46
40028	7558	1	0	819.772	242.807	172.173
40029	7558	2	1	143.772	85.8069	172.657
40030	7558	3	0	496.151	183.122	173.007
40050	7558	1	0	496.151	183.122	198.005
40051	7558	2	0	475.151	182.122	199.072
40052	7558	3	0	494.902	187.109	199.105
40064	7558	1	0	494.902	187.109	215.264
40065	7558	3	0	703.902	342.109	221.766
40113	7558	1	0	703.902	342.109	287.268
40114	7558	2	1	142.902	102.109	288.869
40115	7558	3	0	495.82	188.66	289.22
40118	7558	1	0	495.82	188.66	290.87
40119	7558	2	1	404.82	186.66	291.154
40120	7558	3	1	385.411	191.233	291.187
40121	7558	1	1	385.411	191.233	292.004
40122	7558	3	1	310.411	209.233	292.421
40123	7558	1	1	310.411	209.233	292.922
40124	7558	3	1	286.411	187.233	293.289
40141	7558	1	1	286.411	187.233	313.8
40142	7558	3	0	672.411	310.233	314.217
40145	7558	1	0	672.411	310.233	317.269
40146	7558	3	1	314.411	305.233	317.569
40155	7558	1	1	314.411	305.233	328.391
40156	7558	2	0	591.411	-6.76666	328.708
40157	7558	3	0	599.873	16.7306	328.742
40178	7558	1	0	599.873	16.7306	342.314
40179	7558	2	1	78.8734	127.731	342.948
40180	7558	3	0	503.075	202.498	343.348
40186	7558	1	0	503.075	202.498	345.566
40187	7558	3	0	681.075	222.498	345.799
40218	7558	1	0	681.075	222.498	390.356
40219	7558	2	1	366.075	398.498	390.957
40220	7558	3	0	500.594	327.228	391.14
40228	7558	1	0	500.594	327.228	393.825
40229	7558	3	1	325.594	339.228	394.208
40251	7558	1	1	325.594	339.228	420.373
40252	7558	3	0	685.594	235.228	420.874
40316	7558	1	0	685.594	235.228	464.728
40317	7558	2	0	485.594	177.228	465.679
40318	7558	3	0	495.215	180.034	465.696
40364	7558	1	0	495.215	180.034	500.901
40365	7558	3	0	637.215	318.034	502.035
40375	7558	1	0	637.215	318.034	507.889
40376	7558	2	1	318.215	258.034	508.24
40377	7558	3	0	502.561	245.359	508.473
40380	7558	1	0	502.561	245.359	509.624
40381	7558	3	1	290.561	128.359	509.924
39938	7559	1	0	681.411	304.591	11.2892
39939	7559	2	0	486.411	291.591	11.9895
39940	7559	3	0	496.521	289.223	12.0062
39975	7559	1	0	496.521	289.223	95.0349
39976	7559	2	1	428.521	262.223	95.9687
39977	7559	3	0	498.101	257.4	96.0688
39991	7559	1	0	498.101	257.4	123.432
39992	7559	2	0	490.101	333.4	125.283
39993	7559	3	0	500.033	328.94	125.3
40015	7559	1	0	500.033	328.94	163.552
40016	7559	3	1	311.033	243.94	164.419
40033	7559	1	1	311.033	243.94	175.392
40034	7559	3	0	663.033	68.9402	175.759
40056	7559	1	0	663.033	68.9402	201.406
40057	7559	3	0	519.033	78.9402	202.206
40075	7559	1	0	519.033	78.9402	246.113
40076	7559	2	1	420.033	128.94	246.63
40077	7559	3	0	501.073	163.697	246.746
40078	7559	1	0	501.073	163.697	247.647
40079	7559	2	1	379.073	161.697	247.998
40080	7559	3	0	503.296	194.787	248.164
40083	7559	1	0	503.296	194.787	250.216
40084	7559	3	1	348.296	158.787	250.516
40095	7559	1	1	348.296	158.787	272.311
40096	7559	3	0	612.296	87.7871	273.962
40125	7559	1	0	612.296	87.7871	297.308
40126	7559	2	1	164.296	92.7871	302.177
40127	7559	3	0	500.887	189.955	302.511
40128	7559	1	0	500.887	189.955	304.311
40129	7559	3	0	570.887	266.955	304.561
40135	7559	1	0	570.887	266.955	307.113
40136	7559	3	1	378.887	241.955	307.646
40139	7559	1	1	378.887	241.955	313.416
40140	7559	3	1	378.887	241.955	313.5
40143	7559	1	1	378.887	241.955	316.552
40144	7559	3	0	651.887	404.955	316.969
40176	7559	1	0	651.887	404.955	340.163
40177	7559	3	0	633.887	380.955	341.531
40204	7559	1	0	633.887	380.955	367.01
40205	7559	3	1	393.887	108.955	367.36
40214	7559	1	1	393.887	108.955	388.472
40215	7559	3	0	716.887	80.9551	388.772
40248	7559	1	0	716.887	80.9551	418.072
40249	7559	2	1	156.887	108.955	418.739
40250	7559	3	0	498.224	195.744	419.073
40253	7559	1	0	498.224	195.744	421.741
40254	7559	3	1	246.224	120.744	422.041
40279	7559	1	1	246.224	120.744	438.55
40280	7559	3	0	540.224	142.744	438.9
40286	7559	1	0	540.224	142.744	442.701
40287	7559	3	0	636.224	139.744	443.952
40331	7559	1	0	636.224	139.744	483.089
40332	7559	2	1	416.224	136.744	483.439
40333	7559	3	0	498.476	169.172	483.556
40338	7559	1	0	498.476	169.172	486.541
40339	7559	3	1	308.476	88.1723	486.775
40347	7559	1	1	308.476	88.1723	492.078
40348	7559	3	0	588.476	60.1723	492.379
40389	7559	1	0	588.476	60.1723	545.716
40390	7559	3	0	606.476	52.1723	547.033
40398	7559	1	0	606.476	52.1723	557.357
40399	7559	2	1	194.476	54.1723	557.64
40400	7559	3	0	502.33	172.522	557.957
40411	7559	1	0	502.33	172.522	564.362
40412	7559	3	1	274.33	122.522	564.662
40415	7559	1	1	274.33	122.522	570.533
40416	7559	3	1	177.33	110.522	570.866
40419	7559	1	1	177.33	110.522	577.838
40420	7559	3	1	123.33	265.522	578.272
40426	7559	1	1	123.33	265.522	585.593
40427	7559	3	0	685.33	205.522	586.294
40432	7559	1	0	685.33	205.522	590.78
40433	7559	3	1	69.3301	74.522	591.114
40437	7559	1	1	69.3301	74.522	594.082
40438	7559	3	0	757.33	242.522	594.449
40447	7559	1	0	757.33	242.522	617.065
40448	7559	3	1	316.33	344.522	618.082
40451	7559	1	1	316.33	344.522	621.134
40452	7559	3	0	605.33	199.522	621.401
39955	7560	1	0	768.042	305.798	21.2274
39956	7560	3	0	799.042	181.798	21.5443
39969	7560	1	0	799.042	181.798	80.7443
39970	7560	3	1	336.042	40.7985	82.545
39980	7560	1	1	336.042	40.7985	109.359
39981	7560	3	0	708.042	129.798	109.742
39999	7560	1	0	708.042	129.798	128.685
40000	7560	3	0	637.042	157.798	129.735
40022	7560	1	0	637.042	157.798	169.455
40023	7560	2	1	309.042	325.798	170.005
40024	7560	3	0	500.485	280.201	170.239
40044	7560	1	0	500.485	280.201	184.531
40045	7560	3	0	541.485	342.201	185.548
40058	7560	1	0	541.485	342.201	202.874
40059	7560	3	0	665.485	190.201	204.008
40066	7560	1	0	665.485	190.201	223.2
40067	7560	3	0	669.485	245.201	225.401
40087	7560	1	0	669.485	245.201	256.386
40088	7560	3	0	729.485	164.201	257.52
40089	7560	1	0	729.485	164.201	258.971
40090	7560	3	0	672.485	207.201	259.255
40104	7560	1	0	672.485	207.201	278.814
40105	7560	3	0	552.485	282.201	281.882
40109	7560	1	0	552.485	282.201	283.066
40110	7560	3	1	254.485	54.201	284.167
40111	7560	1	1	254.485	54.201	285.584
40112	7560	3	0	628.485	156.201	286.101
40130	7560	1	0	628.485	156.201	304.912
40131	7560	2	1	279.485	24.201	305.228
40132	7560	3	0	495.598	138.594	305.479
40137	7560	1	0	495.598	138.594	308.313
40138	7560	3	0	565.598	242.594	312.933
40160	7560	1	0	565.598	242.594	331.126
40161	7560	2	1	416.598	326.594	332.56
40162	7560	3	0	496.597	299.567	332.677
40166	7560	1	0	496.597	299.567	333.894
40167	7560	3	1	336.597	96.5668	334.361
40202	7560	1	1	336.597	96.5668	363.792
40203	7560	3	0	512.597	96.5668	366.41
40221	7560	1	0	512.597	96.5668	391.64
40222	7560	2	1	271.597	99.5668	391.974
40223	7560	3	0	501.197	176.558	392.24
40230	7560	1	0	501.197	176.558	396.46
40231	7560	2	1	246.197	130.558	396.893
40232	7560	3	0	499.58	192.533	397.177
40233	7560	1	0	499.58	192.533	397.994
40234	7560	3	0	534.58	92.5329	398.277
40242	7560	1	0	534.58	92.5329	415.487
40243	7560	2	1	252.58	88.5329	415.987
40244	7560	3	0	502.354	175	416.271
40257	7560	1	0	502.354	175	424.692
40258	7560	2	1	376.354	301	425.059
40259	7560	3	0	498.9	275.331	425.226
40264	7560	1	0	498.9	275.331	430.178
40265	7560	2	1	315.9	395.331	430.478
40266	7560	3	0	503.297	314.231	430.712
40267	7560	1	0	503.297	314.231	431.429
40268	7560	3	0	500.297	55.2314	431.662
40319	7560	1	0	500.297	55.2314	466.697
40320	7560	2	1	324.297	55.2314	474.435
40321	7560	3	0	498.268	143.758	474.651
40327	7560	1	0	498.268	143.758	479.871
40328	7560	3	1	284.268	75.7583	480.188
40336	7560	1	1	284.268	75.7583	485.707
40337	7560	3	0	625.268	170.758	486.041
40351	7560	1	0	625.268	170.758	493.863
40352	7560	2	1	271.268	27.7583	494.197
40353	7560	3	0	501.06	144.963	494.464
40366	7560	1	0	501.06	144.963	502.503
40367	7560	3	0	635.06	170.963	503.336
40393	7560	1	0	635.06	170.963	555.472
40394	7560	2	1	11.0598	268.963	555.872
40395	7560	3	1	30.5179	265.853	555.906
40408	7560	1	1	30.5179	265.853	563.494
40409	7560	2	0	578.518	-41.1475	563.861
40410	7560	3	0	597.664	10.514	563.928
40421	7560	1	0	597.664	10.514	578.872
40422	7560	3	0	599.664	42.514	581.257
40449	7560	1	0	599.664	42.514	619.283
40450	7560	3	0	735.664	38.514	620.317
39934	7561	1	0	665.869	458.579	9.22144
39935	7561	3	0	544.869	410.579	9.50482
39936	7561	1	0	544.869	410.579	10.1718
39937	7561	3	0	578.869	404.579	10.5389
39971	7561	1	0	578.869	404.579	88.1647
39972	7561	3	1	147.868	415.579	89.165
39978	7561	1	1	147.868	415.579	107.341
39979	7561	3	0	638.869	76.5794	108.825
39997	7561	1	0	638.869	76.5794	127.151
39998	7561	3	0	520.869	67.5794	128.151
40013	7561	1	0	520.869	67.5794	160.034
40014	7561	3	1	271.868	102.579	160.434
40081	7561	1	1	271.868	102.579	248.765
40082	7561	3	0	515.869	74.5794	249.665
40093	7561	1	0	515.869	74.5794	261.873
40094	7561	3	0	521.869	66.5794	268.076
40099	7561	1	0	521.869	66.5794	275.346
40100	7561	2	1	281.868	98.5794	275.746
40101	7561	3	0	494.872	171.247	275.996
40147	7561	1	0	494.872	171.247	318.469
40148	7561	3	1	343.872	90.2469	318.769
40163	7561	1	1	343.872	90.2469	333.194
40164	7561	2	0	471.872	130.247	333.477
40165	7561	3	0	501.352	145.036	333.527
40181	7561	1	0	501.352	145.036	343.832
40182	7561	2	1	161.352	137.036	344.232
40183	7561	3	0	502.414	200.906	344.582
40184	7561	1	0	502.414	200.906	344.765
40185	7561	3	0	667.414	82.9064	345.249
40210	7561	1	0	667.414	82.9064	375.965
40211	7561	3	0	563.414	356.906	379.334
40235	7561	1	0	563.414	356.906	408.416
40236	7561	3	0	628.414	392.906	409.467
40272	7561	1	0	628.414	392.906	434.531
40273	7561	3	0	682.414	359.906	435.965
40295	7561	1	0	682.414	359.906	449.521
40296	7561	3	1	357.414	205.906	449.988
40324	7561	1	1	357.414	205.906	478.737
40325	7561	2	0	616.414	2.90643	479.121
40326	7561	3	0	619.503	14.4084	479.137
40342	7561	1	0	619.503	14.4084	489.71
40343	7561	2	1	419.503	123.408	490.044
40344	7561	3	0	497.659	156.751	490.16
40349	7561	1	0	497.659	156.751	492.929
40350	7561	3	1	254.659	114.751	493.196
40354	7561	1	1	254.659	114.751	495.514
40355	7561	3	0	726.659	142.751	496.031
40372	7561	1	0	726.659	142.751	506.238
40373	7561	2	1	366.659	236.751	507.089
40374	7561	3	0	501.292	235.506	507.272
40382	7561	1	0	501.292	235.506	510.391
40383	7561	2	1	282.292	293.506	511.091
40384	7561	3	0	495.031	261.479	511.342
40385	7561	1	0	495.031	261.479	543.18
40386	7561	3	0	795.031	380.479	543.497
40423	7561	1	0	795.031	380.479	581.874
40424	7561	2	1	153.031	43.4791	584.809
40425	7561	3	0	499.627	169.076	585.159
40428	7561	1	0	499.627	169.076	587.044
40429	7561	3	1	359.627	70.0756	587.461
40430	7561	1	1	359.627	70.0756	588.879
40431	7561	3	0	527.627	256.076	589.212
40434	7561	1	0	527.627	256.076	592.348
40435	7561	2	1	356.627	17.0756	592.782
40436	7561	3	0	495.459	110.604	592.965
40439	7561	1	0	495.459	110.604	594.866
40440	7561	3	1	343.459	38.6042	595.2
39950	7562	1	0	842.438	46.035	19.043
39951	7562	3	0	678.438	12.035	19.6097
39967	7562	1	0	678.438	12.035	78.2598
39968	7562	3	1	44.4377	93.035	79.427
40003	7562	1	1	44.4377	93.035	146.244
40004	7562	3	0	701.438	268.035	146.761
40025	7562	1	0	701.438	268.035	170.639
40026	7562	2	1	352.438	309.035	171.123
40027	7562	3	0	500.461	272.461	171.323
40039	7562	1	0	500.461	272.461	182.163
40040	7562	2	1	383.461	210.461	183.03
40041	7562	3	0	500.149	218.126	183.197
40042	7562	1	0	500.149	218.126	183.83
40043	7562	3	0	607.149	294.126	184.164
40060	7562	1	0	607.149	294.126	204.408
40061	7562	3	0	516.149	270.126	205.192
40097	7562	1	0	516.149	270.126	274.379
40098	7562	3	1	378.149	338.126	274.762
40133	7562	1	1	378.149	338.126	306.329
40134	7562	3	0	650.149	163.126	306.729
40152	7562	1	0	650.149	163.126	324.173
40153	7562	2	1	260.149	187.126	324.64
40154	7562	3	0	501.114	211.822	324.923
40158	7562	1	0	501.114	211.822	329.358
40159	7562	3	1	327.114	205.822	329.725
40224	7562	1	1	327.114	205.822	392.524
40225	7562	3	1	327.114	205.822	392.841
40290	7562	1	1	327.114	205.822	447.387
40291	7562	2	1	435.114	289.823	447.754
40292	7562	3	1	373.658	273.858	447.853
40293	7562	1	1	373.658	273.858	448.888
40294	7562	3	0	524.658	348.858	449.188
40310	7562	1	0	524.658	348.858	460.043
40311	7562	3	0	498.658	349.858	461.11
40314	7562	1	0	498.658	349.858	463.044
40315	7562	3	0	568.658	321.858	463.928
40358	7562	1	0	568.658	321.858	497.616
40359	7562	3	1	173.658	84.8575	497.916
40406	7562	1	1	173.658	84.8575	561.743
40407	7562	3	1	114.658	145.857	562.01
