30747	6613	1	0	608.006	361.423	22.384
30748	6613	3	0	608.006	344.423	22.5838
30761	6613	1	0	608.006	344.423	36.543
30762	6613	3	0	620.006	361.423	36.9109
30775	6613	1	0	620.006	361.423	96.4017
30776	6613	3	0	621.006	319.423	96.7515
30781	6613	1	0	621.006	319.423	115.816
30782	6613	3	0	516.006	251.423	116.466
30783	6613	1	0	516.006	251.423	117.117
30784	6613	3	0	513.006	308.423	117.984
30787	6613	1	0	513.006	308.423	119.001
30788	6613	3	0	509.006	230.423	119.369
30841	6613	1	0	509.006	230.423	189.751
30842	6613	3	0	509.006	217.423	190.6
30853	6613	1	0	509.006	217.423	231.995
30854	6613	3	1	217.006	285.423	232.228
30855	6613	1	1	217.006	285.423	233.128
30856	6613	3	0	524.006	218.423	233.528
30862	6613	1	0	524.006	218.423	235.48
30863	6613	3	1	191.006	291.423	235.781
30871	6613	1	1	191.006	291.423	244.119
30872	6613	3	0	558.006	225.423	244.586
30879	6613	1	0	558.006	225.423	249.573
30880	6613	3	0	540.006	219.423	249.806
30886	6613	1	0	540.006	219.423	252.776
30887	6613	3	0	537.006	262.423	253.092
30923	6613	1	0	537.006	262.423	793.744
30924	6613	3	0	649.006	244.423	794.26
30751	6614	1	0	718.189	375.437	23.7341
30752	6614	3	0	773.189	346.437	24.035
30763	6614	1	0	773.189	346.437	37.3431
30764	6614	3	0	769.189	375.437	37.727
30777	6614	1	0	769.189	375.437	113.381
30778	6614	3	0	755.189	373.437	113.814
30779	6614	1	0	755.189	373.437	115.032
30780	6614	3	0	560.189	352.437	115.532
30798	6614	1	0	560.189	352.437	130.425
30799	6614	3	0	571.189	332.437	130.826
30804	6614	1	0	571.189	332.437	147.303
30805	6614	3	0	576.189	353.437	148.237
30828	6614	1	0	576.189	353.437	177.957
30829	6614	3	1	125.189	237.437	178.425
30837	6614	1	1	125.189	237.437	184.68
30838	6614	3	1	198.189	208.437	184.98
30843	6614	1	1	198.189	208.437	213.332
30844	6614	3	1	93.1893	222.437	213.983
30845	6614	1	1	93.1893	222.437	217.001
30846	6614	3	1	37.1893	52.437	217.536
30890	6614	1	1	37.1893	52.437	256.36
30891	6614	3	1	45.1893	145.437	256.694
30908	6614	1	1	45.1893	145.437	289.649
30909	6614	3	1	98.1893	96.437	290
30910	6614	1	1	98.1893	96.437	290.099
30911	6614	3	1	133.189	96.437	290.182
30912	6614	1	1	133.189	96.437	290.65
30913	6614	3	1	180.189	81.437	290.984
30939	6614	1	1	180.189	81.437	799.8
30940	6614	3	0	508.189	69.437	800.266
30950	6614	1	0	508.189	69.437	803.652
30951	6614	3	1	207.189	46.437	803.918
30759	6615	1	0	529.708	231.389	35.5591
30760	6615	3	0	512.708	244.389	36.21
30785	6615	1	0	512.708	244.389	118.183
30786	6615	3	0	701.708	361.389	118.702
30793	6615	1	0	701.708	361.389	128.208
30794	6615	2	0	564.708	444.389	129.125
30795	6615	3	0	569.809	432.998	129.142
30816	6615	1	0	569.809	432.998	152.007
30817	6615	3	1	202.809	347.998	152.441
30820	6615	1	1	202.809	347.998	154.091
30821	6615	3	1	31.8094	358.998	154.526
30851	6615	1	1	31.8094	358.998	230.894
30852	6615	3	0	624.809	400.998	231.71
30875	6615	1	0	624.809	400.998	245.754
30876	6615	3	1	316.809	344.998	246.054
30916	6615	1	1	316.809	344.998	774.68
30917	6615	3	1	298.809	370.998	775.264
30743	6616	1	0	699.547	143.725	21.1167
30744	6616	3	0	653.547	191.725	21.3658
30757	6616	1	0	653.547	191.725	33.5072
30758	6616	3	0	830.547	10.7254	35.0582
30802	6616	1	0	830.547	10.7254	143.802
30803	6616	3	0	661.547	322.725	146.869
30806	6616	1	0	661.547	322.725	148.47
30807	6616	3	0	642.547	289.725	148.854
30824	6616	1	0	642.547	289.725	159.095
30825	6616	3	0	642.547	283.725	159.496
30839	6616	1	0	642.547	283.725	188.883
30840	6616	3	0	644.547	314.725	189.366
30881	6616	1	0	644.547	314.725	250.306
30882	6616	3	0	638.547	348.725	250.857
30920	6616	1	0	638.547	348.725	792.559
30921	6616	2	1	300.547	211.725	793.01
30922	6616	3	0	495.158	215.365	793.26
30925	6616	1	0	495.158	215.365	794.645
30926	6616	2	0	491.158	327.365	794.961
30927	6616	3	0	499.984	321.776	794.979
30931	6616	1	0	499.984	321.776	796.295
30932	6616	2	1	299.984	244.776	796.563
30933	6616	3	0	494.792	230.68	796.812
30934	6616	1	0	494.792	230.68	797.246
30935	6616	2	0	493.792	339.681	797.479
30936	6616	3	0	502.419	333.505	797.497
30943	6616	1	0	502.419	333.505	801.4
30944	6616	3	1	328.419	218.505	801.634
30945	6616	1	1	328.419	218.505	802.034
30946	6616	2	0	439.419	291.505	802.317
30947	6616	3	0	498.577	272.196	802.417
30741	6617	1	0	781.693	139.677	20.4496
30742	6617	3	0	796.693	149.677	20.6646
30769	6617	1	0	796.693	149.677	44.8497
30770	6617	3	0	744.693	211.677	45.3832
30808	6617	1	0	744.693	211.677	149.154
30809	6617	3	0	762.693	185.677	149.522
30745	6618	1	0	559.573	382.908	21.7485
30746	6618	3	0	519.573	391.908	22.0997
30771	6618	1	0	519.573	391.908	83.0435
30772	6618	3	0	516.573	351.908	83.4437
30773	6618	1	0	516.573	351.908	94.2009
30774	6618	3	0	526.573	411.908	94.7004
30796	6618	1	0	526.573	411.908	129.591
30797	6618	3	0	520.573	372.908	129.876
30818	6618	1	0	520.573	372.908	152.857
30819	6618	3	1	358.573	322.908	153.225
30822	6618	1	1	358.573	322.908	155.226
30823	6618	3	1	176.573	372.908	155.709
30849	6618	1	1	176.573	372.908	227.858
30850	6618	3	0	496.573	408.908	230.461
30857	6618	1	0	496.573	408.908	233.862
30858	6618	3	1	288.573	343.908	234.129
30859	6618	1	1	288.573	343.908	234.697
30860	6618	2	0	451.573	402.908	235.046
30861	6618	3	0	501.274	362.392	235.13
30873	6618	1	0	501.274	362.392	244.986
30874	6618	3	1	181.274	345.392	245.236
30877	6618	1	1	181.274	345.392	246.555
30878	6618	3	1	106.274	342.392	246.838
30918	6618	1	1	106.274	342.392	781.319
30919	6618	3	1	156.274	372.392	781.802
30733	6619	1	0	632.706	156.055	16.9454
30734	6619	3	0	609.706	175.055	17.5303
30739	6619	1	0	609.706	175.055	19.6315
30740	6619	3	0	571.706	27.0545	20.0156
30753	6619	1	0	571.706	27.0545	27.9872
30754	6619	3	0	605.706	68.0545	28.5721
30765	6619	1	0	605.706	68.0545	38.2953
30766	6619	3	0	623.706	171.055	38.8444
30789	6619	1	0	623.706	171.055	119.635
30790	6619	3	0	629.706	171.055	120.053
30791	6619	1	0	629.706	171.055	127.106
30792	6619	3	0	629.706	171.055	127.523
30800	6619	1	0	629.706	171.055	131.309
30801	6619	3	0	629.706	164.055	131.727
30810	6619	1	0	629.706	164.055	149.805
30811	6619	3	0	638.706	163.055	150.038
30814	6619	1	0	638.706	163.055	151.04
30815	6619	3	0	651.706	106.054	151.324
30735	6620	1	0	597.944	96.4186	17.9535
30736	6620	3	0	566.944	97.4186	18.3135
30737	6620	1	0	566.944	97.4186	18.8136
30738	6620	3	0	517.944	143.419	19.1646
30830	6620	1	0	517.944	143.419	180.493
30831	6620	2	1	332.944	204.419	180.76
30832	6620	3	0	496.678	222.873	180.96
30835	6620	1	0	496.678	222.873	183.596
30836	6620	3	0	509.678	118.873	183.916
30883	6620	1	0	509.678	118.873	251.692
30884	6620	2	1	352.678	186.873	251.958
30885	6620	3	0	497.138	211.643	252.141
30888	6620	1	0	497.138	211.643	253.659
30889	6620	3	0	507.138	128.643	254.01
30898	6620	1	0	507.138	128.643	263.197
30899	6620	3	1	371.138	153.643	263.581
30904	6620	1	1	371.138	153.643	269.053
30905	6620	3	0	808.138	371.643	269.619
30755	6621	1	0	814.109	19.2043	29.2381
30756	6621	3	0	757.109	78.2042	29.8379
30767	6621	1	0	757.109	78.2042	39.2955
30768	6621	3	0	681.109	89.2042	39.6785
30812	6621	1	0	681.109	89.2042	150.372
30813	6621	3	0	770.109	92.2042	150.655
30826	6621	1	0	770.109	92.2042	176.207
30827	6621	3	1	327.109	316.204	176.809
30833	6621	1	1	327.109	316.204	182.145
30834	6621	3	1	324.109	377.204	182.495
30847	6621	1	1	324.109	377.204	222.187
30848	6621	3	1	191.109	64.2042	222.772
30892	6621	1	1	191.109	64.2042	257.161
30893	6621	3	1	236.109	64.2042	258.428
30894	6621	1	1	236.109	64.2042	259.712
30895	6621	3	1	236.109	64.2042	261.78
30896	6621	1	1	236.109	64.2042	262.28
30897	6621	3	0	520.109	45.2043	262.78
30906	6621	1	0	520.109	45.2043	270.119
30907	6621	3	1	314.109	90.2042	270.369
30914	6621	1	1	314.109	90.2042	291.418
30915	6621	3	1	314.109	74.2042	291.634
30928	6621	1	1	314.109	74.2042	795.511
30929	6621	2	0	481.109	226.204	795.929
30930	6621	3	0	500.775	227.078	795.963
30937	6621	1	0	500.775	227.078	797.813
30938	6621	3	1	378.775	141.078	798.079
30941	6621	1	1	378.775	141.078	800.784
30942	6621	3	0	499.775	232.078	801.134
30948	6621	1	0	499.775	232.078	803.018
30949	6621	3	1	317.775	199.078	803.268
30749	6622	1	0	800.247	375.951	23.1348
30750	6622	3	0	857.247	371.951	23.3674
30864	6622	1	0	857.247	371.951	238.599
30865	6622	2	0	450.247	219.951	239.015
30866	6622	3	0	494.35	223.705	239.083
30867	6622	1	0	494.35	223.705	239.633
30868	6622	3	1	376.35	213.705	239.949
30869	6622	1	1	376.35	213.705	241.902
30870	6622	3	0	777.35	385.705	243.518
30900	6622	1	0	777.35	385.705	264.099
30901	6622	3	1	284.35	11.7052	264.549
30902	6622	1	1	284.35	11.7052	268.017
30903	6622	3	0	540.35	162.705	268.601
33792	6843	1	0	688.837	327.547	2.65192
33793	6843	3	0	760.837	383.547	3.03595
33814	6843	1	0	760.837	383.547	20.1318
33815	6843	3	1	303.837	300.547	20.6488
33820	6843	1	1	303.837	300.547	24.9845
33821	6843	3	1	343.837	361.547	25.2177
33957	6843	1	1	343.837	361.547	256.193
33958	6843	3	1	344.837	403.547	256.561
33961	6843	1	1	344.837	403.547	366
33962	6843	3	1	306.837	364.547	366.284
33982	6843	1	1	306.837	364.547	406.094
33983	6843	3	0	494.837	343.547	406.445
33996	6843	1	0	494.837	343.547	415.367
33997	6843	3	0	500.837	286.547	417.119
34014	6843	1	0	500.837	286.547	431.877
34015	6843	3	1	179.837	316.547	432.345
34016	6843	1	1	179.837	316.547	434.097
34017	6843	3	1	58.8369	310.547	434.345
34032	6843	1	1	58.8369	310.547	463.516
34033	6843	3	1	76.8369	265.547	463.934
34042	6843	1	1	76.8369	265.547	561.986
34043	6843	3	0	512.837	377.547	562.735
34061	6843	1	0	512.837	377.547	572.176
34062	6843	2	1	13.8369	255.547	572.492
34063	6843	3	1	32.6284	252.744	572.526
34078	6843	1	1	32.6284	252.744	686.82
34079	6843	3	0	500.628	393.744	688.287
34087	6843	1	0	500.628	393.744	691.606
34088	6843	3	1	294.628	349.744	691.973
34089	6843	1	1	294.628	349.744	692.823
34090	6843	3	1	100.628	304.744	693.174
33804	6844	1	0	703.351	136.513	6.58832
33805	6844	3	0	647.351	146.513	6.93829
33808	6844	1	0	647.351	146.513	7.95599
33809	6844	3	0	670.351	152.513	8.27295
33812	6844	1	0	670.351	152.513	16.7618
33813	6844	3	1	197.351	322.513	17.2786
33818	6844	1	1	197.351	322.513	23.9505
33819	6844	3	1	134.351	366.513	24.3345
33939	6844	1	1	134.351	366.513	177.341
33940	6844	3	1	106.351	354.513	177.673
33943	6844	1	1	106.351	354.513	179.259
33944	6844	3	1	96.351	368.513	179.625
33986	6844	1	1	96.351	368.513	408.012
33987	6844	3	0	556.351	327.513	408.429
33994	6844	1	0	556.351	327.513	412.933
33995	6844	3	0	621.351	218.513	414.45
34012	6844	1	0	621.351	218.513	430.507
34013	6844	3	1	261.351	307.513	431.311
34030	6844	1	1	261.351	307.513	457.912
34031	6844	3	1	293.351	374.513	458.296
34080	6844	1	1	293.351	374.513	688.738
34081	6844	2	0	489.351	310.513	689.122
34082	6844	3	0	497.837	306.368	689.138
34085	6844	1	0	497.837	306.368	690.89
34086	6844	3	1	230.837	378.368	691.14
33800	6845	1	0	762.57	135.133	5.35467
33801	6845	3	0	804.57	151.133	5.55432
33914	6845	1	0	804.57	151.133	118.366
33915	6845	3	1	234.57	207.133	119.266
33923	6845	1	1	234.57	207.133	124.654
33924	6845	3	0	757.57	128.133	125.171
33969	6845	1	0	757.57	128.133	384.245
33970	6845	3	0	531.57	43.1335	384.696
33988	6845	1	0	531.57	43.1335	408.813
33989	6845	3	1	263.569	182.133	409.081
34010	6845	1	1	263.569	182.133	427.057
34011	6845	3	0	793.57	30.1335	427.792
34046	6845	1	0	793.57	30.1335	563.92
34047	6845	2	1	19.5695	347.134	564.671
34048	6845	3	0	499.655	247.29	565.121
34049	6845	1	0	499.655	247.29	565.521
34050	6845	3	0	611.655	359.29	565.838
34056	6845	1	0	611.655	359.29	568.29
34057	6845	2	1	119.655	253.29	568.857
34058	6845	3	0	494.886	226.083	569.24
34059	6845	1	0	494.886	226.083	570.792
34060	6845	3	0	698.886	296.083	571.758
34083	6845	1	0	698.886	296.083	689.489
34084	6845	3	0	693.886	315.083	690.495
34093	6845	1	0	693.886	315.083	719.409
34094	6845	3	1	179.886	68.0827	719.926
34102	6845	1	1	179.886	68.0827	728.232
34103	6845	2	0	840.886	304.083	728.683
34104	6845	3	0	815.378	291.494	728.732
34107	6845	1	0	815.378	291.494	730.584
34108	6845	3	0	660.378	357.494	731.1
34111	6845	1	0	660.378	357.494	735.086
34112	6845	3	0	665.378	308.494	735.47
34113	6845	1	0	665.378	308.494	736.804
34114	6845	3	0	666.378	306.494	737.589
33788	6846	1	0	532.28	270.111	1.0669
33789	6846	3	0	509.28	361.111	1.51862
33816	6846	1	0	509.28	361.111	21.2325
33817	6846	3	1	30.2804	204.111	21.8487
33822	6846	1	1	30.2804	204.111	25.6358
33823	6846	3	1	216.28	219.111	26.3849
33910	6846	1	1	216.28	219.111	115.915
33911	6846	3	1	216.28	219.111	116.432
33912	6846	1	1	216.28	219.111	117.248
33913	6846	3	0	501.28	44.1112	117.832
33925	6846	1	0	501.28	44.1112	125.521
33926	6846	3	1	179.28	236.111	125.805
33927	6846	1	1	179.28	236.111	126.272
33928	6846	3	1	239.28	206.111	126.523
33941	6846	1	1	239.28	206.111	178.425
33942	6846	3	1	269.28	206.111	178.824
33945	6846	1	1	269.28	206.111	218.467
33946	6846	3	1	209.28	216.111	218.85
33959	6846	1	1	209.28	216.111	365.201
33960	6846	3	1	210.28	123.111	365.483
33963	6846	1	1	210.28	123.111	379.959
33964	6846	3	1	77.2804	45.1112	380.576
34036	6846	1	1	77.2804	45.1112	503.827
34037	6846	3	1	77.2804	45.1112	503.927
34091	6846	1	1	77.2804	45.1112	718.175
34092	6846	3	0	509.28	322.111	718.958
34105	6846	1	0	509.28	322.111	729.117
34106	6846	3	1	118.28	97.1112	729.649
34109	6846	1	1	118.28	97.1112	733.752
34110	6846	3	1	92.2804	80.1112	734.269
33798	6847	1	0	788.922	289.323	4.82025
33799	6847	3	0	860.922	306.323	5.07031
33834	6847	1	0	860.922	306.323	46.3829
33835	6847	2	1	402.922	125.323	47.066
33836	6847	3	1	392.514	131.272	47.084
33837	6847	1	1	392.514	131.272	48.7839
33838	6847	2	0	491.514	131.272	49.6686
33839	6847	3	0	500.064	136.007	49.6837
33840	6847	1	0	500.064	136.007	51.5366
33841	6847	3	0	522.064	56.0069	52.1523
33851	6847	1	0	522.064	56.0069	60.9743
33852	6847	3	0	494.064	116.007	61.3412
33853	6847	1	0	494.064	116.007	61.8091
33854	6847	3	0	514.064	126.007	62.5433
33855	6847	1	0	514.064	126.007	62.9094
33856	6847	3	1	135.064	205.007	63.7266
33857	6847	1	1	135.064	205.007	66.0784
33858	6847	3	0	558.064	176.007	66.6464
33859	6847	1	0	558.064	176.007	67.0635
33860	6847	3	1	71.064	236.007	67.6476
33867	6847	1	1	71.064	236.007	85.7581
33868	6847	3	0	496.064	118.007	86.5082
33871	6847	1	0	496.064	118.007	88.576
33872	6847	3	1	111.064	235.007	89.478
33904	6847	1	1	111.064	235.007	110.661
33905	6847	3	0	577.064	97.0069	111.228
33908	6847	1	0	577.064	97.0069	113.195
33909	6847	3	1	79.064	226.007	113.729
33965	6847	1	1	79.064	226.007	382.126
33966	6847	3	1	204.064	359.007	382.795
33984	6847	1	1	204.064	359.007	406.895
33985	6847	3	0	587.064	367.007	407.361
34000	6847	1	0	587.064	367.007	419.386
34001	6847	3	1	376.064	348.007	421.136
34002	6847	1	1	376.064	348.007	421.572
34003	6847	3	0	666.064	367.007	421.987
34024	6847	1	0	666.064	367.007	440.901
34025	6847	3	1	301.064	152.007	442.002
34034	6847	1	1	301.064	152.007	473.807
34035	6847	3	1	219.064	215.007	474.924
34040	6847	1	1	219.064	215.007	546.457
34041	6847	3	1	245.064	137.007	546.923
34053	6847	1	1	245.064	137.007	567.305
34054	6847	2	0	493.064	232.007	567.956
34055	6847	3	0	502.172	232.196	567.972
34064	6847	1	0	502.172	232.196	573.91
34065	6847	3	1	321.172	230.196	574.226
34076	6847	1	1	321.172	230.196	632.433
34077	6847	3	1	272.172	255.196	633.4
33802	6848	1	0	733.875	129.02	5.88837
33803	6848	3	0	770.875	78.0201	6.10535
33810	6848	1	0	770.875	78.0201	8.90637
33811	6848	3	0	780.875	63.0201	9.12299
33828	6848	1	0	780.875	63.0201	38.6097
33829	6848	3	0	694.875	142.02	39.1934
33863	6848	1	0	694.875	142.02	77.6522
33864	6848	3	0	530.875	232.02	78.3363
33865	6848	1	0	530.875	232.02	83.241
33866	6848	3	0	535.875	233.02	84.291
33876	6848	1	0	535.875	233.02	91.279
33877	6848	3	0	596.875	305.02	91.5635
33898	6848	1	0	596.875	305.02	105.923
33899	6848	3	0	627.875	277.02	106.94
33919	6848	1	0	627.875	277.02	121.985
33920	6848	3	0	637.875	360.02	123.503
33949	6848	1	0	637.875	360.02	220.52
33950	6848	3	0	757.875	363.02	220.869
33975	6848	1	0	757.875	363.02	403.292
33976	6848	2	0	882.875	308.02	403.609
33977	6848	3	0	872.871	304.647	403.626
34004	6848	1	0	872.871	304.647	423.204
34005	6848	3	0	827.871	251.647	424.323
34018	6848	1	0	827.871	251.647	435.079
34019	6848	3	1	323.871	169.647	436.115
34020	6848	1	1	323.871	169.647	436.748
34021	6848	3	0	641.871	207.647	437.066
34095	6848	1	0	641.871	207.647	721.977
34096	6848	2	0	460.871	174.647	722.863
34097	6848	3	0	502.172	186.939	722.929
34100	6848	1	0	502.172	186.939	726.481
34101	6848	3	0	530.172	189.939	727.548
33806	6849	1	0	625.057	67.7507	7.3382
33807	6849	3	0	583.057	85.7507	7.60614
33824	6849	1	0	583.057	85.7507	27.2525
33825	6849	3	1	297.057	99.7507	27.5195
33826	6849	1	1	297.057	99.7507	28.1707
33827	6849	3	0	575.057	128.751	28.5535
33830	6849	1	0	575.057	128.751	39.9451
33831	6849	3	0	608.057	148.751	40.3104
33832	6849	1	0	608.057	148.751	40.7775
33833	6849	3	0	608.057	138.751	41.0784
33873	6849	1	0	608.057	138.751	90.0023
33874	6849	2	1	342.057	165.751	90.3611
33875	6849	3	0	501.721	201.715	90.562
33884	6849	1	0	501.721	201.715	95.6498
33885	6849	3	0	530.721	189.715	96.7009
33900	6849	1	0	530.721	189.715	107.34
33901	6849	3	0	551.721	212.715	108.293
33929	6849	1	0	551.721	212.715	128.757
33930	6849	3	0	564.721	207.715	129.441
33971	6849	1	0	564.721	207.715	390.399
33972	6849	3	0	691.721	57.7148	391.666
33990	6849	1	0	691.721	57.7148	409.647
33991	6849	3	1	384.721	64.7148	409.996
34006	6849	1	1	384.721	64.7148	425.223
34007	6849	3	0	570.721	77.7148	425.49
34070	6849	1	0	570.721	77.7148	590.471
34071	6849	3	0	629.721	72.7148	590.771
33794	6850	1	0	650.26	233.662	3.48608
33795	6850	3	0	561.26	227.662	3.75305
33842	6850	1	0	561.26	227.662	56.8722
33843	6850	3	0	555.26	248.662	57.2393
33844	6850	1	0	555.26	248.662	57.522
33845	6850	2	1	363.259	99.6617	57.8234
33846	6850	3	0	494.37	152.907	58.0062
33847	6850	1	0	494.37	152.907	59.1072
33848	6850	3	0	519.37	348.907	59.4232
33869	6850	1	0	519.37	348.907	86.8594
33870	6850	3	0	513.37	354.907	87.9431
33902	6850	1	0	513.37	354.907	108.759
33903	6850	3	0	543.37	373.907	109.559
33906	6850	1	0	543.37	373.907	111.595
33907	6850	3	0	521.37	347.907	112.728
33916	6850	1	0	521.37	347.907	120.234
33917	6850	2	0	461.37	307.907	121.101
33918	6850	3	0	499.784	292.196	121.168
33921	6850	1	0	499.784	292.196	123.986
33922	6850	3	0	499.784	292.196	124.104
33947	6850	1	0	499.784	292.196	219.736
33948	6850	3	0	514.784	348.196	220.07
33978	6850	1	0	514.784	348.196	404.009
33979	6850	3	0	833.784	371.196	404.609
33998	6850	1	0	833.784	371.196	418.501
33999	6850	3	0	827.784	368.196	418.836
34044	6850	1	0	827.784	368.196	563.136
34045	6850	3	0	833.784	193.196	563.403
34098	6850	1	0	833.784	193.196	725.481
34099	6850	3	0	833.784	193.196	725.747
33796	6851	1	0	745.905	291.622	4.1029
33797	6851	3	0	704.905	277.622	4.40405
33861	6851	1	0	704.905	277.622	75.5026
33862	6851	3	0	740.905	237.622	75.8195
33880	6851	1	0	740.905	237.622	92.7794
33881	6851	3	0	700.905	243.622	93.8306
33888	6851	1	0	700.905	243.622	99.3019
33889	6851	3	0	694.905	246.622	100.37
33892	6851	1	0	694.905	246.622	102.52
33893	6851	3	1	404.905	207.622	103.088
33894	6851	1	1	404.905	207.622	103.538
33895	6851	3	0	680.905	254.622	104.122
33931	6851	1	0	680.905	254.622	130.324
33932	6851	3	1	363.905	131.622	131.126
33933	6851	1	1	363.905	131.622	132.21
33934	6851	3	0	696.905	289.622	132.693
33935	6851	1	0	696.905	289.622	135.427
33936	6851	3	1	378.905	120.622	135.811
33951	6851	1	1	378.905	120.622	230.759
33952	6851	3	1	380.905	130.622	231.359
33953	6851	1	1	380.905	130.622	232.059
33954	6851	3	1	380.905	114.622	232.56
33955	6851	1	1	380.905	114.622	252.541
33956	6851	3	1	382.905	77.6216	252.907
33967	6851	1	1	382.905	77.6216	383.345
33968	6851	3	1	355.905	337.622	383.762
33980	6851	1	1	355.905	337.622	405.412
33981	6851	3	0	532.905	400.622	405.744
34022	6851	1	0	532.905	400.622	437.633
34023	6851	3	0	516.905	342.622	438.449
34026	6851	1	0	516.905	342.622	443.32
34027	6851	3	1	394.905	266.622	444.069
34028	6851	1	1	394.905	266.622	457.246
34029	6851	3	1	392.905	362.622	457.513
34038	6851	1	1	392.905	362.622	544.156
34039	6851	3	1	365.905	181.622	544.955
34051	6851	1	1	365.905	181.622	566.354
34052	6851	3	0	528.905	194.622	566.805
34066	6851	1	0	528.905	194.622	574.676
34067	6851	3	1	364.905	123.622	574.978
34068	6851	1	1	364.905	123.622	582.866
34069	6851	3	1	363.905	94.6216	583.283
33790	6852	1	0	691.631	364.185	1.9848
33791	6852	3	0	677.631	421.185	2.33581
33849	6852	1	0	677.631	421.185	60.0077
33850	6852	3	0	652.631	272.185	60.4922
33878	6852	1	0	652.631	272.185	91.9624
33879	6852	3	0	605.631	217.185	92.3461
33882	6852	1	0	605.631	217.185	94.2145
33883	6852	3	1	391.631	228.185	95.1984
33886	6852	1	1	391.631	228.185	97.2329
33887	6852	3	1	397.631	219.185	97.7009
33890	6852	1	1	397.631	219.185	101.587
33891	6852	3	0	767.631	141.185	101.997
33896	6852	1	0	767.631	141.185	104.555
33897	6852	3	0	669.631	156.185	105.09
33937	6852	1	0	669.631	156.185	166.398
33938	6852	3	0	665.631	213.185	167.815
33973	6852	1	0	665.631	213.185	392.517
33974	6852	3	0	787.631	55.1853	393.251
33992	6852	1	0	787.631	55.1853	410.481
33993	6852	3	1	274.631	93.1853	411.048
34008	6852	1	1	274.631	93.1853	426.023
34009	6852	3	0	496.631	56.1853	426.573
34072	6852	1	0	496.631	56.1853	591.188
34073	6852	3	0	526.631	126.185	591.856
34074	6852	1	0	526.631	126.185	592.221
34075	6852	3	0	516.631	58.1853	592.539
34754	6931	1	0	611.472	385.812	11.7239
34755	6931	3	0	532.472	412.812	12.1579
34814	6931	1	0	532.472	412.812	57.723
34815	6931	3	0	837.472	195.812	59.408
34828	6931	1	0	837.472	195.812	89.1948
34829	6931	3	0	660.472	259.812	89.9291
34766	6932	1	0	751.246	213.07	15.343
34767	6932	3	0	763.246	259.07	15.5931
34760	6933	1	0	828.253	350.057	13.6609
34761	6933	3	0	848.253	370.057	13.8613
34790	6933	1	0	848.253	370.057	28.9357
34791	6933	3	0	831.253	427.057	29.5196
34758	6934	1	0	762.6	407.221	13.091
34759	6934	3	0	764.6	430.221	13.325
34778	6935	1	0	597.537	160.365	19.3459
34779	6935	3	0	579.537	192.365	19.7969
34782	6935	1	0	579.537	192.365	25.334
34783	6935	3	0	599.537	90.3653	25.6678
34802	6935	1	0	599.537	90.3653	40.7613
34803	6935	3	0	591.537	66.3653	41.0794
34806	6935	1	0	591.537	66.3653	43.7961
34807	6935	3	0	704.537	366.365	44.6982
34836	6935	1	0	704.537	366.365	105.472
34837	6935	3	1	370.537	78.3653	109.941
34838	6935	1	1	370.537	78.3653	119.299
34839	6935	3	0	561.537	253.365	119.949
34848	6935	1	0	561.537	253.365	454.912
34849	6935	3	1	308.537	96.3653	455.296
34850	6935	1	1	308.537	96.3653	456.297
34851	6935	3	1	125.537	83.3653	457.312
34770	6936	1	0	875.938	140.42	16.611
34771	6936	3	0	878.938	197.42	16.8939
34800	6936	1	0	878.938	197.42	39.7612
34801	6936	3	0	527.938	40.42	40.328
34808	6936	1	0	527.938	40.42	45.2979
34809	6936	3	0	526.938	38.42	45.5481
34810	6936	1	0	526.938	38.42	45.8139
34811	6936	3	0	644.938	371.42	46.4819
34840	6936	1	0	644.938	371.42	120.584
34841	6936	3	0	635.938	92.42	121.333
34842	6936	1	0	635.938	92.42	126.086
34843	6936	3	0	661.938	82.42	126.436
34844	6936	1	0	661.938	82.42	144.032
34845	6936	3	1	123.938	76.42	145.95
34846	6936	1	1	123.938	76.42	453.944
34847	6936	3	0	543.938	132.42	454.511
34852	6936	1	0	543.938	132.42	458.897
34853	6936	3	0	628.938	105.42	459.314
34854	6936	1	0	628.938	105.42	460.249
34855	6936	3	0	551.938	130.42	460.665
34856	6936	1	0	551.938	130.42	477.276
34857	6936	3	0	555.938	59.42	478.376
34764	6937	1	0	666.732	187.929	14.7422
34765	6937	3	0	641.732	224.929	15.0102
34786	6937	1	0	641.732	224.929	27.1688
34787	6937	3	0	639.732	223.929	27.5028
34820	6937	1	0	639.732	223.929	63.4609
34821	6937	3	1	179.732	291.929	64.127
34822	6937	1	1	179.732	291.929	71.3992
34823	6937	3	1	110.732	344.929	71.7324
34776	6938	1	0	581.293	49.9427	18.6119
34777	6938	3	0	617.293	28.9427	18.8949
34780	6938	1	0	617.293	28.9427	23.9656
34781	6938	3	0	653.293	72.9427	24.6836
34794	6938	1	0	653.293	72.9427	36.074
34795	6938	3	0	505.293	308.943	36.8418
34812	6938	1	0	505.293	308.943	51.7183
34813	6938	3	0	526.293	100.943	53.537
34816	6938	1	0	526.293	100.943	60.309
34817	6938	3	0	526.293	100.943	61.2079
34818	6938	1	0	526.293	100.943	61.6758
34819	6938	3	1	305.293	225.943	62.0767
34824	6938	1	1	305.293	225.943	72.1833
34825	6938	3	1	273.293	331.943	73.0673
34756	6939	1	0	630.163	309.627	12.4738
34757	6939	3	0	613.163	349.627	12.7239
34762	6939	1	0	613.163	349.627	14.212
34763	6939	3	0	613.163	367.627	14.376
34792	6939	1	0	613.163	367.627	30.5046
34793	6939	3	0	625.163	360.627	31.3887
34796	6939	1	0	625.163	360.627	37.142
34797	6939	3	0	659.163	40.6272	38.1431
34832	6939	1	0	659.163	40.6272	92.4802
34833	6939	3	1	265.163	163.627	93.3632
34752	6940	1	0	555.048	204.359	10.7559
34753	6940	3	0	507.048	267.359	11.0897
34784	6940	1	0	507.048	267.359	26.0518
34785	6940	3	0	541.048	217.359	26.8188
34788	6940	1	0	541.048	217.359	27.7697
34789	6940	3	0	541.048	219.359	28.1367
34826	6940	1	0	541.048	219.359	86.742
34827	6940	3	1	93.0481	201.359	88.1938
34830	6940	1	1	93.0481	201.359	91.5121
34831	6940	3	1	91.0481	182.359	91.912
34768	6941	1	0	741.593	104.786	15.8931
34769	6941	3	0	744.593	70.7864	16.1769
34772	6941	1	0	744.593	70.7864	17.111
34773	6941	3	0	779.593	50.7864	17.3289
34798	6941	1	0	779.593	50.7864	38.9441
34799	6941	3	0	792.593	48.7864	39.3603
34774	6942	1	0	577.868	103.467	17.9778
34775	6942	3	0	519.868	117.467	18.3779
34804	6942	1	0	519.868	117.467	42.4802
34805	6942	3	0	683.868	424.467	43.1792
34834	6942	1	0	683.868	424.467	101.919
34835	6942	3	0	661.868	437.467	103.405
37117	7245	1	0	882.559	174.815	21.6822
37118	7245	3	0	869.559	102.815	22.1002
37121	7245	1	0	869.559	102.815	32.5069
37122	7245	3	1	384.559	241.815	33.1069
37181	7245	1	1	384.559	241.815	190.975
37182	7245	3	1	285.559	282.815	191.391
37187	7245	1	1	285.559	282.815	198.081
37188	7245	3	1	221.559	262.815	198.464
37131	7246	1	0	715.639	250.558	68.7638
37132	7246	3	0	705.639	306.558	69.1639
37169	7246	1	0	705.639	306.558	175.965
37170	7246	3	0	625.639	273.558	176.716
37195	7246	1	0	625.639	273.558	548.204
37196	7246	3	0	618.639	329.558	548.621
37199	7246	1	0	618.639	329.558	550.087
37200	7246	3	0	781.639	255.558	550.705
37133	7247	1	0	725.391	55.3132	70.6807
37134	7247	3	1	63.391	372.313	71.4477
37145	7247	1	1	63.391	372.313	117.528
37146	7247	3	0	682.391	37.3132	118.111
37157	7247	1	0	682.391	37.3132	134.773
37158	7247	3	0	798.391	97.3132	135.139
37119	7248	1	0	727.455	467.521	30.9049
37120	7248	3	1	346.455	369.521	31.6387
37161	7248	1	1	346.455	369.521	140.343
37162	7248	3	1	389.455	17.5205	141.094
37212	7248	1	1	389.455	17.5205	611.313
37213	7248	3	1	385.455	285.521	612.832
37109	7249	1	0	714.841	286.174	18.2301
37110	7249	3	0	645.841	381.174	18.563
37125	7249	1	0	645.841	381.174	53.3864
37126	7249	3	0	632.841	275.174	53.8193
37153	7249	1	0	632.841	275.174	124.233
37154	7249	3	1	299.841	145.174	125.934
37155	7249	1	1	299.841	145.174	128.902
37156	7249	3	1	270.841	102.174	130.02
37163	7249	1	1	270.841	102.174	145.314
37164	7249	3	1	318.841	388.174	146.081
37179	7249	1	1	318.841	388.174	190.242
37180	7249	3	1	271.841	363.174	190.477
37189	7249	1	1	271.841	363.174	216.777
37190	7249	3	1	299.841	389.174	217.377
37147	7250	1	0	817.653	192.815	118.662
37148	7250	3	1	66.6525	339.815	119.53
37149	7250	1	1	66.6525	339.815	120.262
37150	7250	3	1	58.6525	333.815	120.796
37167	7250	1	1	58.6525	333.815	166.76
37168	7250	3	1	268.652	21.8146	167.809
37173	7250	1	1	268.652	21.8146	187.173
37174	7250	3	1	268.652	27.8146	187.723
37201	7250	1	1	268.652	27.8146	565.782
37202	7250	3	0	500.652	134.815	566.249
37206	7250	1	0	500.652	134.815	568.035
37207	7250	3	1	277.652	98.8146	569.167
37208	7250	1	1	277.652	98.8146	569.651
37209	7250	3	0	547.653	179.815	570.102
37210	7250	1	0	547.653	179.815	570.651
37211	7250	3	1	209.652	69.8146	571.369
37115	7251	1	0	855.792	206.874	20.716
37116	7251	3	0	855.792	320.874	20.9811
37151	7251	1	0	855.792	320.874	121.865
37152	7251	3	0	569.792	208.874	123.816
37159	7251	1	0	569.792	208.874	135.707
37160	7251	3	0	622.792	159.874	136.107
37165	7251	1	0	622.792	159.874	148.131
37166	7251	3	0	622.792	159.874	148.282
37171	7251	1	0	622.792	159.874	177.1
37172	7251	3	0	845.792	451.874	177.751
37111	7252	1	0	601.378	166.848	19.2815
37112	7252	3	0	561.378	175.848	19.5311
37123	7252	1	0	561.378	175.848	49.7173
37124	7252	3	0	551.378	248.848	50.1172
37127	7252	1	0	551.378	248.848	54.2214
37128	7252	3	1	233.378	260.848	54.9047
37177	7252	1	1	233.378	260.848	189.406
37178	7252	3	1	155.378	379.848	189.804
37113	7253	1	0	668.992	138.722	19.881
37114	7253	3	0	612.992	103.722	20.149
37135	7253	1	0	612.992	103.722	75.5012
37136	7253	3	1	60.9919	243.722	76.4525
37139	7253	1	1	60.9919	243.722	111.641
37140	7253	3	1	120.992	157.722	112.826
37141	7253	1	1	120.992	157.722	113.443
37142	7253	3	1	118.992	133.722	114.077
37143	7253	1	1	118.992	133.722	115.277
37144	7253	3	1	87.9919	81.7221	115.727
37175	7253	1	1	87.9919	81.7221	188.172
37176	7253	3	1	90.9919	195.722	188.906
37183	7253	1	1	90.9919	195.722	191.826
37184	7253	3	1	135.992	271.722	192.261
37185	7253	1	1	135.992	271.722	196.984
37186	7253	3	1	66.9919	241.722	197.564
37107	7254	1	0	627.119	438.77	17.479
37108	7254	3	0	578.119	383.77	17.7458
37129	7254	1	0	578.119	383.77	55.9894
37130	7254	3	0	536.119	276.77	57.7901
37137	7254	1	0	536.119	276.77	79.6708
37138	7254	3	0	531.119	293.77	81.0878
37191	7254	1	0	531.119	293.77	443.099
37192	7254	3	0	531.119	293.77	443.215
37193	7254	1	0	531.119	293.77	444.032
37194	7254	3	0	510.119	290.77	445.467
37197	7254	1	0	510.119	290.77	549.153
37198	7254	3	0	508.119	340.77	549.737
37203	7254	1	0	508.119	340.77	566.665
37204	7254	2	0	489.119	253.77	567.667
37205	7254	3	0	497.891	252.577	567.683
39273	7479	1	0	642.475	375.669	7.9566
39274	7479	3	0	585.475	333.669	8.27362
39308	7479	1	0	585.475	333.669	96.1181
39309	7479	3	0	611.475	337.669	96.5011
39387	7479	1	0	611.475	337.669	176.588
39388	7479	3	0	563.475	345.669	177.757
39391	7479	1	0	563.475	345.669	183.711
39392	7479	3	1	210.475	91.6686	184.795
39393	7479	1	1	210.475	91.6686	186.079
39394	7479	3	1	202.475	73.6686	186.479
39405	7479	1	1	202.475	73.6686	228.408
39406	7479	3	1	220.475	206.669	228.893
39415	7479	1	1	220.475	206.669	335.731
39416	7479	3	1	79.475	355.669	336.148
39419	7479	1	1	79.475	355.669	357.511
39420	7479	3	1	112.475	363.669	358.178
39427	7479	1	1	112.475	363.669	429.543
39428	7479	3	1	92.475	262.669	429.878
39318	7480	1	0	591.481	455.457	102.906
39319	7480	3	0	620.481	190.457	103.856
39347	7480	1	0	620.481	190.457	122.635
39348	7480	3	0	634.481	200.457	122.936
39351	7480	1	0	634.481	200.457	124.052
39352	7480	3	0	627.481	225.457	124.454
39397	7480	1	0	627.481	225.457	189.03
39398	7480	3	0	612.481	247.457	190.299
39407	7480	1	0	612.481	247.457	237.265
39408	7480	3	0	622.481	247.457	237.7
39438	7480	1	0	622.481	247.457	565.385
39439	7480	3	0	543.481	219.457	566.685
39444	7480	1	0	543.481	219.457	569.654
39445	7480	3	1	267.481	156.457	569.901
39448	7480	1	1	267.481	156.457	571.756
39449	7480	3	1	248.481	197.457	572.123
39285	7481	1	0	712.776	228.387	11.8102
39286	7481	3	0	828.776	227.387	12.1271
39333	7481	1	0	828.776	227.387	111.295
39334	7481	3	0	818.776	158.387	111.679
39277	7482	1	0	753.137	356.372	9.44238
39278	7482	3	0	726.137	320.372	9.75873
39295	7482	1	0	726.137	320.372	15.8448
39296	7482	3	0	713.137	298.372	16.462
39306	7482	1	0	713.137	298.372	95.1509
39307	7482	3	0	787.137	346.372	95.701
39324	7482	1	0	787.137	346.372	107.776
39325	7482	3	0	605.137	35.372	108.743
39329	7482	1	0	605.137	35.372	109.96
39330	7482	3	0	594.137	30.372	110.177
39355	7482	1	0	594.137	30.372	141.565
39356	7482	3	1	101.137	298.372	142.332
39361	7482	1	1	101.137	298.372	148.185
39362	7482	3	1	57.1368	328.372	148.453
39413	7482	1	1	57.1368	328.372	267.001
39414	7482	3	1	309.137	26.372	268.036
39282	7483	1	0	802.541	380.67	10.826
39283	7483	2	0	839.541	434.67	11.1593
39284	7483	3	0	830.785	423.93	11.176
39299	7483	1	0	830.785	423.93	64.6455
39300	7483	3	1	355.785	308.93	65.5128
39303	7483	1	1	355.785	308.93	87.8625
39304	7483	2	0	468.785	267.93	88.6616
39305	7483	3	0	497.208	260.935	88.7126
39320	7483	1	0	497.208	260.935	105.023
39321	7483	3	0	500.208	325.935	105.425
39357	7483	1	0	500.208	325.935	143.634
39358	7483	3	1	345.208	311.935	145.934
39359	7483	1	1	345.208	311.935	147.386
39360	7483	3	1	274.208	351.935	147.803
39363	7483	1	1	274.208	351.935	148.938
39364	7483	3	1	237.208	339.935	149.352
39379	7483	1	1	237.208	339.935	168.016
39380	7483	3	0	806.208	228.935	168.65
39383	7483	1	0	806.208	228.935	172.051
39384	7483	3	0	780.208	231.935	172.668
39385	7483	1	0	780.208	231.935	174.67
39386	7483	3	1	53.2084	73.9351	175.521
39409	7483	1	1	53.2084	73.9351	265.017
39410	7483	3	1	312.208	57.9351	265.7
39411	7483	1	1	312.208	57.9351	265.967
39412	7483	3	1	335.208	235.935	266.585
39421	7483	1	1	335.208	235.935	380.06
39422	7483	3	1	44.2084	29.9351	380.96
39293	7484	1	0	611.165	28.7689	14.2619
39294	7484	3	0	591.165	57.7689	14.7117
39297	7484	1	0	591.165	57.7689	62.8279
39298	7484	3	1	184.165	330.769	63.9277
39301	7484	1	1	184.165	330.769	86.5114
39302	7484	3	0	568.165	59.7689	87.4456
39316	7484	1	0	568.165	59.7689	102.038
39317	7484	3	0	520.165	47.7689	102.306
39322	7484	1	0	520.165	47.7689	106.941
39323	7484	3	0	515.165	45.7689	107.159
39326	7484	1	0	515.165	45.7689	109.36
39327	7484	2	0	490.165	43.7689	109.643
39328	7484	3	0	498.804	52.5018	109.66
39353	7484	1	0	498.804	52.5018	138.18
39354	7484	3	0	496.804	37.5018	138.647
39377	7484	1	0	496.804	37.5018	164.613
39378	7484	3	0	522.804	60.5018	165.031
39381	7484	1	0	522.804	60.5018	170.234
39382	7484	3	1	261.804	344.502	171.302
39399	7484	1	1	261.804	344.502	224.322
39400	7484	3	1	213.804	350.502	224.856
39417	7484	1	1	213.804	350.502	337.333
39418	7484	3	1	172.804	32.5018	339.533
39310	7485	1	0	508.255	432.894	97.4692
39311	7485	3	0	783.255	71.8944	98.5203
39314	7485	1	0	783.255	71.8944	99.8528
39315	7485	3	0	789.255	61.8944	100.203
39365	7485	1	0	789.255	61.8944	150.837
39366	7485	3	0	813.255	60.8944	151.221
39369	7485	1	0	813.255	60.8944	153.656
39370	7485	3	1	64.2551	218.894	154.372
39389	7485	1	1	64.2551	218.894	182.494
39390	7485	3	0	554.255	103.894	183.362
39275	7486	1	0	727.151	420.49	8.69055
39276	7486	3	0	694.151	430.49	9.02344
39337	7486	1	0	694.151	430.49	113.98
39338	7486	3	0	711.151	412.49	114.197
39341	7486	1	0	711.151	412.49	115.081
39342	7486	3	0	716.151	406.49	115.365
39345	7486	1	0	716.151	406.49	116.315
39346	7486	3	0	734.151	406.49	116.716
39291	7487	1	0	585.393	119.912	13.7275
39292	7487	3	0	560.393	187.912	13.9775
39349	7487	1	0	560.393	187.912	123.237
39350	7487	3	0	572.393	215.912	123.636
39395	7487	1	0	572.393	215.912	187.613
39396	7487	3	0	538.393	235.912	188.581
39436	7487	1	0	538.393	235.912	564.5
39437	7487	3	1	305.393	216.912	564.802
39440	7487	1	1	305.393	216.912	567.336
39441	7487	3	0	649.393	221.912	567.804
39446	7487	1	0	649.393	221.912	570.539
39447	7487	3	1	329.393	203.912	570.938
39289	7488	1	0	591.849	156.759	13.0939
39290	7488	3	0	633.849	208.759	13.2777
39312	7488	1	0	633.849	208.759	99.0191
39313	7488	3	0	726.849	69.7594	99.5701
39367	7488	1	0	726.849	69.7594	151.872
39368	7488	3	0	725.849	50.7594	152.188
39287	7489	1	0	695.69	179.319	12.511
39288	7489	3	0	736.69	210.319	12.71
39331	7489	1	0	736.69	210.319	110.662
39332	7489	3	0	729.69	151.319	110.977
39373	7489	1	0	729.69	151.319	161.912
39374	7489	3	1	329.69	157.319	162.612
39375	7489	1	1	329.69	157.319	162.978
39376	7489	3	1	335.69	238.319	163.346
39401	7489	1	1	335.69	238.319	225.373
39402	7489	3	1	358.69	380.319	226.023
39279	7490	1	0	849.597	403.013	10.108
39280	7490	2	0	869.597	121.013	10.4417
39281	7490	3	0	850.575	131.575	10.4749
39335	7490	1	0	850.575	131.575	112.061
39336	7490	3	0	789.575	435.575	113.547
39339	7490	1	0	789.575	435.575	114.53
39340	7490	3	0	792.575	403.575	114.798
39343	7490	1	0	792.575	403.575	115.614
39344	7490	3	0	810.575	406.575	115.896
39371	7490	1	0	810.575	406.575	156.475
39372	7490	3	1	207.574	201.575	157.124
39403	7490	1	1	207.574	201.575	226.491
39404	7490	3	1	85.5745	221.575	226.908
39423	7490	1	1	85.5745	221.575	387.266
39424	7490	3	1	285.574	251.575	387.816
39425	7490	1	1	285.574	251.575	402.893
39426	7490	3	1	193.574	159.575	403.559
39429	7490	1	1	193.574	159.575	554.745
39430	7490	3	1	233.574	211.575	555.23
39431	7490	1	1	233.574	211.575	557.013
39432	7490	3	1	228.574	173.575	557.38
39433	7490	1	1	228.574	173.575	563.534
39434	7490	2	0	479.574	318.575	564.135
39435	7490	3	0	498.386	309.967	564.167
39442	7490	1	0	498.386	309.967	568.17
39443	7490	3	0	504.386	285.967	569.154
