30370	6573	1	0	651.376	81.0007	13.4746
30371	6573	3	0	785.376	80.0007	14.3914
30372	6573	1	0	785.376	80.0007	14.7914
30373	6573	2	0	815.376	50.0007	15.1084
30374	6573	3	0	807.135	58.0821	15.1254
30424	6573	1	0	807.135	58.0821	79.1342
30425	6573	2	0	624.135	1.08206	79.5179
30426	6573	3	0	625.559	11.1857	79.5341
30430	6573	1	0	625.559	11.1857	80.785
30431	6573	3	0	671.559	35.1857	81.1859
30399	6574	1	0	582.405	186.458	27.0006
30400	6574	3	0	716.405	217.458	27.7676
30403	6574	1	0	716.405	217.458	30.7027
30404	6574	3	0	608.405	225.458	31.0689
30411	6574	1	0	608.405	225.458	34.5052
30412	6574	3	0	570.405	280.458	34.805
30415	6574	1	0	570.405	280.458	36.0049
30416	6574	2	0	865.405	324.458	36.638
30417	6574	3	0	846.534	315.132	36.6719
30447	6574	1	0	846.534	315.132	137.588
30448	6574	3	1	303.534	335.132	140.639
30454	6574	1	1	303.534	335.132	144.46
30455	6574	3	0	821.534	315.132	145.41
30464	6574	1	0	821.534	315.132	276.148
30465	6574	3	1	319.534	320.132	276.764
30470	6574	1	1	319.534	320.132	282.118
30471	6574	3	0	720.534	359.132	282.719
30490	6574	1	0	720.534	359.132	522.609
30491	6574	3	1	312.534	337.132	523.143
30494	6574	1	1	312.534	337.132	526.645
30495	6574	3	0	555.534	356.132	527.162
30502	6574	1	0	555.534	356.132	531.449
30503	6574	3	0	519.534	389.132	532.683
30377	6575	1	0	627.263	16.9539	16.8753
30378	6575	3	0	538.263	9.95392	17.1934
30381	6575	1	0	538.263	9.95392	18.3273
30382	6575	3	0	537.263	40.9539	18.7104
30389	6575	1	0	537.263	40.9539	22.3135
30390	6575	3	0	709.263	205.954	23.0644
30397	6575	1	0	709.263	205.954	26.1165
30398	6575	3	0	810.263	209.954	26.5004
30407	6575	1	0	810.263	209.954	33.0873
30408	6575	3	0	725.263	207.954	33.3864
30436	6575	1	0	725.263	207.954	121.81
30437	6575	2	1	105.262	223.954	122.427
30438	6575	3	0	502.097	221.461	122.828
30442	6575	1	0	502.097	221.461	124.528
30443	6575	3	1	158.097	184.461	125.146
30482	6575	1	1	158.097	184.461	305.032
30483	6575	3	1	295.097	194.461	305.483
30405	6576	1	0	576.342	322.819	31.8537
30406	6576	3	0	825.342	239.82	32.8196
30409	6576	1	0	825.342	239.82	33.7044
30410	6576	3	0	829.342	174.82	33.9704
30434	6576	1	0	829.342	174.82	119.409
30435	6576	3	1	280.342	228.82	120.56
30449	6576	1	1	280.342	228.82	141.175
30450	6576	3	1	302.342	145.82	141.441
30480	6576	1	1	302.342	145.82	304.364
30481	6576	3	1	284.342	46.8195	304.632
30383	6577	1	0	545.486	154.732	19.6627
30384	6577	3	0	764.486	155.732	20.1456
30387	6577	1	0	764.486	155.732	21.4136
30388	6577	3	0	661.486	29.7322	22.0124
30391	6577	1	0	661.486	29.7322	23.4976
30392	6577	3	0	606.486	39.7322	23.8974
30393	6577	1	0	606.486	39.7322	24.2473
30394	6577	3	0	679.486	57.7322	24.5315
30427	6577	1	0	679.486	57.7322	79.951
30428	6577	2	0	813.486	35.7322	80.419
30429	6577	3	0	805.616	43.9116	80.4351
30432	6577	1	0	805.616	43.9116	88.3397
30433	6577	3	1	259.616	41.9116	89.1735
30439	6577	1	1	259.616	41.9116	123.444
30440	6577	2	0	828.616	59.9116	124.078
30441	6577	3	0	803.139	80.6946	124.128
30444	6577	1	0	803.139	80.6946	126.015
30445	6577	2	0	813.139	37.6946	126.531
30446	6577	3	0	804.822	46.2571	126.548
30413	6578	1	0	622.292	343.646	35.0381
30414	6578	3	0	599.292	178.646	35.6708
30451	6578	1	0	599.292	178.646	143.125
30452	6578	2	1	175.292	246.646	143.893
30453	6578	3	0	501.32	232.446	144.243
30456	6578	1	0	501.32	232.446	145.994
30457	6578	3	1	321.32	271.446	146.345
30460	6578	1	1	321.32	271.446	272.395
30461	6578	3	0	580.32	272.446	273.146
30472	6578	1	0	580.32	272.446	283.602
30473	6578	3	1	335.32	278.446	284.002
30476	6578	1	1	335.32	278.446	302.079
30477	6578	3	1	319.32	302.446	302.747
30486	6578	1	1	319.32	302.446	517.29
30487	6578	3	1	277.32	304.446	521.041
30488	6578	1	1	277.32	304.446	521.458
30489	6578	3	0	617.32	272.446	521.875
30496	6578	1	0	617.32	272.446	527.563
30497	6578	3	1	290.32	287.446	528.096
30498	6578	1	1	290.32	287.446	529.381
30499	6578	3	1	333.32	290.446	530.331
30500	6578	1	1	333.32	290.446	530.699
30501	6578	3	0	563.32	273.446	531.082
30513	6578	1	0	563.32	273.446	537.369
30514	6578	3	1	309.32	284.446	537.786
30375	6579	1	0	567.195	64.3229	15.8585
30376	6579	3	0	522.195	37.3229	16.5084
30379	6579	1	0	522.195	37.3229	17.5765
30380	6579	3	0	665.195	47.3229	18.0264
30385	6579	1	0	665.195	47.3229	20.4794
30386	6579	3	0	817.195	234.323	21.1785
30395	6579	1	0	817.195	234.323	24.9485
30396	6579	3	0	552.195	42.3229	25.7156
30418	6580	1	0	797.616	333.796	37.1232
30419	6580	3	0	628.616	426.796	37.8061
30492	6580	1	0	628.616	426.796	524.577
30493	6580	3	0	659.616	416.796	526.095
30506	6580	1	0	659.616	416.796	534.335
30507	6580	2	1	350.616	332.796	534.784
30508	6580	3	0	496.225	294.843	534.967
30509	6580	1	0	496.225	294.843	535.752
30510	6580	3	0	673.225	432.843	536.068
30420	6581	1	0	789.707	433.711	38.873
30421	6581	3	0	718.707	312.711	39.7067
30466	6581	1	0	718.707	312.711	277.432
30467	6581	3	1	120.707	324.711	278.131
30468	6581	1	1	120.707	324.711	280.8
30469	6581	3	0	765.707	303.711	281.5
30504	6581	1	0	765.707	303.711	533.117
30505	6581	3	1	242.707	303.711	533.616
30511	6581	1	1	242.707	303.711	536.585
30512	6581	3	0	692.707	349.711	537.036
30401	6582	1	0	632.856	220.808	29.5678
30402	6582	3	0	708.856	398.808	30.0028
30422	6582	1	0	708.856	398.808	41.8749
30423	6582	3	0	625.856	328.808	42.376
30458	6582	1	0	625.856	328.808	160.104
30459	6582	3	1	214.856	344.808	160.788
30462	6582	1	1	214.856	344.808	274.898
30463	6582	3	0	546.856	360.808	275.436
30474	6582	1	0	546.856	360.808	284.403
30475	6582	3	1	197.856	359.808	284.92
30478	6582	1	1	197.856	359.808	303.08
30479	6582	3	1	315.856	391.808	303.597
30484	6582	1	1	315.856	391.808	359.468
30485	6582	3	1	334.856	412.808	359.834
32158	6753	1	0	792.109	238.907	27.6863
32159	6753	3	0	644.109	245.907	28.2022
32168	6753	1	0	644.109	245.907	53.3352
32169	6753	3	1	328.108	254.907	53.9862
32174	6753	1	1	328.108	254.907	67.3449
32175	6753	3	1	284.108	307.907	67.7949
32178	6753	1	1	284.108	307.907	68.9787
32179	6753	3	1	302.108	257.907	69.4124
32223	6753	1	1	302.108	257.907	131.203
32224	6753	3	1	310.108	316.907	131.555
32225	6753	1	1	310.108	316.907	138.293
32226	6753	3	1	323.108	288.907	141.077
32149	6754	1	0	666.785	129.057	23.4984
32150	6754	3	0	533.785	244.057	23.9824
32162	6754	1	0	533.785	244.057	29.6691
32163	6754	3	1	280.785	238.057	30.22
32164	6754	1	1	280.785	238.057	32.2542
32165	6754	3	1	225.785	143.057	32.5211
32172	6754	1	1	225.785	143.057	66.5281
32173	6754	3	1	223.785	201.057	66.8781
32176	6754	1	1	223.785	201.057	68.178
32177	6754	3	1	291.785	162.057	68.5948
32227	6754	1	1	291.785	162.057	141.661
32228	6754	3	1	203.785	219.057	142.028
32304	6754	1	1	203.785	219.057	196.865
32305	6754	3	0	553.785	204.057	197.499
32311	6754	1	0	553.785	204.057	199.951
32312	6754	3	1	202.785	198.057	200.434
32350	6754	1	1	202.785	198.057	518.978
32351	6754	3	1	181.785	257.057	519.729
32153	6755	1	0	730.753	336.405	25.1174
32154	6755	3	0	691.753	92.4048	25.6844
32166	6755	1	0	691.753	92.4048	33.1549
32167	6755	3	0	640.753	61.4048	33.5553
32170	6755	1	0	640.753	61.4048	63.9927
32171	6755	3	1	284.754	33.4048	65.6609
32229	6755	1	1	284.754	33.4048	142.479
32230	6755	3	0	576.753	177.405	142.962
32235	6755	1	0	576.753	177.405	147.781
32236	6755	3	1	282.754	99.4048	148.215
32237	6755	1	1	282.754	99.4048	148.966
32238	6755	3	0	533.753	191.405	149.365
32260	6755	1	0	533.753	191.405	165.111
32261	6755	3	1	275.754	104.405	165.594
32282	6755	1	1	275.754	104.405	174.951
32283	6755	3	0	654.753	207.405	175.402
32288	6755	1	0	654.753	207.405	182.323
32289	6755	3	0	748.753	94.4048	182.607
32306	6755	1	0	748.753	94.4048	197.932
32307	6755	2	1	208.753	140.405	198.45
32308	6755	3	0	497.285	187.72	198.783
32309	6755	1	0	497.285	187.72	199.367
32310	6755	3	0	670.285	157.72	199.666
32342	6755	1	0	670.285	157.72	497.248
32343	6755	3	1	261.285	96.7201	497.847
32346	6755	1	1	261.285	96.7201	500.683
32347	6755	3	0	575.285	158.72	502.149
32378	6755	1	0	575.285	158.72	757.953
32379	6755	3	1	213.285	94.7201	759.422
32387	6755	1	1	213.285	94.7201	765.592
32388	6755	2	0	486.285	163.72	766.009
32389	6755	3	0	495.054	166.287	766.026
32131	6756	1	0	802.589	341.519	14.1103
32132	6756	2	0	831.589	162.519	14.9603
32133	6756	3	0	806.178	168.542	15.0093
32134	6756	1	0	806.178	168.542	15.361
32135	6756	2	0	814.178	56.5423	15.8273
32136	6756	3	0	803.838	65.9325	15.8483
32219	6756	1	0	803.838	65.9325	124.55
32220	6756	3	0	717.838	70.9325	127.452
32231	6756	1	0	717.838	70.9325	143.362
32232	6756	3	1	294.837	46.9325	146.196
32233	6756	1	1	294.837	46.9325	147.298
32234	6756	3	0	637.838	63.9325	147.598
32239	6756	1	0	637.838	63.9325	150.05
32240	6756	3	1	284.837	50.9325	150.5
32258	6756	1	1	284.837	50.9325	163.91
32259	6756	3	0	691.838	82.9325	164.293
32284	6756	1	0	691.838	82.9325	175.684
32285	6756	3	1	321.837	45.9325	177.619
32339	6756	1	1	321.837	45.9325	495.047
32340	6756	2	0	493.837	60.9325	495.646
32341	6756	3	0	501.771	68.2739	495.663
32348	6756	1	0	501.771	68.2739	502.401
32349	6756	3	1	242.771	64.2739	502.885
32352	6756	1	1	242.771	64.2739	660.773
32353	6756	3	1	241.771	76.2739	662.575
32376	6756	1	1	241.771	76.2739	756.786
32377	6756	3	0	566.771	59.2739	757.587
32390	6756	1	0	566.771	59.2739	766.343
32391	6756	3	1	297.771	43.2739	766.659
32185	6757	1	0	751.821	441.642	92.0276
32186	6757	3	1	329.822	360.642	92.6445
32191	6757	1	1	329.822	360.642	95.4466
32192	6757	3	1	327.822	349.642	95.7135
32193	6757	1	1	327.822	349.642	97.0646
32194	6757	3	0	731.821	377.642	97.5305
32199	6757	1	0	731.821	377.642	102.602
32200	6757	3	1	342.822	388.642	103.151
32213	6757	1	1	342.822	388.642	121.3
32214	6757	3	0	652.821	417.642	121.698
32262	6757	1	0	652.821	417.642	166.479
32263	6757	3	1	290.822	412.642	167.079
32276	6757	1	1	290.822	412.642	172.266
32277	6757	3	0	532.821	378.642	172.648
32290	6757	1	0	532.821	378.642	183.09
32291	6757	3	1	321.822	381.642	183.407
32300	6757	1	1	321.822	381.642	188.61
32301	6757	3	0	526.821	426.642	188.994
32302	6757	1	0	526.821	426.642	189.843
32303	6757	3	1	335.822	414.642	190.16
32337	6757	1	1	335.822	414.642	453.135
32338	6757	3	1	335.822	414.642	453.251
32354	6757	1	1	335.822	414.642	737.758
32355	6757	3	0	588.821	411.642	738.425
32368	6757	1	0	588.821	411.642	746.564
32369	6757	3	1	341.822	414.642	747.081
32380	6757	1	1	341.822	414.642	759.956
32381	6757	3	0	605.821	249.643	760.972
32392	6757	1	0	605.821	249.643	767.06
32393	6757	3	1	383.822	364.642	767.628
32137	6758	1	0	716.417	110.158	16.6114
32138	6758	3	0	864.417	391.158	17.2784
32182	6758	1	0	864.417	391.158	88.1412
32183	6758	2	0	879.417	401.158	91.6102
32184	6758	3	0	870.078	393.448	91.6263
32187	6758	1	0	870.078	393.448	93.2616
32188	6758	3	1	334.078	419.448	94.0285
32189	6758	1	1	334.078	419.448	94.6954
32190	6758	3	1	336.078	440.448	95.0794
32195	6758	1	1	336.078	440.448	97.9817
32196	6758	3	0	705.078	470.448	98.3986
32201	6758	1	0	705.078	470.448	104.018
32202	6758	3	1	200.078	397.448	104.535
32215	6758	1	1	200.078	397.448	122.148
32216	6758	3	0	582.078	459.448	122.864
32241	6758	1	0	582.078	459.448	153.886
32242	6758	3	1	355.078	424.448	154.369
32251	6758	1	1	355.078	424.448	161.04
32252	6758	3	0	526.078	454.448	161.342
32270	6758	1	0	526.078	454.448	169.93
32271	6758	3	1	385.078	437.448	170.196
32272	6758	1	1	385.078	437.448	170.814
32273	6758	3	0	510.078	445.448	171.064
32297	6758	1	0	510.078	445.448	185.775
32298	6758	2	1	342.078	436.448	186.158
32299	6758	3	0	500.23	346.988	186.359
32317	6758	1	0	500.23	346.988	373.047
32318	6758	3	0	731.23	304.988	373.547
32331	6758	1	0	731.23	304.988	383.572
32332	6758	3	0	674.23	322.988	384.905
32356	6758	1	0	674.23	322.988	738.792
32357	6758	3	1	326.23	412.988	739.374
32364	6758	1	1	326.23	412.988	744.662
32365	6758	3	0	506.23	353.988	745.163
32370	6758	1	0	506.23	353.988	749.699
32371	6758	3	0	507.23	325.988	749.966
32145	6759	1	0	715.37	388.153	21.4476
32146	6759	3	0	709.37	388.153	21.5485
32147	6759	1	0	709.37	388.153	21.7816
32148	6759	3	0	680.37	442.153	22.2153
32180	6759	1	0	680.37	442.153	84.9382
32181	6759	3	0	602.37	312.153	85.5392
32203	6759	1	0	602.37	312.153	106.104
32204	6759	3	1	139.37	309.153	107.455
32211	6759	1	1	139.37	309.153	120.247
32212	6759	3	0	550.37	397.153	120.947
32243	6759	1	0	550.37	397.153	155.62
32244	6759	3	1	263.371	401.153	156.087
32253	6759	1	1	263.371	401.153	161.809
32254	6759	2	0	468.371	433.153	162.275
32255	6759	3	0	499.735	406.142	162.325
32266	6759	1	0	499.735	406.142	168.462
32267	6759	3	1	370.735	411.142	168.73
32274	6759	1	1	370.735	411.142	171.615
32275	6759	3	0	505.735	418.142	171.898
32292	6759	1	0	505.735	418.142	183.941
32293	6759	2	1	393.735	416.142	184.273
32294	6759	3	0	502.781	352.322	184.423
32295	6759	1	0	502.781	352.322	185.058
32296	6759	3	0	499.781	352.322	185.258
32323	6759	1	0	499.781	352.322	376.883
32324	6759	2	1	272.781	369.322	377.267
32325	6759	3	0	495.823	301.914	377.517
32358	6759	1	0	495.823	301.914	740.159
32359	6759	3	1	214.822	342.914	740.692
32366	6759	1	1	214.822	342.914	745.68
32367	6759	3	0	668.823	350.914	746.246
32151	6760	1	0	694.773	272.563	24.2993
32152	6760	3	0	620.773	294.563	24.7834
32155	6760	1	0	620.773	294.563	26.1503
32156	6760	2	0	892.773	220.563	27.1853
32157	6760	3	0	841.713	221.209	27.269
32160	6760	1	0	841.713	221.209	28.5692
32161	6760	3	0	751.713	241.209	29.2192
32197	6760	1	0	751.713	241.209	98.8325
32198	6760	3	0	733.713	224.209	101.835
32221	6760	1	0	733.713	224.209	127.967
32222	6760	3	0	823.713	262.209	129.836
32286	6760	1	0	823.713	262.209	180.372
32287	6760	3	0	810.713	267.209	181.839
32344	6760	1	0	810.713	267.209	498.565
32345	6760	3	0	704.713	197.209	499.683
32374	6760	1	0	704.713	197.209	755.085
32375	6760	3	0	703.713	196.209	756.269
32382	6760	1	0	703.713	196.209	762.14
32383	6760	2	1	351.713	157.209	762.64
32384	6760	3	0	497.063	187.634	762.84
32385	6760	1	0	497.063	187.634	763.358
32386	6760	3	0	782.063	211.634	764.959
32139	6761	1	0	757.54	55.9141	17.8965
32140	6761	3	0	558.54	424.914	18.5626
32207	6761	1	0	558.54	424.914	109.606
32208	6761	3	1	89.5402	240.914	110.524
32209	6761	1	1	89.5402	240.914	119.213
32210	6761	3	0	590.54	346.914	119.797
32247	6761	1	0	590.54	346.914	158.155
32248	6761	3	1	400.54	359.914	158.806
32249	6761	1	1	400.54	359.914	160.224
32250	6761	3	0	542.54	404.914	160.507
32268	6761	1	0	542.54	404.914	169.013
32269	6761	3	1	401.54	355.914	169.446
32278	6761	1	1	401.54	355.914	173.033
32279	6761	3	0	614.54	305.914	173.366
32319	6761	1	0	614.54	305.914	373.931
32320	6761	3	1	191.54	438.914	374.698
32321	6761	1	1	191.54	438.914	375.632
32322	6761	3	0	647.54	398.914	376.199
32333	6761	1	0	647.54	398.914	386.89
32334	6761	3	1	261.54	405.914	388.825
32335	6761	1	1	261.54	405.914	449.083
32336	6761	3	1	226.54	424.914	449.449
32141	6762	1	0	527.491	257.618	19.0628
32142	6762	3	0	620.491	429.618	19.9136
32143	6762	1	0	620.491	429.618	20.6974
32144	6762	3	0	620.491	429.618	21.0635
32205	6762	1	0	620.491	429.618	108.072
32206	6762	3	1	110.491	379.618	108.689
32217	6762	1	1	110.491	379.618	123.432
32218	6762	3	0	526.491	449.618	123.933
32245	6762	1	0	526.491	449.618	156.837
32246	6762	3	1	148.491	394.618	157.371
32256	6762	1	1	148.491	394.618	163.01
32257	6762	3	0	504.491	343.618	163.476
32264	6762	1	0	504.491	343.618	167.679
32265	6762	3	1	192.491	367.618	168.129
32280	6762	1	1	192.491	367.618	173.95
32281	6762	3	0	628.491	408.618	174.483
32313	6762	1	0	628.491	408.618	368.327
32314	6762	3	1	138.491	404.618	368.961
32315	6762	1	1	138.491	404.618	371.762
32316	6762	3	0	571.491	418.618	372.663
32326	6762	1	0	571.491	418.618	378.334
32327	6762	3	1	169.491	405.618	378.752
32328	6762	1	1	169.491	405.618	381.887
32329	6762	2	0	473.491	400.618	382.454
32330	6762	3	0	494.996	385.039	382.488
32360	6762	1	0	494.996	385.039	741.127
32361	6762	3	1	400.996	397.039	741.994
32362	6762	1	1	400.996	397.039	743.694
32363	6762	3	0	503.996	412.039	744.128
32372	6762	1	0	503.996	412.039	750.199
32373	6762	3	0	529.996	431.039	750.549
35632	7051	1	0	715.556	184.117	5.15192
35633	7051	3	0	634.556	119.117	5.68597
35654	7051	1	0	634.556	119.117	19.0616
35655	7051	3	0	542.556	252.117	19.5115
35674	7051	1	0	542.556	252.117	31.8364
35675	7051	3	0	741.556	295.117	32.4526
35693	7051	1	0	741.556	295.117	71.0814
35694	7051	3	0	733.556	291.117	74.9666
35695	7051	1	0	733.556	291.117	75.9836
35696	7051	3	1	284.556	365.117	76.6346
35699	7051	1	1	284.556	365.117	85.342
35700	7051	3	0	737.556	304.117	86.375
35705	7051	1	0	737.556	304.117	90.944
35706	7051	3	1	309.556	276.117	91.9288
35780	7051	1	1	309.556	276.117	504.707
35781	7051	3	1	327.556	310.117	505.207
35660	7052	1	0	616.411	293.125	23.0648
35661	7052	3	0	845.411	283.125	23.8819
35762	7052	1	0	845.411	283.125	429.157
35763	7052	3	0	784.411	327.125	431.909
35658	7053	1	0	610.532	227.051	21.7136
35659	7053	3	0	753.532	363.051	22.4127
35666	7053	1	0	753.532	363.051	27.0009
35667	7053	3	0	728.532	402.051	28.4845
35676	7053	1	0	728.532	402.051	32.7706
35677	7053	3	0	640.532	305.051	33.0374
35668	7054	1	0	688.139	444.624	28.9846
35669	7054	3	0	667.139	408.624	29.3854
35678	7054	1	0	667.139	408.624	33.2714
35679	7054	3	0	578.139	317.624	33.5875
35687	7054	1	0	578.139	317.624	36.2556
35688	7054	3	0	563.139	278.624	36.5066
35697	7054	1	0	563.139	278.624	78.0356
35698	7054	3	0	558.139	305.624	79.8369
35672	7055	1	0	568.289	462.381	30.6693
35673	7055	3	0	513.289	471.381	31.2864
35684	7055	1	0	513.289	471.381	35.2216
35685	7055	2	0	490.289	386.381	35.4894
35686	7055	3	0	499.891	379.417	35.5057
35703	7055	1	0	499.891	379.417	87.676
35704	7055	3	1	239.891	393.417	88.7602
35662	7056	1	0	812.244	333.833	24.5828
35663	7056	3	0	533.244	411.833	25.1816
35682	7056	1	0	533.244	411.833	34.4716
35683	7056	3	0	561.244	415.833	34.7545
35701	7056	1	0	561.244	415.833	86.925
35702	7056	3	1	322.244	425.833	87.2431
35760	7056	1	1	322.244	425.833	428.122
35761	7056	3	0	542.244	434.833	428.59
35764	7056	1	0	542.244	434.833	432.525
35765	7056	2	1	412.244	409.833	433.142
35766	7056	3	1	401.728	400.879	433.159
35630	7057	1	0	585.946	21.404	3.06793
35631	7057	3	0	790.946	62.404	4.06909
35634	7057	1	0	790.946	62.404	5.98602
35635	7057	3	0	786.946	150.404	6.33685
35639	7057	1	0	786.946	150.404	8.87183
35640	7057	3	0	640.946	167.404	9.20502
35643	7057	1	0	640.946	167.404	11.2893
35644	7057	3	0	502.946	51.404	12.2734
35648	7057	1	0	502.946	51.404	13.5583
35649	7057	3	0	722.946	152.404	14.0092
35689	7057	1	0	722.946	152.404	42.5781
35690	7057	3	1	222.946	206.404	43.2613
35711	7057	1	1	222.946	206.404	109.521
35712	7057	3	1	223.946	167.404	109.738
35745	7057	1	1	223.946	167.404	195.911
35746	7057	3	0	529.946	161.404	196.595
35752	7057	1	0	529.946	161.404	205.551
35753	7057	3	1	202.946	140.404	206.118
35754	7057	1	1	202.946	140.404	232.82
35755	7057	3	1	220.946	83.404	233.12
35773	7057	1	1	220.946	83.404	457.325
35774	7057	3	1	226.946	171.404	457.625
35778	7057	1	1	226.946	171.404	458.474
35779	7057	3	1	230.946	141.404	458.725
35641	7058	1	0	543.199	384.051	9.82202
35642	7058	3	0	627.199	29.051	10.8572
35645	7058	1	0	627.199	29.051	12.6744
35646	7058	2	0	832.199	158.051	13.0243
35647	7058	3	0	822.929	161.176	13.0423
35691	7058	1	0	822.929	161.176	43.7283
35692	7058	3	1	344.929	137.176	45.8303
35709	7058	1	1	344.929	137.176	108.871
35710	7058	3	1	349.929	179.176	109.221
35723	7058	1	1	349.929	179.176	161.689
35724	7058	3	1	352.929	168.176	162.605
35756	7058	1	1	352.929	168.176	233.437
35757	7058	3	1	346.929	90.1756	233.704
35775	7058	1	1	346.929	90.1756	457.907
35776	7058	2	1	364.929	176.176	458.159
35777	7058	3	1	348.474	179.904	458.191
35636	7059	1	0	620.324	348.154	7.18799
35637	7059	2	0	771.324	-5.84573	8.12097
35638	7059	3	0	759.245	15.2171	8.15503
35715	7059	1	0	759.245	15.2171	115.141
35716	7059	3	0	788.245	33.2171	116.527
35747	7059	1	0	788.245	33.2171	196.979
35748	7059	2	1	262.245	27.2171	198.647
35749	7059	3	0	496.02	134.698	198.947
35750	7059	1	0	496.02	134.698	199.547
35751	7059	3	0	756.02	114.698	200.414
35769	7059	1	0	756.02	114.698	449.035
35770	7059	3	0	692.02	149.698	455.123
35656	7060	1	0	687.741	286.472	20.1628
35657	7060	3	0	608.741	148.472	21.0793
35720	7060	1	0	608.741	148.472	158.138
35721	7060	2	1	23.741	156.472	159.205
35722	7060	3	0	501.3	201.065	159.655
35727	7060	1	0	501.3	201.065	165.025
35728	7060	3	1	324.3	39.0647	166.226
35729	7060	1	1	324.3	39.0647	174.398
35730	7060	3	0	550.3	183.065	174.898
35739	7060	1	0	550.3	183.065	180.202
35740	7060	3	1	254.3	26.0647	181.369
35741	7060	1	1	254.3	26.0647	183.637
35742	7060	3	1	275.3	40.0647	184.055
35743	7060	1	1	275.3	40.0647	186.206
35744	7060	3	1	93.3003	169.065	187.656
35758	7060	1	1	93.3003	169.065	237.757
35759	7060	3	1	72.3003	70.0647	238.207
35767	7060	1	1	72.3003	70.0647	446.233
35768	7060	3	0	543.3	181.065	448.535
35771	7060	1	0	543.3	181.065	455.59
35772	7060	3	1	97.3003	164.065	457.008
35650	7061	1	0	778.6	404.439	14.5593
35651	7061	3	0	520.6	32.4392	16.9108
35652	7061	1	0	520.6	32.4392	17.6766
35653	7061	3	0	558.6	29.4391	18.6117
35707	7061	1	0	558.6	29.4391	94.9471
35708	7061	3	1	228.6	33.4392	95.5472
35713	7061	1	1	228.6	33.4392	114.258
35714	7061	3	0	541.6	43.4392	114.759
35717	7061	1	0	541.6	43.4392	117.211
35718	7061	2	1	338.6	31.4391	117.628
35719	7061	3	1	331.133	39.8189	117.644
35725	7061	1	1	331.133	39.8189	164.341
35726	7061	3	0	523.133	49.8189	164.658
35731	7061	1	0	523.133	49.8189	175.182
35732	7061	3	1	280.133	21.8189	175.598
35733	7061	1	1	280.133	21.8189	177.334
35734	7061	3	1	292.133	21.8189	178.367
35735	7061	1	1	292.133	21.8189	178.835
35736	7061	3	0	552.133	72.8189	179.235
35737	7061	1	0	552.133	72.8189	179.619
35738	7061	3	0	583.133	24.8189	179.852
35782	7061	1	0	583.133	24.8189	507.243
35783	7061	3	0	497.133	26.8189	509.079
35664	7062	1	0	693.785	284.175	26.1496
35665	7062	3	0	813.785	398.175	26.6668
35670	7062	1	0	813.785	398.175	29.7855
35671	7062	3	0	594.785	403.175	30.3183
35680	7062	1	0	594.785	403.175	33.9204
35681	7062	3	0	623.785	414.175	34.1545
38802	7443	1	0	618.118	136.443	8.63916
38803	7443	3	0	828.118	263.443	9.3222
38868	7443	1	0	828.118	263.443	137.441
38869	7443	3	1	327.118	190.443	138.942
38870	7443	1	1	327.118	190.443	139.459
38871	7443	2	0	850.118	248.443	140.158
38872	7443	3	0	839.318	246.966	140.178
38909	7443	1	0	839.318	246.966	199.764
38910	7443	3	1	364.318	207.966	204.802
38979	7443	1	1	364.318	207.966	344.061
38980	7443	3	1	70.3183	104.966	344.529
38826	7444	1	0	591.253	435.758	22.9815
38827	7444	3	0	519.253	365.758	23.2327
38830	7444	1	0	519.253	365.758	24.7837
38831	7444	3	0	500.253	370.758	25.0507
38886	7444	1	0	500.253	370.758	175.45
38887	7444	3	1	225.253	366.758	177.4
38888	7444	1	1	225.253	366.758	179.052
38889	7444	3	1	232.253	372.758	179.725
38890	7444	1	1	232.253	372.758	184.989
38891	7444	3	1	232.253	381.758	185.355
38898	7444	1	1	232.253	381.758	189.542
38899	7444	3	1	92.2534	370.758	189.908
38900	7444	1	1	92.2534	370.758	190.375
38901	7444	3	1	121.253	382.758	190.759
38906	7444	1	1	121.253	382.758	198.664
38907	7444	2	0	486.253	362.758	199.164
38908	7444	3	0	497.131	356.42	199.182
38913	7444	1	0	497.131	356.42	207.004
38914	7444	3	1	184.131	362.42	207.487
38959	7444	1	1	184.131	362.42	298.698
38960	7444	3	0	516.131	234.42	299.265
38969	7444	1	0	516.131	234.42	308.84
38970	7444	3	1	123.131	103.42	310.206
38977	7444	1	1	123.131	103.42	343.445
38978	7444	3	1	297.131	258.42	343.728
38981	7444	1	1	297.131	258.42	345.729
38982	7444	3	1	250.131	369.42	346.03
38991	7444	1	1	250.131	369.42	350.618
38992	7444	3	1	282.131	389.42	350.934
38993	7444	1	1	282.131	389.42	414.31
38994	7444	3	0	613.131	354.42	415.128
38997	7444	1	0	613.131	354.42	417.496
38998	7444	3	0	638.131	369.42	418.446
38806	7445	1	0	867.151	107.723	11.5753
38807	7445	3	0	612.151	354.723	12.7423
38824	7445	1	0	612.151	354.723	21.7477
38825	7445	3	0	612.151	371.723	22.7167
38834	7445	1	0	612.151	371.723	25.9335
38835	7445	3	0	656.151	352.723	26.2677
38836	7445	1	0	656.151	352.723	26.6517
38837	7445	3	0	640.151	356.723	27.0517
38858	7445	1	0	640.151	356.723	118.396
38859	7445	3	1	95.1514	357.723	119.145
38894	7445	1	1	95.1514	357.723	187.573
38895	7445	3	1	230.151	326.723	188.208
38902	7445	1	1	230.151	326.723	191.175
38903	7445	3	1	216.151	365.723	191.643
38904	7445	1	1	216.151	365.723	195.596
38905	7445	3	0	566.151	393.723	198.08
38917	7445	1	0	566.151	393.723	208.855
38918	7445	3	0	579.151	402.723	209.155
38953	7445	1	0	579.151	402.723	277.218
38954	7445	3	0	669.151	398.723	277.701
38955	7445	1	0	669.151	398.723	287.157
38956	7445	3	0	666.151	399.723	288.71
38963	7445	1	0	666.151	399.723	300.833
38964	7445	3	0	722.151	378.723	302.751
39009	7445	1	0	722.151	378.723	607.911
39010	7445	3	0	546.151	188.723	612.998
38796	7446	1	0	768.086	379.054	3.78528
38797	7446	3	0	787.086	36.054	4.77039
38846	7446	1	0	787.086	36.054	29.9868
38847	7446	3	0	794.086	92.054	30.271
38860	7446	1	0	794.086	92.054	129.401
38861	7446	3	1	295.086	37.054	133.071
38892	7446	1	1	295.086	37.054	186.239
38893	7446	3	1	312.086	49.054	186.623
38933	7446	1	1	312.086	49.054	265.542
38934	7446	3	0	759.086	85.054	266.792
38946	7446	1	0	759.086	85.054	272.047
38947	7446	2	1	336.086	47.054	272.515
38948	7446	3	1	328.551	54.6614	272.531
39001	7446	1	1	328.551	54.6614	556.075
39002	7446	3	0	522.55	107.661	559.327
39003	7446	1	0	522.55	107.661	567.082
39004	7446	2	1	342.551	48.6614	568.367
39005	7446	3	1	326.769	63.8083	568.4
38800	7447	1	0	693.262	212.551	7.30414
38801	7447	3	0	534.262	25.551	7.80621
38842	7447	1	0	534.262	25.551	28.8035
38843	7447	3	0	533.262	72.551	29.0858
38848	7447	1	0	533.262	72.551	30.7718
38849	7447	3	0	533.262	123.551	31.0889
38852	7447	1	0	533.262	123.551	82.3209
38853	7447	3	1	237.262	182.551	82.754
38875	7447	1	1	237.262	182.551	156.169
38876	7447	3	1	236.262	219.551	156.536
38923	7447	1	1	236.262	219.551	220.947
38924	7447	3	1	193.262	61.551	221.748
38957	7447	1	1	193.262	61.551	297.514
38958	7447	3	0	545.262	99.551	298.115
38967	7447	1	0	545.262	99.551	304.286
38968	7447	3	1	183.262	61.551	305.019
38794	7448	1	0	804.241	178.238	2.23499
38795	7448	3	0	674.241	290.238	3.31927
38798	7448	1	0	674.241	290.238	5.42017
38799	7448	3	0	693.241	43.238	6.17004
38840	7448	1	0	693.241	43.238	28.0028
38841	7448	3	0	663.241	37.238	28.2868
38844	7448	1	0	663.241	37.238	29.3878
38845	7448	3	0	659.241	97.238	29.6869
38921	7448	1	0	659.241	97.238	219.664
38922	7448	3	0	624.241	76.238	220.43
38925	7448	1	0	624.241	76.238	223.915
38926	7448	3	0	555.241	105.238	230.303
38931	7448	1	0	555.241	105.238	257.688
38932	7448	3	0	594.241	137.238	258.286
38937	7448	1	0	594.241	137.238	268.21
38938	7448	2	1	372.241	82.238	268.612
38939	7448	3	1	346.474	100.752	268.66
38944	7448	1	1	346.474	100.752	271.096
38945	7448	3	0	572.474	112.752	271.48
38951	7448	1	0	572.474	112.752	276.367
38952	7448	3	0	792.474	344.752	276.784
38961	7448	1	0	792.474	344.752	299.748
38962	7448	3	1	51.4744	74.7518	300.199
38965	7448	1	1	51.4744	74.7518	303.335
38966	7448	3	0	766.474	235.752	303.819
38804	7449	1	0	857.058	136.076	10.1562
38805	7449	3	0	701.058	354.076	10.7234
38820	7449	1	0	701.058	354.076	20.2637
38821	7449	3	0	811.058	358.076	20.6138
38854	7449	1	0	811.058	358.076	104.003
38855	7449	3	1	254.058	287.076	105.287
38862	7449	1	1	254.058	287.076	133.738
38863	7449	3	1	347.058	418.076	134.405
38866	7449	1	1	347.058	418.076	136.257
38867	7449	3	1	306.058	346.076	136.622
38882	7449	1	1	306.058	346.076	173.698
38883	7449	3	1	362.058	365.076	173.965
38989	7449	1	1	362.058	365.076	349.399
38990	7449	3	1	167.058	244.076	350.15
38808	7450	1	0	770.795	409.626	13.4094
38809	7450	3	0	751.795	278.626	13.9593
38810	7450	1	0	751.795	278.626	14.5934
38811	7450	3	0	603.795	276.626	15.1435
38816	7450	1	0	603.795	276.626	18.8469
38817	7450	3	0	628.795	262.626	19.1469
38873	7450	1	0	628.795	262.626	153.585
38874	7450	3	1	117.795	218.626	154.301
38927	7450	1	1	117.795	218.626	235.223
38928	7450	3	1	235.795	229.626	237.607
38971	7450	1	1	235.795	229.626	312.29
38972	7450	3	1	239.795	198.626	314.358
38973	7450	1	1	239.795	198.626	340.008
38974	7450	3	1	150.795	299.626	340.393
38983	7450	1	1	150.795	299.626	346.581
38984	7450	3	1	354.795	215.626	347.098
39006	7450	1	1	354.795	215.626	571.869
39007	7450	2	1	408.795	206.626	573.32
39008	7450	3	1	379.995	210.431	573.37
38828	7451	1	0	648.668	208.61	23.8498
38829	7451	3	0	559.668	354.61	24.4667
38832	7451	1	0	559.668	354.61	25.3666
38833	7451	3	0	556.668	378.61	25.635
38880	7451	1	0	556.668	378.61	171.229
38881	7451	3	1	176.668	375.61	172.58
38896	7451	1	1	176.668	375.61	188.757
38897	7451	3	1	58.668	374.61	189.192
38911	7451	1	1	58.668	374.61	205.852
38912	7451	3	0	560.668	369.61	206.453
38915	7451	1	0	560.668	369.61	208.104
38916	7451	3	0	508.668	384.61	208.621
38995	7451	1	0	508.668	384.61	415.696
38996	7451	3	0	504.668	388.61	417.146
38999	7451	1	0	504.668	388.61	418.814
39000	7451	3	1	362.668	367.61	419.114
38818	7452	1	0	827.353	378.816	19.6639
38819	7452	3	0	699.353	413.816	19.9966
38822	7452	1	0	699.353	413.816	20.9147
38823	7452	3	0	711.353	352.816	21.1647
38838	7452	1	0	711.353	352.816	27.3348
38839	7452	3	0	716.353	352.816	27.5019
38856	7452	1	0	716.353	352.816	112.241
38857	7452	3	1	341.353	327.816	113.209
38864	7452	1	1	341.353	327.816	134.704
38865	7452	3	1	213.353	352.816	135.889
38884	7452	1	1	213.353	352.816	174.399
38885	7452	3	1	286.353	354.816	174.765
38935	7452	1	1	286.353	354.816	267.293
38936	7452	3	0	815.353	317.816	267.81
38949	7452	1	0	815.353	317.816	273.081
38950	7452	3	1	271.353	321.816	274.098
38987	7452	1	1	271.353	321.816	348.433
38988	7452	3	1	91.3526	260.816	348.933
38814	7453	1	0	844.357	405.34	16.7115
38815	7453	3	0	511.357	269.34	18.58
38877	7453	1	0	511.357	269.34	160.689
38878	7453	2	1	23.3568	248.34	161.341
38879	7453	3	1	32.7429	247.602	161.358
38975	7453	1	1	32.7429	247.602	341.059
38976	7453	3	1	46.7429	245.602	341.96
38985	7453	1	1	46.7429	245.602	347.499
38986	7453	3	1	243.743	235.602	348.032
38812	7454	1	0	540.44	368.026	15.4605
38813	7454	3	0	748.44	265.026	16.1105
38850	7454	1	0	748.44	265.026	63.6746
38851	7454	3	0	721.44	252.026	65.8607
38919	7454	1	0	721.44	252.026	213.309
38920	7454	3	0	570.44	236.026	214.176
38929	7454	1	0	570.44	236.026	256.187
38930	7454	3	0	629.44	267.026	257.305
38940	7454	1	0	629.44	267.026	269.11
38941	7454	3	1	235.44	314.026	269.845
38942	7454	1	1	235.44	314.026	270.145
38943	7454	3	0	509.44	296.026	270.545
40535	7587	1	0	512.881	475.318	47.4492
40536	7587	3	1	231.882	374.318	47.7665
40551	7587	1	1	231.882	374.318	66.2296
40552	7587	3	0	515.881	446.318	66.7615
40580	7587	1	0	515.881	446.318	95.4801
40581	7587	3	0	591.881	436.318	96.4479
40589	7587	1	0	591.881	436.318	102.603
40590	7587	3	1	256.882	408.318	104.037
40595	7587	1	1	256.882	408.318	106.305
40596	7587	3	1	256.882	324.318	106.571
40597	7587	1	1	256.882	324.318	107.106
40598	7587	3	1	260.882	273.318	107.323
40485	7588	1	0	642.644	256.985	6.72174
40486	7588	2	0	830.644	6.98511	7.22162
40487	7588	3	0	804.408	35.8383	7.27258
40506	7588	1	0	804.408	35.8383	17.346
40507	7588	2	0	810.408	1.83829	17.6626
40508	7588	3	0	802.709	11.6214	17.6786
40477	7589	1	0	588.221	62.4417	3.36932
40478	7589	3	0	654.221	43.4417	3.88696
40481	7589	1	0	654.221	43.4417	4.98651
40482	7589	3	0	780.221	19.4417	5.35364
40483	7589	1	0	780.221	19.4417	6.10474
40484	7589	3	0	627.221	130.442	6.40479
40488	7589	1	0	627.221	130.442	7.57257
40489	7589	3	0	659.221	41.4417	8.02264
40523	7589	1	0	659.221	41.4417	37.4431
40524	7589	3	0	581.221	82.4417	38.9272
40529	7589	1	0	581.221	82.4417	42.2462
40530	7589	3	0	597.221	56.4417	42.4791
40555	7589	1	0	597.221	56.4417	68.9135
40556	7589	3	0	624.221	65.4417	70.3144
40490	7590	1	0	859.106	175.475	8.53955
40491	7590	3	0	783.106	370.475	9.00574
40504	7590	1	0	783.106	370.475	14.8936
40505	7590	3	0	593.106	346.475	15.2281
40537	7590	1	0	593.106	346.475	48.6006
40538	7590	3	1	275.106	314.475	50.0016
40543	7590	1	1	275.106	314.475	57.0718
40544	7590	3	0	511.106	431.475	57.4547
40549	7590	1	0	511.106	431.475	61.2986
40550	7590	3	0	508.106	347.475	61.8917
40582	7590	1	0	508.106	347.475	96.7989
40583	7590	3	0	563.106	342.475	98.4324
40587	7590	1	0	563.106	342.475	101.584
40588	7590	3	1	289.106	346.475	102.019
40591	7590	1	1	289.106	346.475	105.138
40592	7590	3	1	232.106	331.475	105.404
40593	7590	1	1	232.106	331.475	105.755
40594	7590	3	1	177.106	381.475	106.038
40511	7591	1	0	654.916	462.932	19.5136
40512	7591	3	0	788.916	369.932	20.2805
40517	7591	1	0	788.916	369.932	27.6845
40518	7591	3	1	217.915	248.932	28.3016
40561	7591	1	1	217.915	248.932	72.1664
40562	7591	3	1	375.915	352.932	72.5494
40563	7591	1	1	375.915	352.932	73.8003
40564	7591	3	1	345.915	303.932	74.0671
40479	7592	1	0	796.754	16.7708	4.2536
40480	7592	3	0	538.754	70.7708	4.75354
40492	7592	1	0	538.754	70.7708	10.107
40493	7592	3	0	827.754	155.771	10.4752
40496	7592	1	0	827.754	155.771	11.3758
40497	7592	3	0	822.754	229.771	11.5917
40521	7592	1	0	822.754	229.771	34.5903
40522	7592	3	0	804.754	203.771	35.7915
40527	7592	1	0	804.754	203.771	40.944
40528	7592	3	0	623.754	223.771	41.9461
40531	7592	1	0	623.754	223.771	42.8292
40532	7592	3	1	361.754	76.7708	43.2792
40557	7592	1	1	361.754	76.7708	70.9982
40558	7592	3	1	338.754	56.7708	71.2165
40570	7592	1	1	338.754	56.7708	82.9062
40571	7592	3	0	499.754	97.7708	83.3223
40576	7592	1	0	499.754	97.7708	90.7277
40577	7592	3	1	334.754	76.7708	92.7959
40500	7593	1	0	646.667	257.555	12.2757
40501	7593	3	0	657.667	321.555	12.9086
40502	7593	1	0	657.667	321.555	13.6757
40503	7593	3	0	800.667	452.555	14.0256
40533	7593	1	0	800.667	452.555	45.6145
40534	7593	3	1	394.667	314.555	46.9813
40545	7593	1	1	394.667	314.555	57.8725
40546	7593	3	0	592.667	391.555	58.2715
40578	7593	1	0	592.667	391.555	93.4619
40579	7593	3	1	252.667	351.555	94.831
40584	7593	1	1	252.667	351.555	100.168
40585	7593	2	0	470.667	399.555	101.184
40586	7593	3	0	501.388	377.009	101.234
40509	7594	1	0	804.886	95.9243	18.1794
40510	7594	3	0	700.886	369.924	19.1456
40513	7594	1	0	700.886	369.924	21.5815
40514	7594	3	1	336.886	364.924	22.4324
40539	7594	1	1	336.886	364.924	54.8541
40540	7594	3	0	511.886	455.924	55.1379
40541	7594	1	0	511.886	455.924	55.954
40542	7594	3	1	344.886	409.924	56.2889
40494	7595	1	0	836.796	249.352	10.7579
40495	7595	3	0	704.796	200.352	11.075
40498	7595	1	0	704.796	200.352	11.8577
40499	7595	3	0	704.796	194.352	11.9758
40519	7595	1	0	704.796	194.352	28.8025
40520	7595	3	1	351.796	111.353	31.0378
40525	7595	1	1	351.796	111.353	39.3613
40526	7595	3	0	767.796	257.353	40.3951
40547	7595	1	0	767.796	257.353	58.7896
40548	7595	3	0	603.796	223.352	59.9896
40553	7595	1	0	603.796	223.352	67.2795
40554	7595	3	0	612.796	246.352	68.5806
40567	7595	1	0	612.796	246.352	77.6025
40568	7595	2	1	220.796	214.352	78.4543
40569	7595	3	0	499.989	220.946	78.7706
40572	7595	1	0	499.989	220.946	83.6904
40573	7595	3	1	203.989	127.946	85.1584
40515	7596	1	0	591.068	196.758	26.6847
40516	7596	3	1	315.068	203.758	27.0685
40559	7596	1	1	315.068	203.758	71.4493
40560	7596	3	1	340.068	217.758	71.7153
40565	7596	1	1	340.068	217.758	75.6511
40566	7596	3	1	340.068	182.758	75.9351
40574	7596	1	1	340.068	182.758	90.0276
40575	7596	3	0	594.068	238.758	90.3776
