29187	6418	1	0	570.115	419.722	97.9222
29188	6418	3	1	287.115	385.722	98.6534
29227	6418	1	1	287.115	385.722	218.907
29228	6418	3	0	778.115	261.722	219.807
29169	6419	1	0	647.508	364.418	7.32117
29170	6419	3	0	708.508	380.418	7.7879
29183	6419	1	0	708.508	380.418	87.6645
29184	6419	3	1	35.5079	384.418	89.0654
29189	6420	1	0	517.893	306.887	100.021
29190	6420	2	1	191.893	267.887	100.387
29191	6420	3	0	494.813	236.139	100.721
29224	6420	1	0	494.813	236.139	217.622
29225	6420	2	1	186.813	216.139	217.989
29226	6420	3	0	500.902	217.699	218.339
29229	6420	1	0	500.902	217.699	220.34
29230	6420	3	1	271.902	242.699	220.64
29167	6422	1	0	641.627	340.607	6.7207
29168	6422	3	0	747.627	242.607	7.02075
29175	6422	1	0	747.627	242.607	12.3568
29176	6422	3	0	779.627	319.607	12.6237
29185	6422	1	0	779.627	319.607	93.7676
29186	6422	3	1	147.627	387.607	94.618
29173	6423	1	0	587.094	161.624	11.3896
29174	6423	3	0	618.094	272.624	11.7398
29177	6424	1	0	762.316	86.7363	13.0073
29178	6424	3	0	753.316	255.736	13.3575
29196	6424	1	0	753.316	255.736	109.043
29197	6424	3	1	273.316	255.736	109.676
29198	6424	1	1	273.316	255.736	110.944
29199	6424	3	0	809.316	254.736	116.013
29200	6424	1	0	809.316	254.736	116.696
29201	6424	3	0	793.316	254.736	117.647
29202	6424	1	0	793.316	254.736	120.116
29203	6424	3	1	270.316	264.736	120.733
29204	6424	1	1	270.316	264.736	199.629
29205	6424	3	0	586.316	472.736	200.78
29210	6424	1	0	586.316	472.736	204.481
29211	6424	3	0	507.316	432.736	205.916
29218	6424	1	0	507.316	432.736	214.687
29219	6424	3	1	253.316	204.736	214.97
29220	6424	1	1	253.316	204.736	215.554
29221	6424	3	0	518.316	404.736	216.137
29171	6425	1	0	829.111	346.04	10.456
29172	6425	3	0	817.111	435.04	10.8226
29208	6425	1	0	817.111	435.04	202.531
29209	6425	3	1	113.111	230.04	203.364
29212	6425	1	1	113.111	230.04	207.534
29213	6425	3	1	296.111	293.04	210.819
29214	6425	1	1	296.111	293.04	212.136
29215	6425	3	0	817.111	399.04	213.653
29231	6425	1	0	817.111	399.04	222.174
29232	6425	2	1	352.111	391.04	222.691
29233	6425	3	0	502.638	319.326	222.891
29236	6425	1	0	502.638	319.326	226.56
29237	6425	3	0	609.638	387.326	226.944
29179	6426	1	0	851.728	60.2374	13.8245
29180	6426	3	0	819.728	200.237	14.2081
29181	6426	1	0	819.728	200.237	14.4247
29182	6426	3	0	825.728	258.237	14.7417
29192	6426	1	0	825.728	258.237	106.074
29193	6426	3	1	87.7283	217.237	106.741
29194	6426	1	1	87.7283	217.237	107.242
29195	6426	3	1	81.7283	274.237	107.942
29206	6426	1	1	81.7283	274.237	201.497
29207	6426	3	0	624.728	397.237	202.097
29216	6426	1	0	624.728	397.237	214.053
29217	6426	3	1	242.728	253.237	214.337
29222	6426	1	1	242.728	253.237	216.688
29223	6426	3	0	597.728	408.237	217.255
29234	6426	1	0	597.728	408.237	223.508
29235	6426	3	1	357.728	391.237	223.842
31562	6673	1	0	655.91	238.135	4.66931
31563	6673	3	0	648.91	377.135	5.25305
31578	6673	1	0	648.91	377.135	74.9918
31579	6673	3	1	80.9103	377.135	76.576
31599	6673	1	1	80.9103	377.135	528.881
31600	6673	3	0	785.91	223.135	529.298
31622	6673	1	0	785.91	223.135	539.405
31623	6673	3	1	337.91	145.135	539.722
31624	6673	1	1	337.91	145.135	541.406
31625	6673	3	1	297.91	137.135	541.873
31626	6673	1	1	297.91	137.135	542.274
31627	6673	3	1	267.91	73.1351	547.327
31566	6674	1	0	567.619	103.257	5.96985
31567	6674	3	0	551.619	251.257	6.2865
31580	6674	1	0	551.619	251.257	77.5933
31581	6674	3	1	210.619	379.257	78.2437
31617	6674	1	1	210.619	379.257	537.154
31618	6674	3	0	630.619	387.257	537.571
31632	6674	1	0	630.619	387.257	550.58
31633	6674	3	1	173.619	336.257	550.896
31662	6674	1	1	173.619	336.257	572.712
31664	6674	3	0	754.619	379.257	573.112
31556	6675	1	0	630.504	396.401	3.00201
31557	6675	3	0	809.504	396.401	3.25226
31582	6675	1	0	809.504	396.401	80.3617
31583	6675	3	1	238.504	248.4	81.2789
31560	6676	1	0	637.203	265.679	4.08563
31561	6676	3	0	784.203	269.679	4.36908
31564	6676	1	0	784.203	269.679	5.41986
31565	6676	3	0	792.203	247.679	5.61981
31596	6676	1	0	792.203	247.679	527.013
31597	6676	2	1	277.203	384.679	528.081
31598	6676	3	0	494.71	280.188	528.364
31601	6676	1	0	494.71	280.188	529.698
31602	6676	2	1	9.71033	297.188	530.199
31604	6676	3	0	497.956	227.312	530.666
31614	6676	1	0	497.956	227.312	534.902
31615	6676	2	1	34.9562	127.312	536.236
31616	6676	3	0	496.263	185.975	536.687
31619	6676	1	0	496.263	185.975	537.987
31620	6676	2	1	-16.7372	283.975	538.471
31621	6676	3	1	27.592	266.22	538.554
31628	6676	1	1	27.592	266.22	547.677
31629	6676	3	0	769.592	277.22	549.362
31660	6676	1	0	769.592	277.22	571.795
31661	6676	2	1	141.592	132.22	572.378
31663	6676	3	0	501.764	184.151	572.779
31665	6676	1	0	501.764	184.151	573.429
31666	6676	2	1	-43.2358	173.151	573.796
31667	6676	3	1	31.6453	184.059	573.93
31572	6677	1	0	643.267	44.9305	7.87103
31573	6677	3	0	530.267	165.93	8.23792
31584	6677	1	0	530.267	165.93	84.4304
31585	6677	3	1	86.2666	216.93	85.331
31603	6677	1	1	86.2666	216.93	530.616
31605	6677	3	0	510.267	164.93	531.033
31634	6677	1	0	510.267	164.93	551.313
31635	6677	3	1	215.267	181.93	551.58
31648	6677	1	1	215.267	181.93	559.302
31649	6677	3	1	247.267	169.93	559.586
31654	6677	1	1	247.267	169.93	567.692
31655	6677	3	0	638.267	105.93	567.975
31570	6678	1	0	671.56	61.1459	7.30389
31571	6678	3	0	678.56	165.146	7.53735
31586	6678	1	0	678.56	165.146	89.0165
31587	6678	3	1	309.56	161.146	89.7167
31606	6678	1	1	309.56	161.146	531.9
31607	6678	3	0	595.56	125.146	532.183
31636	6678	1	0	595.56	125.146	552.164
31637	6678	3	1	204.56	106.146	552.464
31656	6678	1	1	204.56	106.146	568.876
31657	6678	3	0	838.56	138.146	569.193
31558	6679	1	0	585.489	410.348	3.60217
31559	6679	3	0	584.489	453.348	3.86908
31592	6679	1	0	584.489	453.348	94.2031
31593	6679	3	1	140.489	62.348	95.5372
31612	6679	1	1	140.489	62.348	534.201
31613	6679	3	0	829.489	124.348	534.568
31642	6679	1	0	829.489	124.348	555.266
31643	6679	3	1	165.489	183.348	555.6
31644	6679	1	1	165.489	183.348	557.568
31645	6679	3	1	100.489	184.348	557.818
31658	6679	1	1	100.489	184.348	569.776
31659	6679	3	0	693.489	272.348	570.277
31594	6680	1	0	504.101	332.019	226.284
31595	6680	3	0	512.101	358.019	226.785
31630	6680	1	0	512.101	358.019	549.879
31631	6680	3	0	564.101	295.019	550.446
31668	6680	1	0	564.101	295.019	576.015
31669	6680	3	0	524.101	341.019	576.815
31574	6681	1	0	701.641	23.7139	8.60474
31575	6681	3	0	773.641	181.714	9.0719
31588	6681	1	0	773.641	181.714	90.834
31589	6681	3	1	190.641	141.714	91.6846
31610	6681	1	1	190.641	141.714	533.368
31611	6681	3	0	678.641	205.714	533.701
31640	6681	1	0	678.641	205.714	554.049
31641	6681	3	1	241.641	198.714	554.416
31646	6681	1	1	241.641	198.714	558.802
31647	6681	3	1	345.641	186.714	559.036
31652	6681	1	1	345.641	186.714	567.041
31653	6681	3	0	561.641	130.714	567.291
31672	6681	1	0	561.641	130.714	580.885
31673	6681	3	1	341.641	144.714	581.319
31674	6681	1	1	341.641	144.714	581.919
31675	6681	3	1	326.641	172.714	582.336
31568	6682	1	0	708.456	67.3323	6.75342
31569	6682	3	0	796.456	99.3323	7.00348
31576	6682	1	0	796.456	99.3323	9.2887
31577	6682	3	0	848.456	173.332	9.67218
31590	6682	1	0	848.456	173.332	92.1347
31591	6682	3	1	306.456	81.3323	93.6526
31608	6682	1	1	306.456	81.3323	532.567
31609	6682	3	0	695.456	75.3323	532.901
31638	6682	1	0	695.456	75.3323	552.898
31639	6682	3	1	367.456	248.332	553.398
31650	6682	1	1	367.456	248.332	566.424
31651	6682	3	0	543.456	212.332	566.691
31670	6682	1	0	543.456	212.332	579.034
31671	6682	3	1	163.456	136.332	579.934
34238	6873	1	0	38.411	442.385	7.18726
34239	6873	3	1	594.411	342.385	8.57123
34240	6875	1	0	148.569	284.394	8.95459
34241	6875	3	1	628.569	161.394	9.73828
34242	6876	1	0	260.253	19.1633	10.5051
34243	6876	3	1	719.253	44.1633	11.2722
34246	6881	1	0	84.3239	338.541	16.1083
34247	6881	3	1	819.324	365.541	16.8088
34244	6882	1	0	202.197	387.232	13.7737
34245	6882	3	1	534.197	400.232	14.5574
35247	6991	1	0	648.151	42.3211	7.38794
35248	6991	2	0	493.151	161.321	7.85504
35249	6991	3	0	502.165	164.691	7.8717
35274	6991	1	0	502.165	164.691	96.1541
35275	6991	3	1	65.1651	111.691	96.988
35324	6991	1	1	65.1651	111.691	527.854
35325	6991	3	0	675.165	408.691	528.872
35256	6992	1	0	761.103	75.1531	10.8397
35257	6992	3	0	761.103	75.1531	10.9397
35258	6992	1	0	761.103	75.1531	11.1397
35259	6992	3	0	589.103	14.1531	11.7233
35278	6992	1	0	589.103	14.1531	110.579
35279	6992	2	1	231.103	77.1531	111.646
35280	6992	3	0	495.574	166.398	111.946
35281	6992	1	0	495.574	166.398	112.663
35282	6992	2	1	264.574	73.3983	115.064
35283	6992	3	0	500.435	161.75	115.348
35243	6993	1	0	617.492	172.848	6.10376
35244	6993	3	0	527.492	324.848	6.52075
35245	6993	1	0	527.492	324.848	6.83777
35246	6993	3	0	549.492	312.848	7.08765
35286	6993	1	0	549.492	312.848	121.535
35287	6993	2	1	303.492	112.848	122.168
35288	6993	3	0	499.104	178.336	122.401
35291	6993	1	0	499.104	178.336	163.876
35292	6993	3	0	678.104	261.336	164.51
35233	6994	1	0	723.526	378.287	2.56818
35234	6994	3	0	709.526	422.287	2.88483
35289	6994	1	0	709.526	422.287	122.952
35290	6994	3	0	557.526	306.287	124.32
35312	6994	1	0	557.526	306.287	495.431
35313	6994	3	0	544.526	286.287	497.999
35239	6995	1	0	557.786	366.793	4.13574
35240	6995	3	0	509.786	437.793	4.70288
35266	6995	1	0	509.786	437.793	74.1583
35267	6995	3	1	72.7858	260.793	74.9089
35305	6995	1	1	72.7858	260.793	492.195
35306	6995	3	0	660.786	218.794	492.612
35316	6995	1	0	660.786	218.794	499.817
35317	6995	3	0	678.786	202.794	503.303
35322	6995	1	0	678.786	202.794	508.757
35323	6995	3	1	224.786	271.793	509.491
35326	6995	1	1	224.786	271.793	529.405
35327	6995	3	0	512.786	359.793	529.889
35332	6995	1	0	512.786	359.793	535.776
35333	6995	3	1	293.786	121.794	537.711
35334	6995	1	1	293.786	121.794	538.695
35335	6995	3	1	281.786	121.794	539.312
35241	6996	1	0	871.648	476.655	5.21985
35242	6996	3	0	863.648	418.655	5.5036
35268	6996	1	0	863.648	418.655	79.2451
35269	6996	3	1	186.648	255.655	79.9454
35303	6996	1	1	186.648	255.655	491.311
35304	6996	3	0	574.648	328.655	491.745
35314	6996	1	0	574.648	328.655	498.466
35315	6996	3	1	86.6481	259.655	499.033
35328	6996	1	1	86.6481	259.655	530.439
35329	6996	3	0	602.648	394.655	530.923
35231	6997	1	0	568.492	350.105	2.00098
35232	6997	3	0	572.492	407.105	2.31811
35262	6997	1	0	572.492	407.105	66.7886
35263	6997	3	1	112.492	379.105	67.9227
35229	6998	1	0	650.098	277.327	1.28394
35230	6998	3	0	756.098	283.327	1.66754
35235	6998	1	0	756.098	283.327	3.06824
35236	6998	3	0	809.098	268.327	3.25165
35264	6998	1	0	809.098	268.327	69.5068
35265	6998	3	1	250.098	376.327	70.7736
35295	6998	1	1	250.098	376.327	481.588
35296	6998	3	0	591.098	380.327	481.989
35299	6998	1	0	591.098	380.327	485.624
35300	6998	3	1	263.098	352.327	486.124
35301	6998	1	1	263.098	352.327	489.56
35302	6998	3	0	574.098	370.327	489.86
35320	6998	1	0	574.098	370.327	505.688
35321	6998	3	1	286.098	358.327	506.088
35254	6999	1	0	739.214	26.0019	9.12213
35255	6999	3	0	611.214	122.002	10.5062
35272	6999	1	0	611.214	122.002	92.4189
35273	6999	3	0	691.214	110.002	94.4865
35293	6999	1	0	691.214	110.002	480.154
35294	6999	3	0	656.214	156.002	481.188
35297	6999	1	0	656.214	156.002	482.372
35298	6999	3	0	688.214	124.002	485.307
35307	6999	1	0	688.214	124.002	492.762
35308	6999	3	1	278.215	359.002	494.03
35309	6999	1	1	278.215	359.002	494.363
35310	6999	2	1	354.215	341.002	494.897
35311	6999	3	1	329.3	321.729	494.947
35318	6999	1	1	329.3	321.729	504.937
35319	6999	3	0	746.3	158.729	505.388
35330	6999	1	0	746.3	158.729	531.256
35331	6999	3	1	65.3004	170.729	534.909
35250	7000	1	0	804.619	40.968	8.18848
35251	7000	3	0	780.619	43.968	8.25513
35252	7000	1	0	780.619	43.968	8.5719
35253	7000	3	0	820.619	146.968	8.95544
35270	7000	1	0	820.619	146.968	83.764
35271	7000	3	1	291.619	194.968	84.3979
35237	7001	1	0	510.517	235.913	3.51849
35238	7001	3	0	670.517	246.913	3.7854
35276	7001	1	0	670.517	246.913	106.293
35277	7001	3	0	792.517	340.913	110.161
35260	7002	1	0	860.771	31.9761	12.3071
35261	7002	3	0	742.771	32.9761	12.8406
35284	7002	1	0	742.771	32.9761	120.268
35285	7002	3	0	607.771	72.9761	121.084
37807	7315	1	0	553.286	230.906	45.2579
37808	7315	3	0	500.286	260.906	45.4746
37817	7315	1	0	500.286	260.906	96.7862
37818	7315	3	1	56.2858	417.906	97.7863
37805	7316	1	0	548.567	107.495	44.4407
37806	7316	3	0	637.567	231.495	44.9412
37798	7317	1	0	568.174	215.407	42.356
37799	7317	2	0	608.174	431.407	42.6895
37800	7317	3	0	612.857	409.947	42.7229
37803	7317	1	0	612.857	409.947	43.7569
37804	7317	3	0	611.857	388.947	43.957
37835	7317	1	0	611.857	388.947	152.532
37836	7317	3	0	695.857	382.947	153.466
37801	7318	1	0	577.764	361.353	43.2399
37802	7318	3	0	522.764	429.353	43.59
37819	7318	1	0	522.764	429.353	99.6874
37820	7318	3	1	214.764	404.353	101.972
37811	7319	1	0	781.02	141.915	46.7588
37812	7319	3	0	545.02	90.9151	47.1923
37825	7319	1	0	545.02	90.9151	136.308
37826	7319	3	1	289.02	254.915	136.809
37796	7320	1	0	595.854	176.506	41.8392
37797	7320	3	0	760.854	220.506	42.1395
37809	7320	1	0	760.854	220.506	45.9914
37810	7320	3	0	825.854	239.506	46.2254
37831	7320	1	0	825.854	239.506	144.996
37832	7320	3	0	797.854	216.506	147.097
37837	7320	1	0	797.854	216.506	155.234
37838	7320	3	0	748.854	115.506	156.952
37823	7321	1	0	778.923	388.789	132.206
37824	7321	3	1	161.923	267.789	132.89
37815	7322	1	0	846.747	31.0902	48.3097
37816	7322	3	0	794.747	75.0901	48.6432
37821	7322	1	0	794.747	75.0901	128.538
37822	7322	3	1	316.747	362.09	129.238
37813	7323	1	0	806.484	93.3009	47.4927
37814	7323	3	0	667.484	82.3009	47.8261
37827	7323	1	0	667.484	82.3009	139.327
37828	7323	3	1	199.484	102.301	140.077
37833	7323	1	1	199.484	102.301	151.699
37834	7323	3	0	538.484	134.301	152.132
37839	7323	1	0	538.484	134.301	157.218
37840	7323	3	1	328.484	123.301	157.885
37829	7324	1	0	841.278	427.959	143.012
37830	7324	3	1	45.2775	297.959	144.079
39838	7518	1	0	552.811	333.125	6.25336
39839	7518	3	0	528.811	341.125	6.5036
39851	7518	1	0	528.811	341.125	9.43829
39852	7518	3	0	543.811	299.125	9.70538
39919	7518	1	0	543.811	299.125	393.991
39920	7518	2	1	272.811	235.125	394.591
39921	7518	3	0	494.233	228.641	394.858
39926	7518	1	0	494.233	228.641	397.426
39927	7518	3	1	330.233	168.641	397.726
39862	7522	1	0	792.95	60.6135	12.8569
39863	7522	3	0	785.95	158.613	13.3904
39882	7522	1	0	785.95	158.613	112.414
39883	7522	3	1	237.95	207.613	113.665
39898	7522	1	1	237.95	207.613	279.444
39899	7522	2	0	917.95	217.613	279.811
39900	7522	3	0	875.544	222.608	279.878
39905	7522	1	0	875.544	222.608	283.813
39906	7522	3	1	338.544	47.608	284.33
39836	7525	1	0	605.554	446.359	5.76996
39837	7525	3	0	631.554	447.359	6.02008
39866	7525	1	0	631.554	447.359	25.2963
39867	7525	3	0	617.554	449.359	25.98
39872	7525	1	0	617.554	449.359	85.0467
39873	7525	3	1	335.554	419.359	86.4311
39840	7529	1	0	798.208	336.741	6.77045
39841	7529	3	0	794.208	332.741	6.98731
39842	7529	1	0	794.208	332.741	7.35406
39843	7529	2	0	846.208	302.741	7.63751
39844	7529	3	0	801.659	280.66	7.72083
39853	7529	1	0	801.659	280.66	10.0054
39854	7529	3	0	762.659	278.66	10.2723
39876	7529	1	0	762.659	278.66	93.0512
39877	7529	3	1	276.659	259.66	94.5857
39907	7529	1	1	276.659	259.66	385.454
39908	7529	3	0	696.659	220.66	386.004
39911	7529	1	0	696.659	220.66	387.738
39912	7529	3	0	706.659	241.66	388.722
39930	7529	1	0	706.659	241.66	413.703
39931	7529	3	0	713.659	225.66	414.102
39834	7532	1	0	778.103	409.604	5.05316
39835	7532	3	0	774.103	410.604	5.38648
39845	7532	1	0	774.103	410.604	7.93781
39846	7532	3	0	774.103	410.604	8.02118
39847	7532	1	0	774.103	410.604	8.35461
39848	7532	3	0	765.103	410.604	8.6712
39868	7532	1	0	765.103	410.604	69.9378
39869	7532	3	1	122.103	369.604	70.7214
39860	7535	1	0	544.755	134.461	12.173
39861	7535	3	0	577.755	138.461	12.4897
39909	7535	1	0	577.755	138.461	386.238
39910	7535	3	0	591.755	148.461	387.555
39913	7535	1	0	591.755	148.461	388.889
39914	7535	3	1	197.755	304.461	389.456
39915	7535	1	1	197.755	304.461	389.822
39916	7535	3	1	253.755	296.461	390.089
39864	7538	1	0	852.329	28.6553	13.6906
39865	7538	3	0	855.329	168.655	14.1074
39870	7538	1	0	855.329	168.655	78.0424
39871	7538	3	1	251.329	406.655	78.8094
39830	7540	1	0	569.763	442.087	3.78583
39831	7540	3	0	535.763	445.087	4.21948
39880	7540	1	0	535.763	445.087	108.512
39881	7540	3	1	302.763	187.087	111.297
39889	7540	1	1	302.763	187.087	274.824
39890	7540	3	0	662.763	255.087	275.191
39894	7540	1	0	662.763	255.087	277.293
39895	7540	3	1	354.763	160.087	278.16
39922	7540	1	1	354.763	160.087	394.991
39923	7540	3	0	550.763	141.087	395.275
39832	7543	1	0	658.87	461.531	4.51965
39833	7543	3	0	685.87	457.531	4.75305
39884	7543	1	0	685.87	457.531	114.266
39885	7543	3	1	344.87	59.5309	115.55
39896	7543	1	1	344.87	59.5309	278.61
39897	7543	3	0	802.87	284.531	278.993
39903	7543	1	0	802.87	284.531	282.713
39904	7543	3	1	236.87	171.531	283.313
39924	7543	1	1	236.87	171.531	396.476
39925	7543	3	0	750.87	141.531	396.909
39928	7543	1	0	750.87	141.531	399.544
39929	7543	3	1	257.87	152.531	401.612
39857	7546	1	0	506.137	182.036	11.7229
39858	7546	2	0	486.137	177.036	12.0063
39859	7546	3	0	496.018	180.07	12.0231
39874	7546	1	0	496.018	180.07	89.0656
39875	7546	3	1	47.0183	294.07	89.7159
39855	7549	1	0	518.41	197.313	10.7391
39856	7549	3	0	705.41	172.313	11.2894
39878	7549	1	0	705.41	172.313	98.6554
39879	7549	3	1	124.41	206.313	103.075
39849	7550	1	0	677.545	259.223	8.97138
39850	7550	3	0	645.545	326.223	9.27161
39886	7550	1	0	645.545	326.223	271.105
39887	7550	2	1	119.545	100.223	271.773
39888	7550	3	0	494.786	187.732	272.139
39891	7550	1	0	494.786	187.732	275.475
39892	7550	2	0	490.786	199.732	276.859
39893	7550	3	0	499.965	201.226	276.876
39901	7550	1	0	499.965	201.226	280.261
39902	7550	3	0	763.965	398.226	282.396
39917	7550	1	0	763.965	398.226	392.074
39918	7550	3	0	703.965	366.226	393.441
