47334	8453	1	0	657.142	305.084	4.63538
47335	8453	3	0	701.142	389.084	5.06891
47338	8453	1	0	701.142	389.084	7.28717
47339	8453	3	0	701.142	326.084	7.63721
47364	8453	1	0	701.142	326.084	76.8895
47365	8453	3	0	682.142	292.084	78.1735
47442	8453	1	0	682.142	292.084	250.88
47443	8453	3	0	674.142	315.084	251.664
47450	8453	1	0	674.142	315.084	279.913
47451	8453	3	0	674.142	315.084	280.03
47452	8453	1	0	674.142	315.084	282.948
47453	8453	3	0	674.142	315.084	283.098
47336	8454	1	0	740.303	261.816	5.70282
47337	8454	3	0	840.303	299.816	6.70355
47374	8454	1	0	840.303	299.816	88.6621
47375	8454	2	0	492.303	82.8165	89.9631
47376	8454	3	0	501.41	90.1738	89.9797
47387	8454	1	0	501.41	90.1738	131.168
47388	8454	3	1	227.41	337.174	131.685
47389	8454	1	1	227.41	337.174	131.751
47390	8454	3	1	227.41	337.174	131.818
47393	8454	1	1	227.41	337.174	140.256
47394	8454	3	1	227.41	337.174	140.739
47404	8454	1	1	227.41	337.174	161.834
47405	8454	3	0	559.41	77.1738	163.268
47419	8454	1	0	559.41	77.1738	172.755
47420	8454	3	1	103.41	363.174	173.355
47424	8454	1	1	103.41	363.174	175.223
47425	8454	3	0	508.41	381.174	175.807
47454	8454	1	0	508.41	381.174	284.149
47455	8454	3	0	546.41	366.174	284.749
47348	8455	1	0	672.531	114.092	23.7293
47349	8455	3	0	709.531	103.092	24.1964
47356	8455	1	0	709.531	103.092	35.7524
47357	8455	3	0	683.531	71.0922	36.1527
47358	8455	1	0	683.531	71.0922	69.6521
47359	8455	3	0	688.531	182.092	71.17
47362	8455	1	0	688.531	182.092	75.439
47363	8455	3	0	688.531	182.092	76.4061
47372	8455	1	0	688.531	182.092	87.2615
47373	8455	3	0	778.531	190.092	87.9285
47381	8455	1	0	778.531	190.092	123.079
47382	8455	3	1	230.531	371.092	124.047
47385	8455	1	1	230.531	371.092	129.283
47386	8455	3	0	540.531	342.092	130.584
47399	8455	1	0	540.531	342.092	154.23
47400	8455	2	1	302.531	370.092	155.147
47401	8455	3	0	497.546	289.575	155.396
47402	8455	1	0	497.546	289.575	160.016
47403	8455	3	0	544.546	336.575	160.683
47421	8455	1	0	544.546	336.575	174.056
47422	8455	2	1	252.546	340.575	174.489
47423	8455	3	0	501.281	268.125	174.789
47426	8455	1	0	501.281	268.125	176.207
47427	8455	3	1	34.2808	347.125	176.64
47438	8455	1	1	34.2808	347.125	219.245
47439	8455	3	1	84.2808	307.125	219.913
47462	8455	1	1	84.2808	307.125	325.888
47463	8455	3	1	84.2808	307.125	326.004
47332	8456	1	0	561.492	320.407	3.83521
47333	8456	3	0	525.492	348.407	4.2854
47344	8456	1	0	525.492	348.407	13.5403
47345	8456	3	0	511.492	340.407	14.1075
47360	8456	1	0	511.492	340.407	72.5374
47361	8456	3	0	689.492	69.407	73.8049
47366	8456	1	0	689.492	69.407	81.0914
47367	8456	3	1	225.492	213.407	81.7083
47460	8456	1	1	225.492	213.407	314.848
47461	8456	3	1	225.492	213.407	314.998
47352	8457	1	0	578.441	232.489	25.5467
47353	8457	3	0	522.441	201.489	26.3806
47440	8457	1	0	522.441	201.489	248.579
47441	8457	3	0	522.441	201.489	248.695
47456	8457	1	0	522.441	201.489	310.079
47457	8457	3	0	522.441	201.489	310.213
47340	8458	1	0	825.443	48.9281	10.3387
47341	8458	3	0	835.443	194.928	11.5061
47370	8458	1	0	835.443	194.928	85.4439
47371	8458	3	0	573.443	87.9281	86.6943
47377	8458	1	0	573.443	87.9281	90.9301
47378	8458	3	0	584.443	85.9281	91.8805
47379	8458	1	0	584.443	85.9281	103.97
47380	8458	3	1	227.443	112.928	104.871
47327	8459	1	0	672.66	267.839	1.4505
47328	8459	3	0	559.66	111.839	2.13422
47350	8459	1	0	559.66	111.839	24.6132
47351	8459	3	0	549.66	77.8385	25.0298
47354	8459	1	0	549.66	77.8385	34.752
47355	8459	3	0	517.66	45.8385	35.3523
47368	8459	1	0	517.66	45.8385	83.3763
47369	8459	3	0	685.66	77.8385	84.9105
47383	8459	1	0	685.66	77.8385	125.564
47384	8459	3	0	688.66	153.839	126.131
47436	8459	1	0	688.66	153.839	216.394
47437	8459	3	0	688.66	153.839	216.494
47458	8459	1	0	688.66	153.839	312.097
47459	8459	3	0	688.66	153.839	312.247
47466	8459	1	0	688.66	153.839	374.048
47467	8459	3	0	688.66	153.839	374.165
47346	8460	1	0	645.254	34.8861	22.3953
47347	8460	3	0	856.254	128.886	23.3626
47410	8460	1	0	856.254	128.886	166.636
47411	8460	3	1	198.254	371.886	167.153
47412	8460	1	1	198.254	371.886	168.17
47413	8460	3	0	829.254	379.886	168.87
47432	8460	1	0	829.254	379.886	212.176
47433	8460	3	0	821.254	347.886	212.66
47444	8460	1	0	821.254	347.886	254.732
47445	8460	3	0	830.254	359.886	255.166
47342	8461	1	0	841.665	384.424	12.3563
47343	8461	3	0	843.665	406.424	12.79
47391	8461	1	0	843.665	406.424	132.585
47392	8461	3	1	353.665	348.424	133.286
47395	8461	1	1	353.665	348.424	149.027
47396	8461	3	1	353.665	348.424	149.394
47397	8461	1	1	353.665	348.424	151.411
47398	8461	3	0	833.665	400.424	153.612
47408	8461	1	0	833.665	400.424	165.27
47409	8461	3	1	321.665	389.424	165.752
47414	8461	1	1	321.665	389.424	169.604
47415	8461	3	0	604.665	439.424	170.371
47434	8461	1	0	604.665	439.424	213.477
47435	8461	3	0	824.665	251.424	215.01
47446	8461	1	0	824.665	251.424	255.683
47447	8461	3	0	824.665	259.424	256.117
47448	8461	1	0	824.665	259.424	277.912
47449	8461	3	0	824.665	259.424	278.045
47329	8462	1	0	542.919	270.597	2.7179
47330	8462	2	0	547.919	499.597	3.26813
47331	8462	3	0	567.477	462.394	3.31836
47406	8462	1	0	567.477	462.394	164.085
47407	8462	3	1	99.4768	378.394	164.568
47416	8462	1	1	99.4768	378.394	171.288
47417	8462	2	0	889.477	76.3941	172.188
47418	8462	3	0	869.483	92.3378	172.222
47428	8462	1	0	869.483	92.3378	178.825
47429	8462	3	1	211.483	346.338	179.675
47430	8462	1	1	211.483	346.338	210.325
47431	8462	3	1	240.483	337.338	211.042
47464	8462	1	1	240.483	337.338	326.655
47465	8462	3	1	240.483	337.338	326.754
51088	8653	1	0	633.9	430.274	15.6252
51089	8653	3	0	839.9	394.274	16.3257
51098	8653	1	0	839.9	394.274	20.6444
51099	8653	3	1	203.9	324.274	21.3281
51115	8653	1	1	203.9	324.274	38.8868
51116	8653	3	0	526.9	343.274	40.2544
51157	8653	1	0	526.9	343.274	69.2692
51158	8653	3	1	279.9	340.274	69.6029
51169	8653	1	1	279.9	340.274	75.8725
51170	8653	3	1	277.9	393.274	76.6394
51188	8653	1	1	277.9	393.274	122.663
51189	8653	3	1	328.9	368.274	123.197
51086	8654	1	0	626.235	367.929	14.558
51087	8654	3	0	519.235	361.929	15.0082
51102	8654	1	0	519.235	361.929	26.1301
51103	8654	3	1	363.235	355.929	27.0807
51153	8654	1	1	363.235	355.929	65.6839
51154	8654	3	1	287.235	355.929	66.0342
51155	8654	1	1	287.235	355.929	67.8849
51156	8654	3	0	645.235	358.929	68.2852
51175	8654	1	0	645.235	358.929	103.668
51176	8654	2	1	276.235	70.9291	104.269
51177	8654	3	0	495.577	156.275	104.536
51180	8654	1	0	495.577	156.275	106.237
51181	8654	3	1	293.577	276.275	106.754
51186	8654	1	1	293.577	276.275	121.779
51187	8654	3	1	320.577	269.275	122.179
51080	8655	1	0	694.408	259.253	10.9065
51081	8655	3	0	568.408	130.253	11.3566
51100	8655	1	0	568.408	130.253	22.7953
51101	8655	3	1	282.408	194.253	23.3622
51171	8655	1	1	282.408	194.253	77.7898
51172	8655	3	1	261.408	263.253	78.8235
51178	8655	1	1	261.408	263.253	104.836
51179	8655	3	0	636.408	382.253	105.653
51182	8655	1	0	636.408	382.253	119.161
51183	8655	3	0	597.408	332.253	119.445
51184	8655	1	0	597.408	332.253	120.228
51185	8655	3	0	520.408	158.253	120.662
51196	8655	1	0	520.408	158.253	130.268
51197	8655	3	1	291.408	145.253	130.784
51264	8655	1	1	291.408	145.253	750.784
51265	8655	3	0	551.408	121.253	753.369
51173	8656	1	0	801.883	129.52	86.2443
51174	8656	3	0	693.883	229.52	88.1284
51250	8656	1	0	693.883	229.52	176.189
51251	8656	3	0	561.883	121.521	177.306
51254	8656	1	0	561.883	121.521	178.49
51255	8656	3	0	516.883	279.521	179.208
51258	8656	1	0	516.883	279.521	180.241
51259	8656	3	0	535.883	306.521	180.608
51260	8656	1	0	535.883	306.521	285.096
51261	8656	3	0	721.883	150.52	286.497
51270	8656	1	0	721.883	150.52	764.376
51271	8656	3	0	768.883	132.52	766.01
51274	8656	1	0	768.883	132.52	768.978
51275	8656	3	0	788.883	103.521	770.129
51278	8656	1	0	788.883	103.521	772.314
51279	8656	3	1	71.8835	250.52	773.364
51092	8657	1	0	721.052	453.637	17.8597
51093	8657	3	0	651.052	452.637	18.193
51104	8657	1	0	651.052	452.637	29.0316
51105	8657	3	0	651.052	452.637	29.1483
51117	8657	1	0	651.052	452.637	40.7378
51118	8657	3	1	222.052	348.637	41.188
51151	8657	1	1	222.052	348.637	64.7166
51152	8657	3	1	131.052	389.637	65.0169
51190	8657	1	1	131.052	389.637	123.714
51191	8657	3	1	222.052	172.637	125.632
51194	8657	1	1	222.052	172.637	128.867
51195	8657	3	0	658.052	387.637	129.717
51228	8657	1	0	658.052	387.637	156.231
51229	8657	3	1	178.052	381.637	156.881
51236	8657	1	1	178.052	381.637	166.002
51237	8657	3	1	174.052	68.6373	166.685
51262	8657	1	1	174.052	68.6373	294.617
51263	8657	3	1	174.052	68.6373	294.734
51266	8657	1	1	174.052	68.6373	754.32
51267	8657	3	1	198.052	55.6373	756.122
51288	8657	1	1	198.052	55.6373	781.453
51289	8657	3	0	742.052	59.6373	782.019
51084	8658	1	0	653.373	351.295	13.0405
51085	8658	3	0	565.373	284.295	13.624
51113	8658	1	0	565.373	284.295	36.1188
51114	8658	3	0	730.373	298.295	37.0194
51131	8658	1	0	730.373	298.295	50.7099
51132	8658	3	0	606.373	230.295	51.7936
51135	8658	1	0	606.373	230.295	53.4446
51136	8658	2	1	150.373	233.295	53.9449
51137	8658	3	0	494.305	238.712	54.2784
51140	8658	1	0	494.305	238.712	56.9296
51141	8658	2	1	99.3049	234.712	57.313
51142	8658	3	0	496.535	239.466	57.6798
51147	8658	1	0	496.535	239.466	60.5814
51148	8658	3	1	139.535	248.466	60.9981
51206	8658	1	1	139.535	248.466	139.572
51207	8658	3	0	737.535	149.466	140.456
51217	8658	1	0	737.535	149.466	146.943
51218	8658	3	0	737.535	149.466	146.993
51219	8658	1	0	737.535	149.466	147.26
51220	8658	3	1	114.535	108.466	147.81
51238	8658	1	1	114.535	108.466	167.102
51239	8658	3	1	113.535	82.4658	167.536
51242	8658	1	1	113.535	82.4658	169.837
51243	8658	3	1	109.535	72.4658	170.304
51268	8658	1	1	109.535	72.4658	762.391
51269	8658	3	0	604.535	49.4658	763.809
51292	8658	1	0	604.535	49.4658	784.121
51293	8658	3	1	366.535	142.466	784.705
51127	8659	1	0	722.006	378.589	47.7413
51128	8659	3	1	47.0065	393.589	48.425
51145	8659	1	1	47.0065	393.589	59.4139
51146	8659	3	0	646.006	214.589	60.131
51159	8659	1	0	646.006	214.589	70.8704
51160	8659	3	1	390.007	352.589	71.3206
51167	8659	1	1	390.007	352.589	74.9222
51168	8659	3	0	535.006	350.589	75.2557
51200	8659	1	0	535.006	350.589	133.586
51201	8659	3	0	553.006	387.589	134.07
51221	8659	1	0	553.006	387.589	148.46
51222	8659	3	1	213.007	381.589	148.927
51223	8659	1	1	213.007	381.589	154.113
51224	8659	3	0	567.006	410.589	154.613
51232	8659	1	0	567.006	410.589	158.815
51233	8659	3	1	160.007	280.589	159.399
51246	8659	1	1	160.007	280.589	171.87
51247	8659	3	1	120.007	132.589	172.537
51272	8659	1	1	120.007	132.589	767.644
51273	8659	3	0	538.006	57.5886	768.428
51286	8659	1	0	538.006	57.5886	778.901
51287	8659	3	0	549.006	34.5886	780.585
51290	8659	1	0	549.006	34.5886	782.853
51291	8659	3	1	249.007	126.589	783.287
51094	8660	1	0	691.403	357.393	18.5101
51095	8660	3	0	686.403	354.393	18.5767
51096	8660	1	0	686.403	354.393	18.8269
51097	8660	3	0	690.403	257.393	19.4771
51110	8660	1	0	690.403	257.393	33.017
51111	8660	2	1	43.4032	188.393	33.484
51112	8660	3	0	495.349	213.731	33.9007
51119	8660	1	0	495.349	213.731	41.7051
51120	8660	3	1	192.349	53.7313	42.1888
51121	8660	1	1	192.349	53.7313	43.3731
51122	8660	3	1	208.349	74.7313	44.9069
51192	8660	1	1	208.349	74.7313	127.683
51193	8660	3	0	589.349	48.7313	128.266
51198	8660	1	0	589.349	48.7313	132.068
51199	8660	3	0	558.349	240.731	133.136
51208	8660	1	0	558.349	240.731	140.99
51209	8660	2	1	165.349	274.731	141.39
51210	8660	3	0	496.889	240.878	141.74
51211	8660	1	0	496.889	240.878	142.307
51212	8660	3	0	576.89	257.878	142.724
51252	8660	1	0	576.89	257.878	177.773
51253	8660	3	0	648.89	312.878	178.107
51256	8660	1	0	648.89	312.878	179.557
51257	8660	3	0	675.89	312.878	179.858
51090	8661	1	0	678.029	473.687	16.9092
51091	8661	3	0	584.029	472.687	17.3093
51106	8661	1	0	584.029	472.687	29.9489
51107	8661	3	0	598.029	197.687	30.8492
51123	8661	1	0	598.029	197.687	45.5737
51124	8661	3	1	296.03	51.6867	45.9905
51125	8661	1	1	296.03	51.6867	46.5742
51126	8661	3	1	346.03	76.6867	46.9744
51138	8661	1	1	346.03	76.6867	56.1293
51139	8661	3	0	591.029	133.687	56.4794
51161	8661	1	0	591.029	133.687	72.071
51162	8661	3	1	306.03	116.687	72.4211
51163	8661	1	1	306.03	116.687	72.988
51164	8661	3	1	367.03	105.687	73.4547
51165	8661	1	1	367.03	105.687	74.0714
51166	8661	3	0	665.029	162.687	74.3884
51202	8661	1	0	665.029	162.687	135.77
51203	8661	3	0	568.029	156.687	136.154
51215	8661	1	0	568.029	156.687	145.692
51216	8661	3	1	120.03	191.687	146.192
51240	8661	1	1	120.03	191.687	168.586
51241	8661	3	1	175.029	153.687	169.403
51244	8661	1	1	175.029	153.687	170.854
51245	8661	3	1	187.029	142.687	171.237
51282	8661	1	1	187.029	142.687	776.016
51283	8661	3	0	741.029	196.687	776.549
51294	8661	1	0	741.029	196.687	785.405
51295	8661	3	1	132.029	85.6867	786.022
51082	8662	1	0	734.203	220.604	11.8735
51083	8662	3	0	730.203	162.604	12.1738
51108	8662	1	0	730.203	162.604	31.7831
51109	8662	3	0	700.203	181.604	32.5336
51129	8662	1	0	700.203	181.604	49.3257
51130	8662	3	1	113.203	206.604	49.8425
51133	8662	1	1	113.203	206.604	52.494
51134	8662	3	0	557.203	282.604	53.111
51143	8662	1	0	557.203	282.604	58.4134
51144	8662	3	0	585.203	288.604	58.6302
51149	8662	1	0	585.203	288.604	62.4322
51150	8662	3	1	92.2027	164.604	63.3159
51204	8662	1	1	92.2027	164.604	138.072
51205	8662	3	0	580.203	66.6041	138.905
51213	8662	1	0	580.203	66.6041	144.625
51214	8662	3	1	107.203	323.604	145.142
51225	8662	1	1	107.203	323.604	155.197
51226	8662	2	0	895.203	416.604	155.68
51227	8662	3	0	875.083	399.806	155.714
51230	8662	1	0	875.083	399.806	157.565
51231	8662	3	0	723.083	391.806	157.998
51234	8662	1	0	723.083	391.806	160.483
51235	8662	3	1	276.083	421.806	161.883
51248	8662	1	1	276.083	421.806	173.121
51249	8662	3	1	135.083	190.806	174.538
51276	8662	1	1	135.083	190.806	770.913
51277	8662	3	0	506.083	181.806	771.563
51280	8662	1	0	506.083	181.806	774.582
51281	8662	3	0	557.083	266.806	775.299
51284	8662	1	0	557.083	266.806	777.15
51285	8662	3	0	557.083	266.806	777.484
51296	8662	1	0	557.083	266.806	786.806
51297	8662	3	1	277.083	76.8057	787.439
51298	8662	1	1	277.083	76.8057	789.574
51299	8662	3	1	275.083	52.8057	790.108
54477	8899	1	0	601.915	74.6635	14.8074
54478	8899	3	0	662.915	67.6635	15.1909
54504	8899	1	0	662.915	67.6635	39.8529
54505	8899	3	0	670.915	180.663	40.3865
54584	8899	1	0	670.915	180.663	132.41
54585	8899	3	1	77.9149	187.663	133.094
54614	8899	1	1	77.9149	187.663	158.372
54615	8899	3	0	804.915	299.664	159.023
54462	8900	1	0	602.367	359.561	7.47076
54463	8900	3	0	509.367	443.561	7.9043
54487	8900	1	0	509.367	443.561	19.5262
54488	8900	3	0	509.367	437.561	19.7429
54582	8900	1	0	509.367	437.561	130.859
54583	8900	3	1	153.367	277.561	131.46
54606	8900	1	1	153.367	277.561	144.867
54607	8900	3	1	96.3672	415.561	145.717
54628	8900	1	1	96.3672	415.561	174.463
54629	8900	3	1	200.367	407.561	175.163
54634	8900	1	1	200.367	407.561	178.998
54635	8900	3	0	845.367	215.561	179.648
54638	8900	1	0	845.367	215.561	182.283
54639	8900	3	0	725.367	171.561	182.85
54642	8900	1	0	725.367	171.561	185.001
54643	8900	3	0	716.367	132.561	185.268
54693	8900	1	0	716.367	132.561	400.08
54694	8900	3	1	164.367	112.561	400.698
54703	8900	1	1	164.367	112.561	415.854
54704	8900	3	0	580.367	215.561	416.521
54717	8900	1	0	580.367	215.561	443.386
54718	8900	3	0	609.367	208.561	443.819
54719	8900	1	0	609.367	208.561	453.041
54720	8900	3	0	593.367	416.561	453.708
54495	8901	1	0	875.786	129.424	24.695
54496	8901	3	0	808.786	129.424	25.0618
54500	8901	1	0	808.786	129.424	36.1008
54501	8901	3	0	758.786	75.4244	36.7177
54514	8901	1	0	758.786	75.4244	52.4413
54515	8901	3	0	742.786	63.4244	53.0915
54532	8901	1	0	742.786	63.4244	69.2824
54533	8901	3	0	728.786	63.4244	69.8158
54558	8901	1	0	728.786	63.4244	88.8405
54559	8901	3	1	322.786	71.4244	89.374
54578	8901	1	1	322.786	71.4244	128.209
54579	8901	3	1	316.786	359.424	129.042
54612	8901	1	1	316.786	359.424	157.021
54613	8901	3	0	677.786	308.424	157.789
54624	8901	1	0	677.786	308.424	171.545
54625	8901	3	0	669.786	286.424	172.095
54644	8901	1	0	669.786	286.424	185.751
54645	8901	3	0	715.786	227.424	186.051
54656	8901	1	0	715.786	227.424	209.162
54657	8901	3	1	343.786	406.424	209.829
54668	8901	1	1	343.786	406.424	218.6
54669	8901	3	0	660.786	313.424	219.367
54491	8902	1	0	771.132	352.147	21.0433
54492	8902	3	0	723.132	409.147	22.0104
54526	8902	1	0	723.132	409.147	63.897
54527	8902	3	0	720.132	397.147	64.4473
54560	8902	1	0	720.132	397.147	90.441
54561	8902	3	1	110.132	299.147	91.0581
54564	8902	1	1	110.132	299.147	94.2428
54565	8902	3	0	714.132	393.147	95.0931
54652	8902	1	0	714.132	393.147	198.941
54653	8902	3	0	761.132	361.147	202.442
54654	8902	1	0	761.132	361.147	205.71
54655	8902	3	0	634.132	313.147	208.412
54658	8902	1	0	634.132	313.147	210.363
54659	8902	3	1	390.132	302.147	211.247
54666	8902	1	1	390.132	302.147	217.116
54667	8902	3	0	546.132	302.147	217.533
54697	8902	1	0	546.132	302.147	408.051
54698	8902	3	0	574.132	282.147	409.618
54701	8902	1	0	574.132	282.147	412.236
54702	8902	3	1	96.1319	262.147	412.87
54707	8902	1	1	96.1319	262.147	419.089
54708	8902	3	0	528.132	301.147	419.789
54479	8903	1	0	536.828	102.16	15.9414
54480	8903	3	0	582.828	81.1596	16.3248
54502	8903	1	0	582.828	81.1596	38.8522
54503	8903	3	0	550.828	64.1596	39.3691
54506	8903	1	0	550.828	64.1596	41.037
54507	8903	3	0	611.828	68.1596	41.6539
54510	8903	1	0	611.828	68.1596	48.2733
54511	8903	3	0	671.828	389.16	49.3568
54524	8903	1	0	671.828	389.16	62.4801
54525	8903	3	0	647.828	448.16	62.947
54528	8903	1	0	647.828	448.16	64.8309
54529	8903	3	0	640.828	466.16	65.2811
54576	8903	1	0	640.828	466.16	126.541
54577	8903	3	1	221.828	405.16	127.041
54608	8903	1	1	221.828	405.16	146.701
54609	8903	3	1	194.828	422.16	147.418
54626	8903	1	1	194.828	422.16	173.296
54627	8903	3	1	290.828	426.16	173.812
54630	8903	1	1	290.828	426.16	176.147
54631	8903	3	0	511.828	323.16	177.081
54648	8903	1	0	511.828	323.16	187.369
54649	8903	3	0	497.828	232.16	188.002
54464	8904	1	0	683.617	386.741	8.48785
54465	8904	3	0	640.617	473.741	8.90472
54489	8904	1	0	640.617	473.741	20.3095
54490	8904	3	0	633.617	450.741	20.4763
54508	8904	1	0	633.617	450.741	44.1219
54509	8904	3	0	633.617	439.741	44.7554
54512	8904	1	0	633.617	439.741	49.8069
54513	8904	3	0	677.617	63.741	51.7578
54530	8904	1	0	677.617	63.741	68.4154
54531	8904	3	0	651.617	63.741	68.7656
54556	8904	1	0	651.617	63.741	87.5397
54557	8904	3	1	246.617	189.741	88.1069
54580	8904	1	1	246.617	189.741	129.592
54581	8904	3	1	373.617	275.741	130.276
54618	8904	1	1	373.617	275.741	161.174
54619	8904	3	0	589.617	239.741	165.026
54662	8904	1	0	589.617	239.741	213.665
54663	8904	3	1	383.617	209.741	214.365
54664	8904	1	1	383.617	209.741	216.083
54665	8904	3	0	615.617	224.741	216.5
54691	8904	1	0	615.617	224.741	397.746
54692	8904	3	1	375.617	144.741	398.596
54695	8904	1	1	375.617	144.741	405.583
54696	8904	3	0	543.617	110.741	406.567
54699	8904	1	0	543.617	110.741	410.302
54700	8904	3	0	534.617	134.741	411.586
54711	8904	1	0	534.617	134.741	423.625
54712	8904	3	1	333.617	134.741	423.991
54721	8904	1	1	333.617	134.741	486.093
54722	8904	3	1	90.6171	156.741	486.994
54516	8905	1	0	640.363	282.31	56.5933
54517	8905	3	0	669.363	268.31	57.3771
54540	8905	1	0	669.363	268.31	74.1509
54541	8905	3	0	546.363	75.3103	74.8176
54542	8905	1	0	546.363	75.3103	75.1344
54543	8905	3	1	305.363	275.31	75.6179
54550	8905	1	1	305.363	275.31	80.8869
54551	8905	3	1	305.363	374.31	81.2539
54574	8905	1	1	305.363	374.31	104.247
54575	8905	3	0	820.363	56.3103	105.665
54622	8905	1	0	820.363	56.3103	169.728
54623	8905	3	0	698.363	157.31	170.411
54632	8905	1	0	698.363	157.31	177.564
54633	8905	3	0	711.363	100.31	178.481
54636	8905	1	0	711.363	100.31	179.982
54637	8905	3	1	300.363	92.3103	180.549
54650	8905	1	1	300.363	92.3103	196.274
54651	8905	3	0	501.363	28.3103	197.191
54660	8905	1	0	501.363	28.3103	212.481
54661	8905	3	0	529.363	34.3103	212.931
54670	8905	1	0	529.363	34.3103	219.917
54671	8905	3	1	209.363	116.31	220.385
54672	8905	1	1	209.363	116.31	220.852
54673	8905	3	1	246.363	108.31	221.446
54679	8905	1	1	246.363	108.31	319.355
54680	8905	3	1	294.363	176.31	319.705
54683	8905	1	1	294.363	176.31	335.164
54684	8905	3	1	351.363	240.31	335.664
54713	8905	1	1	351.363	240.31	435.899
54714	8905	3	1	282.363	235.31	436.833
54471	8906	1	0	819.079	201.359	12.2728
54472	8906	3	0	779.079	156.359	12.8065
54493	8906	1	0	779.079	156.359	23.5279
54494	8906	3	0	779.079	222.359	24.0948
54546	8906	1	0	779.079	222.359	78.2023
54547	8906	3	1	173.079	244.359	79.1526
54552	8906	1	1	173.079	244.359	81.6539
54553	8906	3	1	172.079	380.359	82.1541
54572	8906	1	1	172.079	380.359	102.747
54573	8906	3	0	765.079	226.359	103.664
54588	8906	1	0	765.079	226.359	134.728
54589	8906	3	1	256.079	62.3589	135.245
54593	8906	1	1	256.079	62.3589	137.063
54594	8906	3	0	652.079	165.359	137.43
54604	8906	1	0	652.079	165.359	143.433
54605	8906	3	0	708.079	175.359	143.75
54620	8906	1	0	708.079	175.359	165.559
54621	8906	3	1	109.079	70.3589	167.027
54681	8906	1	1	109.079	70.3589	320.189
54682	8906	3	1	180.079	172.359	321.24
54685	8906	1	1	180.079	172.359	336.147
54686	8906	3	1	203.079	249.359	336.631
54687	8906	1	1	203.079	249.359	391.409
54688	8906	3	1	73.079	392.359	392.026
54468	8907	1	0	778.796	335.772	10.6887
54469	8907	2	0	824.796	420.772	11.072
54470	8907	3	0	799.816	389.996	11.1221
54518	8907	1	0	799.816	389.996	59.2448
54519	8907	2	0	811.816	32.9958	60.3287
54520	8907	3	0	803.723	41.6298	60.3453
54544	8907	1	0	803.723	41.6298	76.3015
54545	8907	3	1	331.723	123.63	76.9017
54548	8907	1	1	331.723	123.63	79.6697
54549	8907	3	1	286.723	142.63	80.0198
54554	8907	1	1	286.723	142.63	84.0882
54555	8907	3	1	304.723	226.63	84.4382
54566	8907	1	1	304.723	226.63	98.7115
54567	8907	3	0	499.723	193.63	99.5117
54570	8907	1	0	499.723	193.63	101.296
54571	8907	3	0	509.723	192.63	102.263
54590	8907	1	0	509.723	192.63	135.662
54591	8907	2	1	218.723	266.63	136.095
54592	8907	3	0	495.997	227.362	136.429
54595	8907	1	0	495.997	227.362	137.696
54596	8907	2	1	271.997	225.362	138.013
54597	8907	3	0	500.682	213.372	138.315
54600	8907	1	0	500.682	213.372	139.331
54601	8907	3	1	216.682	242.372	139.731
54674	8907	1	1	216.682	242.372	307.832
54675	8907	2	1	344.682	374.372	308.216
54676	8907	3	1	328.532	357.905	308.249
54475	8908	1	0	582.02	119.351	14.0571
54476	8908	3	0	529.02	180.351	14.4407
54481	8908	1	0	529.02	180.351	16.7083
54482	8908	3	0	529.02	158.351	17.0252
54534	8908	1	0	529.02	158.351	70.5493
54535	8908	3	0	530.02	133.351	71.2162
54536	8908	1	0	530.02	133.351	72.0496
54537	8908	3	0	531.02	253.351	72.4499
54538	8908	1	0	531.02	253.351	73.3671
54539	8908	3	0	580.02	286.351	73.7173
54568	8908	1	0	580.02	286.351	99.9285
54569	8908	3	0	594.02	332.351	100.962
54586	8908	1	0	594.02	332.351	133.727
54587	8908	3	1	215.02	98.3508	134.178
54598	8908	1	1	215.02	98.3508	138.48
54599	8908	3	0	542.02	376.351	139.014
54646	8908	1	0	542.02	376.351	186.501
54647	8908	3	0	581.02	389.351	186.768
54705	8908	1	0	581.02	389.351	417.055
54706	8908	3	0	567.02	369.351	418.322
54709	8908	1	0	567.02	369.351	420.156
54710	8908	3	1	124.02	264.351	420.623
54715	8908	1	1	124.02	264.351	438.184
54716	8908	3	1	65.0201	250.351	441.435
54466	8909	1	0	587.41	244.08	9.30505
54467	8909	3	0	514.41	290.08	10.2553
54483	8909	1	0	514.41	290.08	17.7423
54484	8909	3	0	497.41	274.08	18.0758
54485	8909	1	0	497.41	274.08	18.6594
54486	8909	3	0	503.41	300.08	19.0261
54521	8909	1	0	503.41	300.08	60.9457
54522	8909	2	0	822.41	390.08	61.7294
54523	8909	3	0	797.758	363.654	61.7795
54602	8909	1	0	797.758	363.654	140.715
54603	8909	3	0	528.758	263.654	142.899
54610	8909	1	0	528.758	263.654	155.654
54611	8909	3	0	528.758	228.654	156.338
54616	8909	1	0	528.758	228.654	159.39
54617	8909	3	1	61.7577	210.654	160.14
54677	8909	1	1	61.7577	210.654	317.504
54678	8909	3	1	193.758	368.654	318.722
54689	8909	1	1	193.758	368.654	392.677
54690	8909	3	0	810.758	145.654	394.494
54473	8910	1	0	646.8	242.337	13.2902
54474	8910	3	0	703.8	205.337	13.7237
54497	8910	1	0	703.8	205.337	33.1996
54498	8910	2	0	718.8	481.337	35.167
54499	8910	3	0	717.178	469.357	35.1837
54562	8910	1	0	717.178	469.357	92.2421
54563	8910	3	0	540.178	125.357	93.6093
54640	8910	1	0	540.178	125.357	183.667
54641	8910	3	0	610.178	146.357	184.317
57346	9125	1	0	793.415	473.325	24.4456
57347	9125	3	0	590.415	450.325	25.2627
57376	9125	1	0	590.415	450.325	73.4855
57377	9125	3	1	354.415	426.325	74.2025
57392	9125	1	1	354.415	426.325	153.444
57393	9125	3	1	353.415	409.325	153.695
57426	9125	1	1	353.415	409.325	177.054
57427	9125	3	0	523.415	418.325	177.471
57436	9125	1	0	523.415	418.325	182.707
57437	9125	3	1	392.415	381.325	183.774
57496	9125	1	1	392.415	381.325	246.889
57497	9125	3	0	615.415	212.325	247.573
57512	9125	1	0	615.415	212.325	256.678
57513	9125	3	1	219.415	298.325	257.595
57538	9125	1	1	219.415	298.325	303.488
57539	9125	3	1	256.415	301.325	303.955
57544	9125	1	1	256.415	301.325	348.477
57545	9125	3	1	307.415	297.325	352.912
57623	9125	1	1	307.415	297.325	493.951
57624	9125	3	1	292.415	256.325	494.235
57627	9125	1	1	292.415	256.325	510.996
57628	9125	3	1	304.415	200.325	511.563
57629	9125	1	1	304.415	200.325	512.064
57630	9125	3	1	248.415	135.325	512.397
57328	9126	1	0	800.744	289.916	10.9063
57329	9126	3	0	795.744	313.916	11.7069
57372	9126	1	0	795.744	313.916	41.0369
57373	9126	3	0	792.744	73.9164	41.9541
57382	9126	1	0	792.744	73.9164	95.0795
57383	9126	3	0	802.744	115.916	95.8297
57388	9126	1	0	802.744	115.916	148.975
57389	9126	3	0	766.744	136.916	150.593
57524	9126	1	0	766.744	136.916	267.917
57525	9126	3	0	768.744	304.916	268.25
57598	9126	1	0	768.744	304.916	430.45
57599	9126	3	0	758.744	328.916	430.734
57615	9126	1	0	758.744	328.916	482.511
57616	9126	3	0	758.744	328.916	482.627
57617	9126	1	0	758.744	328.916	490.733
57618	9126	3	0	749.744	98.9164	491.349
57635	9126	1	0	749.744	98.9164	537.632
57636	9126	3	0	556.744	355.916	538.449
57650	9126	1	0	556.744	355.916	600.757
57651	9126	3	0	562.744	29.9163	601.725
57332	9127	1	0	551.536	250.471	13.024
57333	9127	3	0	511.536	262.471	13.4744
57348	9127	1	0	511.536	262.471	27.0638
57349	9127	2	0	824.536	13.471	27.8809
57350	9127	3	0	816.161	23.3253	27.8975
57351	9127	1	0	816.161	23.3253	28.8978
57352	9127	3	0	756.161	44.3253	29.3981
57370	9127	1	0	756.161	44.3253	39.9863
57371	9127	3	0	659.161	80.3253	40.4699
57374	9127	1	0	659.161	80.3253	42.8874
57375	9127	3	1	243.161	298.325	43.3543
57390	9127	1	1	243.161	298.325	151.36
57391	9127	3	1	234.161	363.325	152.544
57536	9127	1	1	234.161	363.325	302.404
57537	9127	3	1	247.161	370.325	302.888
57594	9127	1	1	247.161	370.325	425.331
57595	9127	3	1	195.161	370.325	425.631
57633	9127	1	1	195.161	370.325	513.898
57634	9127	3	1	300.16	306.325	514.382
57637	9127	1	1	300.16	306.325	546.421
57638	9127	3	0	714.161	213.325	547.122
57334	9128	1	0	752.057	280.565	15.2416
57335	9128	3	0	695.057	303.565	15.7251
57342	9128	1	0	695.057	303.565	22.2783
57343	9128	3	0	516.057	451.565	22.9618
57402	9128	1	0	516.057	451.565	158.913
57403	9128	3	1	386.057	261.565	159.43
57406	9128	1	1	386.057	261.565	163.482
57407	9128	3	0	544.057	434.565	164.349
57414	9128	1	0	544.057	434.565	167.684
57415	9128	3	1	357.057	155.566	168.067
57420	9128	1	1	357.057	155.566	174.237
57421	9128	3	1	388.057	229.566	174.77
57422	9128	1	1	388.057	229.566	175.221
57423	9128	3	0	570.057	398.565	175.621
57434	9128	1	0	570.057	398.565	181.456
57435	9128	3	1	393.057	311.565	181.906
57492	9128	1	1	393.057	311.565	243.154
57493	9128	3	0	507.057	256.565	243.821
57498	9128	1	0	507.057	256.565	247.973
57499	9128	3	1	377.057	310.565	248.406
57502	9128	1	1	377.057	310.565	250.374
57503	9128	3	0	560.057	96.5655	251.141
57508	9128	1	0	560.057	96.5655	254.71
57509	9128	3	1	384.057	357.565	255.294
57534	9128	1	1	384.057	357.565	301.554
57535	9128	3	1	384.057	401.565	302.021
57631	9128	1	1	384.057	401.565	512.948
57632	9128	3	1	359.057	135.566	513.431
57338	9129	1	0	553.802	72.6795	18.6934
57339	9129	3	0	525.802	84.6795	19.0936
57358	9129	1	0	525.802	84.6795	33.75
57359	9129	3	0	509.802	243.68	34.3837
57398	9129	1	0	509.802	243.68	156.396
57399	9129	3	1	273.802	119.679	156.712
57404	9129	1	1	273.802	119.679	161.982
57405	9129	3	1	321.802	150.68	162.432
57408	9129	1	1	321.802	150.68	165.133
57409	9129	3	0	575.802	221.68	165.566
57428	9129	1	0	575.802	221.68	178.171
57429	9129	3	1	375.802	176.68	178.638
57430	9129	1	1	375.802	176.68	179.472
57431	9129	3	0	566.802	181.68	179.855
57452	9129	1	0	566.802	181.68	200.381
57453	9129	3	0	558.802	205.68	200.948
57460	9129	1	0	558.802	205.68	210.019
57461	9129	3	0	568.802	234.68	210.453
57484	9129	1	0	568.802	234.68	238.335
57485	9129	3	0	505.802	260.68	239.152
57488	9129	1	0	505.802	260.68	240.902
57489	9129	3	1	329.802	224.68	241.286
57516	9129	1	1	329.802	224.68	259.112
57517	9129	3	1	336.802	256.68	259.446
57528	9129	1	1	336.802	256.68	271.002
57529	9129	3	1	369.802	261.68	272.336
57540	9129	1	1	369.802	261.68	309.491
57541	9129	3	1	375.802	295.68	309.891
57548	9129	1	1	375.802	295.68	355.464
57549	9129	3	0	700.802	127.679	356.097
57554	9129	1	0	700.802	127.679	360.065
57555	9129	3	0	673.802	162.68	362.016
57562	9129	1	0	673.802	162.68	367.868
57563	9129	3	1	382.802	290.68	369.036
57564	9129	1	1	382.802	290.68	369.686
57565	9129	3	0	781.802	169.68	371.837
57568	9129	1	0	781.802	169.68	377.506
57569	9129	3	0	670.802	117.679	378.457
57572	9129	1	0	670.802	117.679	380.541
57573	9129	3	1	116.801	234.68	381.592
57591	9129	1	1	116.801	234.68	414.141
57592	9129	2	1	399.802	233.68	415.359
57593	9129	3	1	390.343	233.784	415.375
57625	9129	1	1	390.343	233.784	508.211
57626	9129	3	1	140.343	113.784	509.012
57336	9130	1	0	573.358	104.889	16.6423
57337	9130	3	0	677.358	60.8886	18.0764
57340	9130	1	0	677.358	60.8886	19.5271
57341	9130	3	0	636.358	67.8886	20.7274
57360	9130	1	0	636.358	67.8886	35.0673
57361	9130	3	0	636.358	67.8886	35.184
57368	9130	1	0	636.358	67.8886	38.9357
57369	9130	3	0	524.358	115.889	39.4027
57378	9130	1	0	524.358	115.889	89.9438
57379	9130	3	0	680.358	130.889	90.5273
57380	9130	1	0	680.358	130.889	91.2111
57381	9130	3	0	833.358	286.889	91.8946
57440	9130	1	0	833.358	286.889	186.641
57441	9130	3	0	557.358	327.889	188.126
57442	9130	1	0	557.358	327.889	189.059
57443	9130	3	0	531.358	340.889	189.759
57522	9130	1	0	531.358	340.889	264.482
57523	9130	3	0	572.358	348.889	266.149
57613	9130	1	0	572.358	348.889	476.674
57614	9130	3	0	598.358	51.8886	477.725
57639	9130	1	0	598.358	51.8886	547.672
57640	9130	3	0	593.358	195.889	548.039
57652	9130	1	0	593.358	195.889	603.743
57653	9130	3	0	705.358	54.8886	604.31
57330	9131	1	0	618.532	410.961	12.4571
57331	9131	3	0	568.532	420.961	12.6404
57344	9131	1	0	568.532	420.961	23.4955
57345	9131	3	0	717.532	278.961	23.929
57353	9131	1	0	717.532	278.961	30.3152
57354	9131	2	0	481.532	372.961	31.0323
57355	9131	3	0	511.17	353.909	31.0822
57394	9131	1	0	511.17	353.909	154.561
57395	9131	3	1	142.17	215.909	154.928
57418	9131	1	1	142.17	215.909	172.569
57419	9131	3	1	394.17	299.909	173.587
57424	9131	1	1	394.17	299.909	176.104
57425	9131	3	0	559.17	328.909	176.487
57432	9131	1	0	559.17	328.909	180.406
57433	9131	3	1	385.17	209.909	180.789
57438	9131	1	1	385.17	209.909	184.374
57439	9131	3	1	392.17	244.909	184.891
57466	9131	1	1	392.17	244.909	222.976
57467	9131	3	0	692.17	76.9087	223.677
57472	9131	1	0	692.17	76.9087	226.378
57473	9131	3	0	620.17	137.909	228.863
57478	9131	1	0	620.17	137.909	232.015
57479	9131	3	1	364.17	190.909	232.548
57482	9131	1	1	364.17	190.909	234.316
57483	9131	3	1	391.17	240.909	235.233
57486	9131	1	1	391.17	240.909	239.652
57487	9131	3	0	495.17	169.909	240.519
57490	9131	1	0	495.17	169.909	241.87
57491	9131	3	0	590.17	234.909	242.603
57494	9131	1	0	590.17	234.909	244.305
57495	9131	3	0	598.17	258.909	245.705
57500	9131	1	0	598.17	258.909	249.207
57501	9131	3	0	536.17	252.909	249.791
57504	9131	1	0	536.17	252.909	251.641
57505	9131	3	1	392.17	334.909	252.209
57506	9131	1	1	392.17	334.909	253.643
57507	9131	3	0	552.17	235.909	254.126
57526	9131	1	0	552.17	235.909	269.251
57527	9131	3	0	514.17	273.909	270.068
57530	9131	1	0	514.17	273.909	274.137
57531	9131	3	0	581.17	248.909	274.621
57546	9131	1	0	581.17	248.909	354.213
57547	9131	3	0	579.17	268.909	354.613
57558	9131	1	0	579.17	268.909	364.834
57559	9131	3	0	560.17	257.909	365.851
57576	9131	1	0	560.17	257.909	387.394
57577	9131	3	1	360.17	165.909	387.828
57580	9131	1	1	360.17	165.909	390.679
57581	9131	3	0	746.17	69.9087	391.096
57600	9131	1	0	746.17	69.9087	432.968
57601	9131	3	0	796.17	157.909	433.401
57602	9131	1	0	796.17	157.909	437.02
57603	9131	3	0	821.17	33.9087	437.504
57646	9131	1	0	821.17	33.9087	550.74
57647	9131	3	1	275.17	396.909	551.774
57648	9131	1	1	275.17	396.909	552.292
57649	9131	3	1	276.17	333.909	552.575
57356	9132	1	0	718.158	420.492	31.966
57357	9132	3	0	584.158	355.492	32.6161
57396	9132	1	0	584.158	355.492	155.479
57397	9132	3	1	291.158	256.492	155.879
57446	9132	1	1	291.158	256.492	195.379
57447	9132	3	1	295.158	181.492	196.279
57448	9132	1	1	295.158	181.492	197.63
57449	9132	3	1	261.158	220.492	197.964
57454	9132	1	1	261.158	220.492	205.784
57455	9132	3	1	286.158	243.492	206.968
57474	9132	1	1	286.158	243.492	229.697
57475	9132	3	1	364.158	207.492	230.247
57476	9132	1	1	364.158	207.492	231.231
57477	9132	3	0	520.158	118.493	231.647
57480	9132	1	0	520.158	118.493	233.399
57481	9132	3	0	573.158	148.492	233.716
57510	9132	1	0	573.158	148.492	255.911
57511	9132	3	0	509.158	168.492	256.294
57520	9132	1	0	509.158	168.492	261.113
57521	9132	3	0	606.158	153.492	262.097
57532	9132	1	0	606.158	153.492	275.138
57533	9132	3	0	578.158	168.492	276.905
57550	9132	1	0	578.158	168.492	356.564
57551	9132	3	1	387.158	301.492	357.715
57552	9132	1	1	387.158	301.492	358.982
57553	9132	3	0	558.158	141.492	359.498
57556	9132	1	0	558.158	141.492	362.416
57557	9132	3	1	391.158	289.492	363.116
57560	9132	1	1	391.158	289.492	366.951
57561	9132	3	0	604.158	97.4925	367.368
57566	9132	1	0	604.158	97.4925	372.487
57567	9132	3	1	388.158	293.492	374.688
57570	9132	1	1	388.158	293.492	379.141
57571	9132	3	0	836.158	142.492	379.741
57578	9132	1	0	836.158	142.492	388.528
57579	9132	3	1	264.158	151.492	389.495
57585	9132	1	1	264.158	151.492	392.463
57586	9132	3	0	641.158	110.493	392.846
57596	9132	1	0	641.158	110.493	429.6
57597	9132	3	0	565.158	203.492	429.933
57609	9132	1	0	565.158	203.492	443.573
57610	9132	3	0	745.158	200.492	444.107
57611	9132	1	0	745.158	200.492	465.351
57612	9132	3	0	633.158	209.492	465.802
57619	9132	1	0	633.158	209.492	491.85
57620	9132	3	0	744.158	331.492	492.367
57644	9132	1	0	744.158	331.492	549.573
57645	9132	3	1	346.158	287.492	549.99
57325	9133	1	0	825.625	329.375	10.1227
57326	9133	2	0	850.625	148.375	10.523
57327	9133	3	0	841.557	152.209	10.5396
57364	9133	1	0	841.557	152.209	36.5844
57365	9133	3	0	679.557	218.209	37.4348
57384	9133	1	0	679.557	218.209	108.253
57385	9133	3	1	279.557	179.209	109.254
57386	9133	1	1	279.557	179.209	116.091
57387	9133	3	0	664.557	126.209	117.108
57456	9133	1	0	664.557	126.209	207.952
57457	9133	3	0	585.557	80.2093	208.436
57458	9133	1	0	585.557	80.2093	208.969
57459	9133	3	0	556.557	112.209	209.619
57462	9133	1	0	556.557	112.209	210.887
57463	9133	3	0	546.557	121.209	211.751
57468	9133	1	0	546.557	121.209	224.044
57469	9133	3	1	259.557	117.209	224.51
57514	9133	1	1	259.557	117.209	258.362
57515	9133	3	1	307.557	120.209	258.796
57518	9133	1	1	307.557	120.209	259.813
57519	9133	3	1	306.557	150.209	260.263
57542	9133	1	1	306.557	150.209	315.243
57543	9133	3	1	307.557	182.209	315.994
57574	9133	1	1	307.557	182.209	383.159
57575	9133	3	0	618.557	116.209	386.561
57582	9133	1	0	618.557	116.209	391.379
57583	9133	2	1	132.557	88.2093	391.829
57584	9133	3	0	495.917	180.742	392.196
57587	9133	1	0	495.917	180.742	393.196
57588	9133	3	1	302.917	131.742	393.48
57589	9133	1	1	302.917	131.742	399.716
57590	9133	3	1	314.917	139.742	400.117
57621	9133	1	1	314.917	139.742	493.067
57622	9133	3	1	162.917	248.742	493.468
57323	9134	1	0	602.518	323.472	8.98883
57324	9134	3	0	692.518	188.472	9.70587
57362	9134	1	0	692.518	188.472	35.6175
57363	9134	3	0	577.518	257.472	36.1009
57366	9134	1	0	577.518	257.472	37.8685
57367	9134	3	0	590.518	243.472	38.3689
57400	9134	1	0	590.518	243.472	157.163
57401	9134	3	0	618.518	321.472	158.38
57410	9134	1	0	618.518	321.472	165.967
57411	9134	3	1	170.518	39.4721	166.35
57412	9134	1	1	170.518	39.4721	166.667
57413	9134	3	1	215.518	141.472	167.084
57416	9134	1	1	215.518	141.472	169.668
57417	9134	3	1	234.518	139.472	170.035
57444	9134	1	1	234.518	139.472	193.678
57445	9134	3	1	357.518	150.472	194.512
57450	9134	1	1	357.518	150.472	198.547
57451	9134	3	1	288.518	118.472	199.447
57464	9134	1	1	288.518	118.472	221.643
57465	9134	3	0	690.518	125.472	222.26
57470	9134	1	0	690.518	125.472	225.378
57471	9134	3	0	673.518	241.472	225.778
57604	9134	1	0	673.518	241.472	438.187
57605	9134	3	0	755.518	207.472	438.854
57606	9134	1	0	755.518	207.472	442.373
57607	9134	2	0	708.518	4.47214	442.973
57608	9134	3	0	706.754	15.7008	442.989
57641	9134	1	0	706.754	15.7008	548.589
57642	9134	2	1	226.754	531.701	549.006
57643	9134	3	1	219.379	440.351	549.123
58546	9196	1	0	647.401	337.909	13.4733
58547	9196	3	0	647.401	380.909	13.7402
58588	9196	1	0	647.401	380.909	100.633
58589	9196	3	0	647.401	380.909	100.966
58590	9196	1	0	647.401	380.909	102.35
58591	9196	3	0	647.401	380.909	102.517
58592	9196	1	0	647.401	380.909	106.702
58593	9196	3	0	500.401	353.909	107.436
58596	9196	1	0	500.401	353.909	134.867
58597	9196	3	1	240.401	346.909	135.15
58644	9196	1	1	240.401	346.909	260.299
58645	9196	3	1	258.401	369.909	260.649
58658	9196	1	1	258.401	369.909	352.999
58659	9196	3	1	328.401	385.909	355.584
58670	9196	1	1	328.401	385.909	397.474
58671	9196	3	1	263.401	365.909	398.057
58694	9196	1	1	263.401	365.909	440.829
58695	9196	3	1	240.401	363.909	442.114
58704	9196	1	1	240.401	363.909	503.531
58705	9196	3	1	316.401	244.909	504.482
58608	9199	1	0	705.025	116.898	140.903
58609	9199	3	1	347.025	104.898	141.337
58648	9199	1	1	347.025	104.898	326.451
58649	9199	3	0	562.025	178.898	326.818
58664	9199	1	0	562.025	178.898	385.317
58665	9199	3	0	694.025	26.8979	385.934
58716	9199	1	0	694.025	26.8979	520.06
58717	9199	3	0	564.025	30.8979	521.294
58718	9199	1	0	564.025	30.8979	537.522
58719	9199	3	0	567.025	198.898	538.206
58741	9199	1	0	567.025	198.898	557.019
58742	9199	3	0	580.025	163.898	558.604
58748	9199	1	0	580.025	163.898	564.624
58749	9199	3	1	377.025	377.898	565.125
58756	9199	1	1	377.025	377.898	571.846
58757	9199	3	0	537.025	400.898	572.229
58762	9199	1	0	537.025	400.898	577.283
58763	9199	3	0	562.025	380.898	578.167
58768	9199	1	0	562.025	380.898	581.219
58769	9199	3	1	358.025	378.898	581.519
58803	9199	1	1	358.025	378.898	615.86
58804	9199	3	0	659.025	129.898	616.26
58558	9202	1	0	796.695	210.708	32.0323
58559	9202	3	0	581.695	79.7079	32.6656
58606	9202	1	0	581.695	79.7079	139.919
58607	9202	3	1	248.695	88.7079	140.303
58682	9202	1	1	248.695	88.7079	411.965
58683	9202	3	1	267.695	73.7079	413.399
58686	9202	1	1	267.695	73.7079	423.471
58687	9202	3	1	291.695	165.708	424.455
58706	9202	1	1	291.695	165.708	505.95
58707	9202	3	1	183.695	64.7079	506.7
58720	9202	1	1	183.695	64.7079	539.857
58721	9202	3	1	211.695	368.708	541.358
58737	9202	1	1	211.695	368.708	554.717
58738	9202	3	0	595.695	262.708	555.184
58750	9202	1	0	595.695	262.708	565.658
58751	9202	3	0	576.695	187.708	567.026
58770	9202	1	0	576.695	187.708	582.186
58771	9202	3	1	306.695	151.708	582.553
58537	9205	1	0	620.156	386.884	8.25464
58538	9205	2	0	818.156	408.884	9.10504
58539	9205	3	0	801.839	389.141	9.13818
58594	9205	1	0	801.839	389.141	123.21
58595	9205	3	0	801.839	389.141	123.31
58636	9205	1	0	801.839	389.141	171.784
58637	9205	3	0	788.839	386.141	171.85
58666	9205	1	0	788.839	386.141	386.634
58667	9205	3	0	780.839	255.141	386.934
58668	9205	1	0	780.839	255.141	396.09
58669	9205	3	0	775.839	37.1413	396.773
58696	9205	1	0	775.839	37.1413	494.192
58697	9205	3	0	618.839	132.141	494.842
58714	9205	1	0	618.839	132.141	518.525
58715	9205	3	0	682.839	287.141	519.209
58548	9208	1	0	668.974	136.45	14.3403
58549	9208	3	0	641.974	270.45	14.8572
58569	9208	1	0	641.974	270.45	61.2965
58570	9208	3	0	705.974	258.45	62.3804
58578	9208	1	0	705.974	258.45	74.2858
58579	9208	3	0	734.974	281.45	74.6694
58586	9208	1	0	734.974	281.45	87.6921
58587	9208	3	0	715.974	247.45	88.7762
58614	9208	1	0	715.974	247.45	145.538
58615	9208	3	0	685.974	247.45	146.622
58630	9208	1	0	685.974	247.45	169.066
58631	9208	3	0	697.974	189.45	169.383
58642	9208	1	0	697.974	189.45	213.541
58643	9208	3	0	616.974	17.4499	214.625
58652	9208	1	0	616.974	17.4499	344.061
58653	9208	3	0	546.974	323.45	345.295
58662	9208	1	0	546.974	323.45	376.045
58663	9208	3	0	537.974	33.4499	376.995
58672	9208	1	0	537.974	33.4499	399.692
58673	9208	3	0	532.974	262.45	400.192
58680	9208	1	0	532.974	262.45	410.597
58681	9208	3	0	540.974	292.45	411.081
58732	9208	1	0	540.974	292.45	551.999
58733	9208	2	1	149.974	238.45	552.616
58734	9208	3	0	498.03	225.829	552.983
58735	9208	1	0	498.03	225.829	553.617
58736	9208	3	0	522.029	330.829	553.917
58739	9208	1	0	522.029	330.829	555.601
58740	9208	3	1	77.0295	352.829	556.035
58781	9208	1	1	77.0295	352.829	589.224
58782	9208	3	0	631.029	275.829	589.792
58783	9208	1	0	631.029	275.829	592.11
58784	9208	2	1	-1.97052	321.829	592.61
58785	9208	3	1	25.8936	307.274	592.66
58786	9208	1	1	25.8936	307.274	594.178
58787	9208	3	1	216.894	374.274	595.112
58788	9208	1	1	216.894	374.274	603.418
58789	9208	3	1	285.894	381.274	603.835
58793	9208	1	1	285.894	381.274	606.086
58794	9208	3	0	522.894	361.274	606.503
58556	9210	1	0	803.096	159.672	30.4149
58557	9210	3	0	645.096	175.672	31.4152
58560	9210	1	0	645.096	175.672	33.1158
58561	9210	2	0	890.096	173.672	33.5827
58562	9210	3	0	820.016	186.072	33.6993
58618	9210	1	0	820.016	186.072	148.323
58619	9210	3	1	39.0159	120.072	149.39
58660	9210	1	1	39.0159	120.072	360.753
58661	9210	3	1	62.0159	162.072	361.237
58674	9210	1	1	62.0159	162.072	402.56
58675	9210	3	1	62.0159	162.072	403.077
58698	9210	1	1	62.0159	162.072	497.744
58699	9210	3	1	331.016	180.072	500.146
58702	9210	1	1	331.016	180.072	501.88
58703	9210	3	1	59.0159	110.072	502.731
58542	9211	1	0	593.655	356.79	11.3892
58543	9211	3	0	556.655	353.79	11.7393
58567	9211	1	0	556.655	353.79	59.9286
58568	9211	3	0	614.655	266.79	60.8959
58576	9211	1	0	614.655	266.79	73.1685
58577	9211	3	0	658.655	266.79	73.8356
58580	9211	1	0	658.655	266.79	75.1528
58581	9211	3	0	658.655	261.79	75.9033
58584	9211	1	0	658.655	261.79	77.8209
58585	9211	3	0	650.655	258.79	78.9046
58602	9211	1	0	650.655	258.79	137.685
58603	9211	3	1	348.655	232.79	138.069
58620	9211	1	1	348.655	232.79	151.658
58621	9211	3	0	566.655	247.79	151.925
58626	9211	1	0	566.655	247.79	155.659
58627	9211	3	1	352.655	438.79	156.293
58628	9211	1	1	352.655	438.79	157.31
58629	9211	3	1	370.655	392.79	157.76
58634	9211	1	1	370.655	392.79	170.9
58635	9211	3	0	542.655	393.79	171.367
58638	9211	1	0	542.655	393.79	175.069
58639	9211	3	1	375.655	381.79	175.736
58654	9211	1	1	375.655	381.79	346.629
58655	9211	3	1	387.655	350.79	347.313
58656	9211	1	1	387.655	350.79	347.83
58657	9211	3	1	363.655	173.79	348.914
58688	9211	1	1	363.655	173.79	432.442
58689	9211	3	1	363.655	173.79	432.892
58690	9211	1	1	363.655	173.79	434.576
58691	9211	3	1	163.655	389.79	436.226
58692	9211	1	1	163.655	389.79	436.86
58693	9211	3	1	375.655	367.79	438.011
58712	9211	1	1	375.655	367.79	511.053
58713	9211	3	1	335.655	358.79	511.37
58745	9211	1	1	335.655	358.79	563.29
58746	9211	2	0	476.655	362.79	563.974
58747	9211	3	0	497.413	350.026	564.008
58752	9211	1	0	497.413	350.026	567.76
58753	9211	3	0	539.412	320.026	568.86
58758	9211	1	0	539.412	320.026	573.013
58759	9211	3	0	581.412	280.026	574.031
58772	9211	1	0	581.412	280.026	583.154
58773	9211	3	0	569.412	167.026	584.338
58779	9211	1	0	569.412	167.026	588.157
58780	9211	3	1	178.413	164.026	588.641
58544	9212	1	0	632.587	283.703	12.2228
58545	9212	3	0	542.587	279.703	12.6895
58563	9212	1	0	542.587	279.703	49.8073
58564	9212	3	0	555.587	253.702	51.7915
58565	9212	1	0	555.587	253.702	58.5113
58566	9212	3	0	526.587	264.703	59.3783
58571	9212	1	0	526.587	264.703	70.3676
58572	9212	2	0	493.587	261.703	70.8509
58573	9212	3	0	502.8	260.283	70.8676
58598	9212	1	0	502.8	260.283	135.834
58599	9212	3	1	224.8	245.283	136.151
58678	9212	1	1	224.8	245.283	405.861
58679	9212	3	1	86.7998	301.283	406.795
58743	9212	1	1	86.7998	301.283	561.439
58744	9212	3	1	200.8	309.283	562.323
58604	9213	1	0	748.424	415.666	138.786
58605	9213	3	1	329.424	349.666	139.269
58624	9213	1	1	329.424	349.666	154.742
58625	9213	3	0	554.424	373.666	155.126
58632	9213	1	0	554.424	373.666	169.916
58633	9213	3	0	630.424	314.666	170.383
58640	9213	1	0	630.424	314.666	204.719
58641	9213	3	0	552.424	20.6664	205.486
58650	9213	1	0	552.424	20.6664	327.385
58651	9213	3	1	366.424	37.6664	328.286
58684	9213	1	1	366.424	37.6664	414.182
58685	9213	3	1	370.424	85.6664	415.033
58754	9213	1	1	370.424	85.6664	570.394
58755	9213	3	1	302.424	168.666	571.229
58766	9213	1	1	302.424	168.666	580.051
58767	9213	3	0	736.424	111.666	580.451
58774	9213	1	0	736.424	111.666	585.022
58775	9213	2	1	325.424	62.6664	585.555
58776	9213	3	0	502.344	151.058	585.772
58790	9213	1	0	502.344	151.058	604.585
58791	9213	2	1	306.344	71.0578	604.986
58792	9213	3	0	502.243	159.749	605.219
58799	9213	1	0	502.243	159.749	610.839
58800	9213	3	0	609.244	233.749	611.89
58805	9213	1	0	609.244	233.749	616.66
58806	9213	3	1	347.243	361.749	617.427
58540	9214	1	0	620.853	374.334	10.4719
58541	9214	3	0	544.853	433.334	10.9055
58574	9214	1	0	544.853	433.334	71.4345
58575	9214	3	0	564.853	265.334	72.6518
58582	9214	1	0	564.853	265.334	76.3203
58583	9214	3	0	578.853	260.334	77.4373
58600	9214	1	0	578.853	260.334	136.718
58601	9214	3	1	212.853	159.334	137.101
58708	9214	1	1	212.853	159.334	507.334
58709	9214	3	1	166.853	147.334	507.684
58777	9214	1	1	166.853	147.334	586.673
58778	9214	3	0	763.853	84.334	587.54
58797	9214	1	0	763.853	84.334	609.405
58798	9214	3	1	76.8529	372.334	610.089
58552	9215	1	0	594.347	73.8259	17.4919
58553	9215	3	0	805.347	63.8259	18.9095
58612	9215	1	0	805.347	63.8259	143.554
58613	9215	3	1	78.3466	128.826	144.588
58616	9215	1	1	78.3466	128.826	147.406
58617	9215	3	0	680.347	123.826	147.906
58622	9215	1	0	680.347	123.826	152.508
58623	9215	3	1	298.347	237.826	152.992
58646	9215	1	1	298.347	237.826	261.383
58647	9215	3	1	323.347	255.826	261.733
58700	9215	1	1	323.347	255.826	500.846
58701	9215	3	1	134.347	256.826	501.246
58722	9215	1	1	134.347	256.826	542.192
58723	9215	3	1	206.347	285.826	543.093
58724	9215	1	1	206.347	285.826	544.694
58725	9215	3	1	96.3466	230.826	545.177
58550	9216	1	0	800.475	190.8	15.4078
58551	9216	3	0	643.475	185.8	15.9913
58554	9216	1	0	643.475	185.8	29.3476
58555	9216	3	0	809.475	291.8	30.0147
58610	9216	1	0	809.475	291.8	142.037
58611	9216	3	1	33.4753	291.8	142.57
58676	9216	1	1	33.4753	291.8	404.31
58677	9216	3	1	89.4753	382.8	405.027
58710	9216	1	1	89.4753	382.8	509.336
58711	9216	3	1	315.475	145.8	510.553
58726	9216	1	1	315.475	145.8	545.661
58727	9216	3	1	205.475	292.8	546.261
58728	9216	1	1	205.475	292.8	546.762
58729	9216	3	1	204.475	284.8	547.079
58730	9216	1	1	204.475	284.8	550.564
58731	9216	3	0	749.475	162.8	551.365
58760	9216	1	0	749.475	162.8	574.614
58761	9216	3	1	313.475	380.8	576.065
58764	9216	1	1	313.475	380.8	578.834
58765	9216	3	0	727.475	210.8	579.417
58795	9216	1	0	727.475	210.8	607.954
58796	9216	3	1	146.475	446.8	608.555
58801	9216	1	1	146.475	446.8	612.741
58802	9216	3	1	242.475	388.8	613.942
