45167	8283	1	0	772.968	347.377	15.2648
45168	8283	3	0	804.968	382.377	15.5085
45210	8283	1	0	804.968	382.377	91.4671
45211	8283	3	0	780.968	361.377	91.7339
45314	8283	1	0	780.968	361.377	571.191
45315	8283	3	0	757.968	361.377	571.974
45316	8283	1	0	757.968	361.377	572.391
45317	8283	3	0	788.968	377.377	572.675
45322	8283	1	0	788.968	377.377	577.211
45323	8283	3	0	804.968	404.377	577.578
45165	8284	1	0	735.863	364.062	14.6077
45166	8284	3	0	659.863	381.062	14.8746
45181	8284	1	0	659.863	381.062	38.6214
45182	8284	3	1	163.863	212.062	39.155
45222	8284	1	1	163.863	212.062	115.581
45223	8284	3	1	111.863	205.062	115.848
45251	8284	1	1	111.863	205.062	279.155
45252	8284	3	1	87.8634	282.062	279.538
45255	8284	1	1	87.8634	282.062	280.605
45256	8284	3	1	60.8634	158.062	280.855
45267	8284	1	1	60.8634	158.062	358.529
45268	8284	3	1	257.863	262.062	359.813
45271	8284	1	1	257.863	262.062	363.082
45272	8284	3	0	583.863	107.062	364.132
45334	8284	1	0	583.863	107.062	650.362
45335	8284	3	0	535.863	158.062	650.762
45163	8285	1	0	589.58	419.474	13.8236
45164	8285	3	0	539.58	399.474	14.0572
45179	8285	1	0	539.58	399.474	36.5036
45180	8285	3	1	127.58	361.474	37.254
45220	8285	1	1	127.58	361.474	114.23
45221	8285	3	1	94.58	359.474	114.964
45247	8285	1	1	94.58	359.474	275.553
45248	8285	3	1	76.58	364.474	275.953
45249	8285	1	1	76.58	364.474	278.321
45250	8285	3	1	70.58	376.474	278.654
45298	8285	1	1	70.58	376.474	420.313
45299	8285	3	1	85.58	255.474	420.896
45302	8285	1	1	85.58	255.474	423.231
45303	8285	3	1	66.58	267.474	423.581
45138	8286	1	0	530.949	144.238	2.05121
45139	8286	3	0	550.949	177.238	2.38458
45140	8286	1	0	550.949	177.238	2.76813
45141	8286	3	0	598.949	261.238	2.9848
45142	8286	1	0	598.949	261.238	5.28619
45143	8286	3	0	598.949	261.238	5.41962
45161	8286	1	0	598.949	261.238	13.1899
45162	8286	3	0	578.949	241.238	13.4234
45169	8286	1	0	578.949	241.238	15.9754
45170	8286	3	0	630.949	267.238	16.1254
45183	8286	1	0	630.949	267.238	41.3733
45184	8286	3	0	646.949	390.238	41.7564
45206	8286	1	0	646.949	390.238	90.1167
45207	8286	3	0	710.949	392.238	90.4335
45208	8286	1	0	710.949	392.238	90.8002
45209	8286	3	0	643.949	390.238	91.067
45226	8286	1	0	643.949	390.238	117.832
45227	8286	3	0	643.949	364.238	118.149
45228	8286	1	0	643.949	364.238	147.464
45229	8286	2	1	284.949	262.238	148.114
45230	8286	3	0	497.244	237.684	148.381
45231	8286	1	0	497.244	237.684	149.098
45232	8286	3	0	652.244	371.684	151.716
45241	8286	1	0	652.244	371.684	244.637
45242	8286	3	0	723.244	270.684	245.054
45243	8286	1	0	723.244	270.684	245.154
45244	8286	3	0	722.244	274.684	245.271
45245	8286	1	0	722.244	274.684	245.604
45246	8286	3	0	668.244	358.684	246.138
45269	8286	1	0	668.244	358.684	360.43
45270	8286	3	0	651.244	371.684	362.165
45273	8286	1	0	651.244	371.684	364.582
45274	8286	2	1	238.244	205.684	365.133
45275	8286	3	0	494.417	213.415	365.433
45276	8286	1	0	494.417	213.415	366.067
45277	8286	3	0	642.417	354.415	366.834
45280	8286	1	0	642.417	354.415	369.251
45281	8286	3	1	258.417	242.415	369.752
45282	8286	1	1	258.417	242.415	370.869
45283	8286	3	1	234.417	319.415	371.186
45284	8286	1	1	234.417	319.415	371.603
45285	8286	3	1	201.417	378.415	371.92
45286	8286	1	1	201.417	378.415	372.387
45287	8286	3	1	198.417	346.415	372.62
45288	8286	1	1	198.417	346.415	373.904
45289	8286	3	1	199.417	355.415	374.287
45290	8286	1	1	199.417	355.415	378.155
45291	8286	3	1	226.417	360.415	378.672
45294	8286	1	1	226.417	360.415	391.563
45295	8286	3	1	227.417	333.415	391.747
45300	8286	1	1	227.417	333.415	421.513
45301	8286	3	1	83.4167	372.415	422.614
45328	8286	1	1	83.4167	372.415	629.581
45329	8286	3	1	79.4167	386.415	629.964
45146	8287	1	0	571.937	22.0205	7.67084
45147	8287	2	0	492.937	155.02	8.03772
45148	8287	3	0	508.584	160.05	8.07092
45159	8287	1	0	508.584	160.05	12.5395
45160	8287	3	0	504.584	85.0498	12.7897
45171	8287	1	0	504.584	85.0498	16.5425
45172	8287	3	0	496.584	167.05	16.7759
45185	8287	1	0	496.584	167.05	42.2569
45186	8287	2	0	485.584	360.05	42.5904
45187	8287	3	0	501.634	344.975	42.6237
45200	8287	1	0	501.634	344.975	88.7492
45201	8287	3	0	504.634	403.975	89.1326
45202	8287	1	0	504.634	403.975	89.2328
45203	8287	3	0	504.634	403.975	89.2827
45204	8287	1	0	504.634	403.975	89.4662
45205	8287	3	0	506.634	337.975	89.7499
45330	8287	1	0	506.634	337.975	647.609
45331	8287	3	0	519.634	389.975	647.893
45173	8288	1	0	569.471	12.7568	17.2096
45174	8288	3	0	521.471	56.7568	17.4262
45188	8288	1	0	521.471	56.7568	45.4583
45189	8288	3	0	521.471	194.757	45.7919
45190	8288	1	0	521.471	194.757	45.9921
45191	8288	3	1	261.471	97.7568	46.3756
45224	8288	1	1	261.471	97.7568	116.998
45225	8288	3	1	147.471	92.7568	117.265
45253	8288	1	1	147.471	92.7568	279.921
45254	8288	3	1	144.471	168.757	280.272
45257	8288	1	1	144.471	168.757	281.139
45258	8288	3	1	46.4706	267.757	281.489
45263	8288	1	1	46.4706	267.757	283.907
45264	8288	3	1	46.4706	267.757	284.024
45265	8288	1	1	46.4706	267.757	284.474
45266	8288	3	1	66.4706	267.757	284.808
45292	8288	1	1	66.4706	267.757	390.596
45293	8288	3	1	76.4706	230.757	390.913
45296	8288	1	1	76.4706	230.757	419.646
45297	8288	3	1	57.4706	169.757	419.913
45304	8288	1	1	57.4706	169.757	424.048
45305	8288	3	1	74.4706	175.757	424.965
45306	8288	1	1	74.4706	175.757	437.623
45307	8288	3	0	798.471	92.7568	439.908
45308	8288	1	0	798.471	92.7568	440.724
45309	8288	3	1	185.471	162.757	441.391
45310	8288	1	1	185.471	162.757	500.56
45311	8288	3	1	210.471	238.757	500.91
45312	8288	1	1	210.471	238.757	542.387
45313	8288	3	1	298.471	296.757	543.955
45326	8288	1	1	298.471	296.757	626.845
45327	8288	3	1	80.4706	164.757	628.463
45144	8289	1	0	495.475	75.2365	5.8866
45145	8289	3	0	751.476	136.236	6.50354
45155	8289	1	0	751.476	136.236	11.1056
45156	8289	3	0	784.476	172.236	11.3224
45196	8289	1	0	784.476	172.236	54.2466
45197	8289	3	0	750.476	156.236	54.6801
45198	8289	1	0	750.476	156.236	55.197
45199	8289	3	0	750.476	229.236	55.4971
45212	8289	1	0	750.476	229.236	92.1174
45213	8289	3	0	713.476	205.236	92.4176
45318	8289	1	0	713.476	205.236	573.109
45319	8289	3	0	802.476	264.237	573.676
45320	8289	1	0	802.476	264.237	575.677
45321	8289	3	0	794.476	254.236	576.194
45324	8289	1	0	794.476	254.236	578.095
45325	8289	3	0	806.476	271.237	578.796
45153	8290	1	0	751.092	37.4752	10.2388
45154	8290	3	0	772.092	21.4752	10.5223
45175	8290	1	0	772.092	21.4752	18.0767
45176	8290	3	0	701.092	28.4752	18.3268
45194	8290	1	0	701.092	28.4752	48.6932
45195	8290	3	0	637.092	121.475	49.127
45216	8290	1	0	637.092	121.475	97.27
45217	8290	3	0	581.092	124.475	97.5867
45218	8290	1	0	581.092	124.475	98.2538
45219	8290	3	0	585.092	107.475	98.5706
45235	8290	1	0	585.092	107.475	227.71
45236	8290	3	1	260.092	361.475	228.444
45261	8290	1	1	260.092	361.475	283.04
45262	8290	3	1	230.092	397.475	283.39
45278	8290	1	1	230.092	397.475	367.951
45279	8290	3	0	706.092	111.475	368.718
45149	8291	1	0	641.371	36.3877	8.57141
45150	8291	3	0	640.371	64.3877	8.87146
45157	8291	1	0	640.371	64.3877	11.6724
45158	8291	3	0	694.371	140.388	11.9727
45177	8291	1	0	694.371	140.388	18.9436
45178	8291	3	0	694.371	140.388	19.1273
45192	8291	1	0	694.371	140.388	46.9427
45193	8291	3	0	562.371	220.388	47.326
45214	8291	1	0	562.371	220.388	92.9847
45215	8291	3	0	559.371	203.388	93.2514
45233	8291	1	0	559.371	203.388	223.591
45234	8291	3	0	580.371	220.388	225.509
45332	8291	1	0	580.371	220.388	648.326
45333	8291	3	0	564.371	282.388	648.727
45151	8292	1	0	738.198	77.2878	9.30518
45152	8292	3	0	825.198	72.2878	9.67181
45237	8292	1	0	825.198	72.2878	229.428
45238	8292	3	1	181.199	247.288	229.894
45239	8292	1	1	181.199	247.288	230.678
45240	8292	3	1	278.198	246.288	231.378
45259	8292	1	1	278.198	246.288	282.056
45260	8292	3	1	103.199	89.2878	282.523
50627	8633	1	0	836.169	403.642	9.30499
50628	8633	3	1	293.169	371.642	10.0888
50647	8633	1	1	293.169	371.642	20.8285
50648	8633	3	1	174.169	362.642	21.7457
50651	8633	1	1	174.169	362.642	23.3965
50652	8633	3	1	322.169	171.642	24.3472
50657	8633	1	1	322.169	171.642	26.7649
50658	8633	3	1	109.169	185.642	27.3319
50683	8633	1	1	109.169	185.642	56.6478
50684	8633	3	1	156.169	215.642	57.1814
50687	8633	1	1	156.169	215.642	58.9321
50688	8633	3	1	53.1693	303.642	60.2163
50691	8633	1	1	53.1693	303.642	67.8361
50692	8633	3	1	40.1693	243.642	68.2695
50693	8633	1	1	40.1693	243.642	68.5198
50694	8633	3	1	44.1693	274.642	68.8866
50732	8633	1	1	44.1693	274.642	87.6293
50733	8633	3	1	40.1693	141.642	87.9128
50736	8633	1	1	40.1693	141.642	89.8808
50737	8633	3	1	42.1693	167.642	90.5143
50758	8633	1	1	42.1693	167.642	171.91
50759	8633	3	1	100.169	170.642	172.294
50609	8634	1	0	508.5	194.991	1.20068
50610	8634	3	0	560.5	327.991	1.4505
50629	8634	1	0	560.5	327.991	11.2062
50630	8634	3	0	528.5	391.991	11.4899
50631	8634	1	0	528.5	391.991	12.0734
50632	8634	3	1	44.5001	369.991	12.6403
50649	8634	1	1	44.5001	369.991	22.1458
50650	8634	3	1	64.5001	236.991	22.6961
50655	8634	1	1	64.5001	236.991	25.8646
50656	8634	3	1	57.5001	282.991	26.2147
50679	8634	1	1	57.5001	282.991	54.0296
50680	8634	3	1	105.5	271.991	54.5132
50681	8634	1	1	105.5	271.991	54.9467
50682	8634	3	1	158.5	312.991	56.1474
50685	8634	1	1	158.5	312.991	58.0317
50686	8634	3	1	157.5	370.991	58.4651
50734	8634	1	1	157.5	370.991	88.5132
50735	8634	3	1	45.5001	256.991	89.4473
50750	8634	1	1	45.5001	256.991	162.089
50751	8634	3	1	87.5001	267.991	163.073
50756	8634	1	1	87.5001	267.991	168.792
50757	8634	3	1	59.5001	263.991	170.826
50813	8634	1	1	59.5001	263.991	289.573
50814	8634	3	1	88.5001	264.991	291.107
50911	8634	1	1	88.5001	264.991	655.924
50912	8634	3	1	205.5	264.991	657.292
50913	8634	1	1	205.5	264.991	657.842
50914	8634	3	0	576.5	75.9908	658.376
50617	8635	1	0	672.755	114.919	4.2691
50618	8635	3	1	220.755	207.919	4.6358
50645	8635	1	1	220.755	207.919	19.1942
50646	8635	3	1	47.7552	104.919	20.2783
50653	8635	1	1	47.7552	104.919	24.8973
50654	8635	3	1	31.7552	375.919	25.5311
50762	8635	1	1	31.7552	375.919	173.794
50763	8635	3	1	54.7552	370.919	175.178
50764	8635	1	1	54.7552	370.919	177.446
50765	8635	3	1	78.7552	366.919	180.281
50770	8635	1	1	78.7552	366.919	185.851
50771	8635	3	1	68.7552	374.919	187.152
50776	8635	1	1	68.7552	374.919	189.253
50777	8635	2	0	854.755	150.919	189.836
50778	8635	3	0	818.38	162.663	189.903
50779	8635	1	0	818.38	162.663	190.137
50780	8635	3	0	818.38	162.663	190.27
50787	8635	1	0	818.38	162.663	194.105
50788	8635	3	1	78.3804	408.663	194.772
50791	8635	1	1	78.3804	408.663	196.49
50792	8635	3	0	677.38	131.663	196.973
50805	8635	1	0	677.38	131.663	219.368
50806	8635	3	0	689.38	209.663	219.851
50855	8635	1	0	689.38	209.663	419.624
50856	8635	3	0	751.38	206.663	420.14
50876	8635	1	0	751.38	206.663	517.614
50877	8635	3	1	128.38	375.663	518.347
50890	8635	1	1	128.38	375.663	525.252
50891	8635	2	0	828.38	203.663	525.719
50892	8635	3	0	819.908	204.189	525.736
50909	8635	1	0	819.908	204.189	650.971
50910	8635	3	0	763.908	251.189	651.705
50917	8635	1	0	763.908	251.189	659.66
50918	8635	3	1	273.908	125.189	661.211
50925	8635	1	1	273.908	125.189	667.899
50926	8635	3	1	258.908	167.189	668.316
50927	8635	1	1	258.908	167.189	674.204
50928	8635	3	1	232.908	135.189	674.554
50929	8635	1	1	232.908	135.189	680.792
50930	8635	3	1	83.908	257.19	681.542
50621	8636	1	0	667.764	8.8974	6.02026
50622	8636	3	0	701.764	57.8974	6.38708
50623	8636	1	0	701.764	57.8974	6.77069
50624	8636	3	0	734.764	63.8974	7.05377
50643	8636	1	0	734.764	63.8974	17.9104
50644	8636	3	0	775.764	148.897	18.1938
50742	8636	1	0	775.764	148.897	139.959
50743	8636	3	0	699.764	264.897	140.409
50744	8636	1	0	699.764	264.897	140.859
50745	8636	3	0	641.764	207.897	141.243
50746	8636	1	0	641.764	207.897	150.198
50747	8636	3	0	679.764	298.897	150.515
50781	8636	1	0	679.764	298.897	190.604
50782	8636	3	1	192.764	52.8974	191.304
50783	8636	1	1	192.764	52.8974	192.221
50784	8636	3	1	261.764	55.8974	192.855
50785	8636	1	1	261.764	55.8974	193.038
50786	8636	3	0	684.764	298.897	193.605
50795	8636	1	0	684.764	298.897	198.324
50796	8636	3	1	71.7636	350.897	199.174
50797	8636	1	1	71.7636	350.897	199.842
50798	8636	3	1	103.764	355.897	200.408
50799	8636	1	1	103.764	355.897	200.792
50800	8636	3	1	111.764	357.897	201.109
50811	8636	1	1	111.764	357.897	288.222
50812	8636	3	1	111.764	360.897	288.906
50815	8636	1	1	111.764	360.897	300.811
50816	8636	3	1	99.7636	361.897	302.162
50872	8636	1	1	99.7636	361.897	510.058
50873	8636	3	1	201.764	341.897	510.859
50874	8636	1	1	201.764	341.897	512.243
50875	8636	3	0	514.764	103.897	516.83
50893	8636	1	0	514.764	103.897	526.269
50894	8636	2	0	427.764	126.897	526.57
50895	8636	1	0	459.495	138.121	526.62
50896	8636	2	0	473.157	227.551	526.87
50897	8636	3	0	498.41	224.409	526.886
50898	8636	3	0	498.41	224.409	526.903
50899	8636	1	0	498.41	224.409	527.32
50900	8636	3	1	70.4104	374.409	528.171
50619	8637	1	0	668.659	33.0268	5.23627
50620	8637	3	0	585.659	45.0268	5.6366
50641	8637	1	0	585.659	45.0268	17.3601
50642	8637	3	0	552.659	96.0268	17.6266
50673	8637	1	0	552.659	96.0268	44.0909
50674	8637	3	1	195.659	94.0268	45.2414
50689	8637	1	1	195.659	94.0268	62.9342
50690	8637	3	1	230.659	99.0268	63.6177
50695	8637	1	1	230.659	99.0268	69.9538
50696	8637	3	1	207.659	115.027	70.4707
50707	8637	1	1	207.659	115.027	75.9567
50708	8637	3	0	623.659	139.027	76.3735
50718	8637	1	0	623.659	139.027	80.8926
50719	8637	3	1	256.659	133.027	81.1426
50728	8637	1	1	256.659	133.027	84.8613
50729	8637	3	1	259.659	105.027	85.0446
50740	8637	1	1	259.659	105.027	92.0817
50741	8637	3	1	185.659	98.0268	92.6152
50766	8637	1	1	185.659	98.0268	181.832
50767	8637	3	1	195.659	100.027	183.633
50768	8637	1	1	195.659	100.027	184.384
50769	8637	3	0	571.659	128.027	185.167
50772	8637	1	0	571.659	128.027	187.652
50773	8637	3	1	314.659	96.0268	188.285
50774	8637	1	1	314.659	96.0268	188.502
50775	8637	3	0	650.659	149.027	188.835
50789	8637	1	0	650.659	149.027	195.406
50790	8637	3	1	268.659	97.0268	195.79
50793	8637	1	1	268.659	97.0268	197.59
50794	8637	3	0	504.659	99.0268	197.873
50801	8637	1	0	504.659	99.0268	202.96
50802	8637	3	0	538.659	152.027	203.326
50829	8637	1	0	538.659	152.027	314.485
50830	8637	3	1	319.659	192.027	314.869
50831	8637	1	1	319.659	192.027	322.606
50832	8637	3	1	112.659	91.0268	323.306
50833	8637	1	1	112.659	91.0268	406.566
50834	8637	3	1	112.659	91.0268	406.699
50835	8637	1	1	112.659	91.0268	407.65
50836	8637	3	0	548.659	178.027	409.751
50853	8637	1	0	548.659	178.027	417.155
50854	8637	3	1	214.659	110.027	417.672
50907	8637	1	1	214.659	110.027	535.026
50908	8637	3	1	316.659	114.027	537.894
50915	8637	1	1	316.659	114.027	658.81
50916	8637	3	0	674.659	99.0268	659.226
50919	8637	1	0	674.659	99.0268	662.045
50920	8637	3	0	674.659	99.0268	662.329
50931	8637	1	0	674.659	99.0268	721.786
50932	8637	3	0	657.659	215.027	722.237
50633	8638	1	0	497.385	113.753	13.6409
50634	8638	3	0	518.385	224.753	13.9576
50661	8638	1	0	518.385	224.753	33.7021
50662	8638	3	0	534.385	247.753	35.4198
50663	8638	1	0	534.385	247.753	35.6866
50664	8638	3	1	320.385	360.753	36.0867
50675	8638	1	1	320.385	360.753	47.4426
50676	8638	3	1	319.385	377.753	47.7594
50709	8638	1	1	319.385	377.753	76.9736
50710	8638	3	0	707.385	302.753	77.474
50730	8638	1	0	707.385	302.753	85.5781
50731	8638	3	1	365.385	382.753	86.0283
50760	8638	1	1	365.385	382.753	172.844
50761	8638	3	1	345.385	422.753	173.177
50821	8638	1	1	345.385	422.753	310.566
50822	8638	3	0	636.385	419.753	311.1
50843	8638	1	0	636.385	419.753	413.22
50844	8638	3	1	379.385	415.753	413.72
50845	8638	1	1	379.385	415.753	414.004
50846	8638	3	0	553.385	417.753	414.22
50863	8638	1	0	553.385	417.753	432.947
50864	8638	3	0	606.385	409.753	433.88
50878	8638	1	0	606.385	409.753	519.448
50879	8638	3	1	346.385	405.753	519.999
50880	8638	1	1	346.385	405.753	520.049
50881	8638	3	1	346.385	405.753	520.132
50886	8638	1	1	346.385	405.753	523.818
50887	8638	3	0	739.385	403.753	524.118
50611	8639	1	0	518.852	162.397	1.96759
50612	8639	3	0	629.852	221.397	2.16773
50665	8639	1	0	629.852	221.397	36.5701
50666	8639	3	1	353.852	266.397	37.1536
50705	8639	1	1	353.852	266.397	74.8745
50706	8639	3	0	576.852	240.397	75.1898
50716	8639	1	0	576.852	240.397	80.2423
50717	8639	3	1	336.852	283.397	80.4424
50748	8639	1	1	336.852	283.397	157.169
50749	8639	3	1	252.852	313.397	157.536
50825	8639	1	1	252.852	313.397	312.634
50826	8639	3	0	826.852	326.397	313.051
50839	8639	1	0	826.852	326.397	411.235
50840	8639	3	1	408.852	282.397	411.619
50849	8639	1	1	408.852	282.397	415.705
50850	8639	3	0	693.852	330.397	415.938
50859	8639	1	0	693.852	330.397	427.494
50860	8639	3	0	693.852	330.397	427.827
50861	8639	1	0	693.852	330.397	429.278
50862	8639	3	0	680.852	310.397	431.279
50865	8639	1	0	680.852	310.397	434.331
50866	8639	2	0	883.852	308.397	435.147
50867	8639	3	0	874.058	305.159	435.164
50868	8639	1	0	874.058	305.159	435.198
50869	8639	3	0	791.058	317.159	435.314
50882	8639	1	0	791.058	317.159	520.633
50883	8639	3	1	266.058	358.159	521.283
50888	8639	1	1	266.058	358.159	524.552
50889	8639	3	0	575.058	375.159	524.852
50921	8639	1	0	575.058	375.159	662.829
50922	8639	3	0	575.058	361.159	664.013
50613	8640	1	0	613.003	107.891	2.55139
50614	8640	3	0	649.003	302.891	3.06805
50635	8640	1	0	649.003	302.891	14.5081
50636	8640	3	0	581.003	325.891	14.7082
50659	8640	1	0	581.003	325.891	28.9665
50660	8640	3	0	571.003	324.891	32.218
50711	8640	1	0	571.003	324.891	77.6909
50712	8640	2	1	210.003	203.891	78.0576
50713	8640	3	0	495.288	216.05	78.3744
50714	8640	1	0	495.288	216.05	79.6086
50715	8640	3	0	525.288	338.05	79.8588
50752	8640	1	0	525.288	338.05	166.057
50753	8640	3	0	509.288	291.05	166.374
50754	8640	1	0	509.288	291.05	167.725
50755	8640	3	0	509.288	270.05	168.025
50807	8640	1	0	509.288	270.05	228.089
50808	8640	3	0	528.288	290.05	228.372
50903	8640	1	0	528.288	290.05	532.674
50904	8640	3	0	517.288	251.05	533.007
50905	8640	1	0	517.288	251.05	533.541
50906	8640	3	0	513.288	230.05	533.875
50625	8641	1	0	822.286	365.387	7.88745
50626	8641	3	0	780.286	325.387	8.57104
50637	8641	1	0	780.286	325.387	15.2251
50638	8641	3	0	772.286	369.387	15.4253
50669	8641	1	0	772.286	369.387	39.6216
50670	8641	3	1	329.286	149.387	40.2552
50697	8641	1	1	329.286	149.387	71.0878
50698	8641	3	1	293.286	188.387	71.5211
50703	8641	1	1	293.286	188.387	73.8724
50704	8641	3	0	572.286	88.3873	74.3893
50722	8641	1	0	572.286	88.3873	82.9435
50723	8641	3	1	300.286	198.387	83.2604
50803	8641	1	1	300.286	198.387	204.043
50804	8641	3	1	334.286	182.387	204.443
50827	8641	1	1	334.286	182.387	313.551
50828	8641	3	0	686.286	146.387	313.901
50837	8641	1	0	686.286	146.387	410.285
50838	8641	3	1	383.286	135.387	410.585
50851	8641	1	1	383.286	135.387	416.355
50852	8641	3	0	660.286	135.387	416.755
50884	8641	1	0	660.286	135.387	521.85
50885	8641	3	0	720.286	234.387	522.917
50901	8641	1	0	720.286	234.387	530.856
50902	8641	3	0	694.286	214.387	532.407
50923	8641	1	0	694.286	214.387	664.43
50924	8641	3	1	280.286	309.387	667.532
50615	8642	1	0	667.455	173.03	3.65161
50616	8642	3	0	800.455	260.03	3.90192
50639	8642	1	0	800.455	260.03	15.8925
50640	8642	3	0	826.455	347.03	16.2593
50667	8642	1	0	826.455	347.03	38.1544
50668	8642	3	1	410.455	175.03	38.838
50671	8642	1	1	410.455	175.03	42.9901
50672	8642	3	1	386.455	187.03	43.5238
50677	8642	1	1	386.455	187.03	50.8777
50678	8642	3	1	386.455	187.03	52.3618
50699	8642	1	1	386.455	187.03	71.8713
50700	8642	3	1	381.455	142.03	72.3882
50701	8642	1	1	381.455	142.03	72.9717
50702	8642	3	0	527.455	168.03	73.2887
50720	8642	1	0	527.455	168.03	82.1265
50721	8642	3	1	265.455	109.03	82.3599
50724	8642	1	1	265.455	109.03	83.6606
50725	8642	3	1	261.455	114.03	83.7273
50726	8642	1	1	261.455	114.03	83.8107
50727	8642	3	1	161.455	120.03	84.1776
50738	8642	1	1	161.455	120.03	91.098
50739	8642	3	1	67.4553	84.0303	91.5648
50809	8642	1	1	67.4553	84.0303	284.887
50810	8642	3	1	90.4553	87.0303	285.437
50817	8642	1	1	90.4553	87.0303	303.129
50818	8642	3	1	329.455	248.03	304.98
50819	8642	1	1	329.455	248.03	308.315
50820	8642	3	1	329.455	248.03	309.549
50823	8642	1	1	329.455	248.03	311.633
50824	8642	3	0	703.455	370.03	312.117
50841	8642	1	0	703.455	370.03	412.336
50842	8642	3	1	340.455	354.03	412.77
50847	8642	1	1	340.455	354.03	414.754
50848	8642	3	0	544.455	362.03	415.021
50857	8642	1	0	544.455	362.03	424.659
50858	8642	3	0	713.455	403.03	426.843
50870	8642	1	0	713.455	403.03	435.698
50871	8642	3	1	377.455	299.03	436.265
52038	8731	1	0	810.701	99.0145	7.23688
52039	8731	3	0	846.701	66.0145	7.47046
52085	8731	1	0	846.701	66.0145	73.6526
52086	8731	3	0	538.701	52.0145	74.3696
52110	8731	1	0	538.701	52.0145	301.763
52111	8731	3	1	232.701	140.014	302.112
52112	8731	1	1	232.701	140.014	307.748
52113	8731	3	0	511.701	16.0145	310.483
52142	8731	1	0	511.701	16.0145	389.108
52143	8731	3	0	546.701	45.0145	390.658
52180	8731	1	0	546.701	45.0145	461.43
52181	8731	3	0	789.701	67.0145	462.047
52208	8731	1	0	789.701	67.0145	534.959
52209	8731	3	0	773.701	112.015	537.677
52283	8731	1	0	773.701	112.015	701.873
52284	8731	3	1	215.701	394.014	702.524
52287	8731	1	1	215.701	394.014	705.392
52288	8731	3	0	801.701	140.014	705.892
52048	8732	1	0	679.515	370.497	11.0389
52049	8732	3	0	651.515	403.497	11.4725
52128	8732	1	0	651.515	403.497	336.011
52129	8732	3	0	651.515	403.497	336.411
52210	8732	1	0	651.515	403.497	538.344
52211	8732	3	0	625.515	310.497	539.778
52265	8732	1	0	625.515	310.497	652.022
52266	8732	3	0	631.515	301.497	654.807
52071	8733	1	0	729.693	136.204	64.748
52072	8733	3	0	524.693	313.204	65.6149
52077	8733	1	0	524.693	313.204	68.7167
52078	8733	3	0	522.693	267.204	69.1
52138	8733	1	0	522.693	267.204	383.905
52139	8733	3	0	520.693	255.204	386.356
52140	8733	1	0	520.693	255.204	387.423
52141	8733	3	0	521.693	257.204	387.807
52154	8733	1	0	521.693	257.204	409.385
52155	8733	3	0	547.693	241.204	410.685
52178	8733	1	0	547.693	241.204	460.329
52179	8733	3	0	843.693	241.204	460.813
52242	8733	1	0	843.693	241.204	589.146
52243	8733	2	0	914.693	211.204	590.247
52244	8733	3	0	872.154	216.66	590.313
52036	8734	1	0	696.495	147.071	6.06934
52037	8734	3	0	785.495	192.071	6.85327
52075	8734	1	0	785.495	192.071	67.1325
52076	8734	3	0	529.495	194.071	68.3997
52144	8734	1	0	529.495	194.071	391.042
52145	8734	3	1	237.495	227.071	393.093
52168	8734	1	1	237.495	227.071	449.941
52169	8734	3	0	714.495	284.071	451.141
52170	8734	1	0	714.495	284.071	451.791
52171	8734	3	0	700.495	278.071	452.258
52174	8734	1	0	700.495	278.071	457.128
52175	8734	3	0	512.495	434.071	459.396
52212	8734	1	0	512.495	434.071	541.129
52213	8734	3	0	536.495	406.071	542.464
52040	8735	1	0	700.977	72.7145	7.83722
52041	8735	3	0	702.977	44.7145	8.07062
52059	8735	1	0	702.977	44.7145	56.9106
52060	8735	3	0	544.977	308.715	57.5611
52067	8735	1	0	544.977	308.715	62.2969
52068	8735	3	0	516.977	395.715	63.0636
52069	8735	1	0	516.977	395.715	63.7139
52070	8735	3	0	529.977	387.715	63.9973
52106	8735	1	0	529.977	387.715	293.292
52107	8735	3	0	518.977	399.715	294.876
52130	8735	1	0	518.977	399.715	348.385
52131	8735	3	1	265.977	401.715	349.619
52136	8735	1	1	265.977	401.715	382.054
52137	8735	3	1	259.977	414.715	382.437
52164	8735	1	1	259.977	414.715	432.831
52165	8735	3	1	147.977	401.715	433.415
52184	8735	1	1	147.977	401.715	465.199
52185	8735	3	0	565.977	269.715	468.401
52204	8735	1	0	565.977	269.715	528.755
52205	8735	3	1	94.9771	131.714	529.572
52214	8735	1	1	94.9771	131.714	543.014
52215	8735	3	0	586.977	226.714	543.564
52234	8735	1	0	586.977	226.714	581.474
52235	8735	3	0	522.977	222.714	582.958
52236	8735	1	0	522.977	222.714	583.492
52237	8735	3	0	566.977	258.715	585.293
52245	8735	1	0	566.977	258.715	590.747
52246	8735	3	1	210.977	302.715	593.049
52255	8735	1	1	210.977	302.715	636.128
52256	8735	3	1	293.977	320.715	639.597
52257	8735	1	1	293.977	320.715	641.565
52258	8735	3	1	314.977	300.715	642.833
52259	8735	1	1	314.977	300.715	643.883
52260	8735	3	1	322.977	308.715	646.085
52303	8735	1	1	322.977	308.715	829.605
52304	8735	3	1	350.977	315.715	831.473
52065	8736	1	0	672.377	146.358	60.5626
52066	8736	3	0	528.377	458.358	61.7967
52108	8736	1	0	528.377	458.358	295.159
52109	8736	3	1	199.377	395.358	295.493
52114	8736	1	1	199.377	395.358	311.867
52115	8736	3	0	529.377	107.358	312.651
52132	8736	1	0	529.377	107.358	362.461
52133	8736	3	0	513.377	420.358	363.294
52134	8736	1	0	513.377	420.358	364.561
52135	8736	3	1	76.3768	409.358	365.195
52188	8736	1	1	76.3768	409.358	475.404
52189	8736	3	0	536.377	350.358	475.988
52198	8736	1	0	536.377	350.358	514.662
52199	8736	3	0	548.377	353.358	516.046
52206	8736	1	0	548.377	353.358	530.339
52207	8736	3	0	503.377	318.358	533.174
52232	8736	1	0	503.377	318.358	577.888
52233	8736	3	0	542.377	314.358	580.507
52238	8736	1	0	542.377	314.358	585.577
52239	8736	3	0	514.377	348.358	586.778
52279	8736	1	0	514.377	348.358	683.244
52280	8736	3	0	525.377	304.358	684.244
52285	8736	1	0	525.377	304.358	703.007
52286	8736	3	0	532.377	300.358	704.141
52028	8737	1	0	686.447	314.893	2.80139
52029	8737	3	0	762.447	366.893	3.1015
52050	8737	1	0	762.447	366.893	11.8561
52051	8737	3	0	787.447	382.893	12.2397
52098	8737	1	0	787.447	382.893	79.0392
52099	8737	3	0	668.447	52.8935	79.5727
52148	8737	1	0	668.447	52.8935	402.097
52149	8737	3	0	668.447	48.8935	403.898
52152	8737	1	0	668.447	48.8935	406.8
52153	8737	3	1	119.447	67.8935	408.534
52156	8737	1	1	119.447	67.8935	413.37
52157	8737	3	1	95.4472	87.8935	415.805
52200	8737	1	1	95.4472	87.8935	522.083
52201	8737	3	0	562.447	85.8935	524.301
52202	8737	1	0	562.447	85.8935	526.386
52203	8737	3	0	541.447	87.8935	527.437
52216	8737	1	0	541.447	87.8935	543.881
52217	8737	3	1	91.4472	140.893	544.515
52220	8737	1	1	91.4472	140.893	564.545
52221	8737	3	1	83.4472	190.893	565.196
52261	8737	1	1	83.4472	190.893	647.452
52262	8737	3	1	55.4472	156.893	647.903
52293	8737	1	1	55.4472	156.893	731.96
52294	8737	3	1	139.447	203.893	732.377
52301	8737	1	1	139.447	203.893	741.667
52302	8737	3	1	247.447	197.893	745.319
52026	8738	1	0	632.524	361.079	1.8512
52027	8738	3	0	537.524	393.079	2.31781
52046	8738	1	0	537.524	393.079	10.0715
52047	8738	3	0	537.524	381.079	10.4052
52052	8738	1	0	537.524	381.079	49.5231
52053	8738	3	0	748.524	322.079	50.0069
52083	8738	1	0	748.524	322.079	72.2851
52084	8738	3	0	766.524	285.079	73.1523
52091	8738	1	0	766.524	285.079	76.5376
52092	8738	3	0	638.524	183.079	77.1213
52124	8738	1	0	638.524	183.079	327.708
52125	8738	3	1	88.5245	281.079	329.009
52158	8738	1	1	88.5245	281.079	418.456
52159	8738	3	1	84.5245	264.079	423.442
52218	8738	1	1	84.5245	264.079	548.234
52219	8738	3	1	88.5245	329.079	549.368
52222	8738	1	1	88.5245	329.079	565.546
52223	8738	3	1	51.5245	376.079	566.297
52297	8738	1	1	51.5245	376.079	733.494
52298	8738	3	1	111.524	327.079	733.961
52024	8739	1	0	599.208	384.407	1.20074
52025	8739	3	0	532.208	254.407	1.46735
52044	8739	1	0	532.208	254.407	9.13782
52045	8739	3	0	534.208	224.407	9.40503
52054	8739	1	0	534.208	224.407	50.3739
52055	8739	2	0	490.208	348.407	50.8906
52056	8739	3	0	498.182	341.282	50.9072
52057	8739	1	0	498.182	341.282	51.3744
52058	8739	3	0	514.182	389.282	51.5745
52063	8739	1	0	514.182	389.282	59.3287
52064	8739	3	0	759.182	200.282	60.079
52073	8739	1	0	759.182	200.282	65.9984
52074	8739	3	0	695.182	55.2816	66.432
52093	8739	1	0	695.182	55.2816	77.5048
52094	8739	2	0	828.182	115.282	78.0219
52095	8739	3	0	802.815	128.139	78.0718
52102	8739	1	0	802.815	128.139	80.7732
52103	8739	3	0	794.815	165.139	81.04
52120	8739	1	0	794.815	165.139	318.704
52121	8739	3	0	782.815	209.139	321.538
52122	8739	1	0	782.815	209.139	321.921
52123	8739	3	1	230.814	65.1385	322.539
52146	8739	1	1	230.814	65.1385	399.546
52147	8739	3	0	777.815	182.139	401.147
52150	8739	1	0	777.815	182.139	404.532
52151	8739	3	0	694.815	162.139	406.35
52162	8739	1	0	694.815	162.139	427.379
52163	8739	3	1	307.815	274.138	428.429
52194	8739	1	1	307.815	274.138	480.657
52195	8739	3	1	300.815	347.138	481.391
52224	8739	1	1	300.815	347.138	566.697
52225	8739	3	1	307.815	364.138	567.064
52226	8739	1	1	307.815	364.138	567.631
52227	8739	3	1	288.815	338.138	571.117
52228	8739	1	1	288.815	338.138	573.368
52229	8739	3	0	554.815	44.1385	574.152
52249	8739	1	0	554.815	44.1385	598.369
52250	8739	3	0	548.815	64.1385	598.636
52267	8739	1	0	548.815	64.1385	655.375
52268	8739	3	0	591.815	49.1385	656.442
52269	8739	1	0	591.815	49.1385	662.696
52270	8739	3	0	581.815	61.1385	664.197
52275	8739	1	0	581.815	61.1385	672.887
52276	8739	3	1	238.814	131.139	676.305
52291	8739	1	1	238.814	131.139	730.476
52292	8739	3	1	264.815	66.1385	731.576
52295	8739	1	1	264.815	66.1385	732.727
52296	8739	3	1	103.814	66.1385	733.044
52034	8740	1	0	692.762	99.6406	5.21924
52035	8740	3	0	674.762	224.641	5.58581
52087	8740	1	0	674.762	224.641	74.9534
52088	8740	3	0	669.762	188.641	75.2534
52089	8740	1	0	669.762	188.641	75.5537
52090	8740	3	0	630.762	300.641	76.1873
52104	8740	1	0	630.762	300.641	81.5902
52105	8740	3	0	635.762	291.641	82.0903
52126	8740	1	0	635.762	291.641	330.176
52127	8740	3	0	818.762	413.641	332.143
52230	8740	1	0	818.762	413.641	574.636
52231	8740	3	1	264.762	375.641	577.071
52263	8740	1	1	264.762	375.641	649.621
52264	8740	3	1	340.762	376.641	651.455
52281	8740	1	1	340.762	376.641	690.699
52282	8740	3	0	770.762	399.641	701.206
52289	8740	1	0	770.762	399.641	706.476
52290	8740	3	1	312.762	387.641	707.076
52299	8740	1	1	312.762	387.641	734.312
52300	8740	3	1	258.762	381.641	734.762
52030	8741	1	0	723.647	180.121	3.58502
52031	8741	3	0	529.647	91.1212	4.16846
52042	8741	1	0	529.647	91.1212	8.43738
52043	8741	3	0	536.647	67.1212	8.73755
52081	8741	1	0	536.647	67.1212	70.851
52082	8741	3	0	810.647	187.121	71.6682
52096	8741	1	0	810.647	187.121	78.4888
52097	8741	3	0	802.647	205.121	78.6224
52100	8741	1	0	802.647	205.121	79.8895
52101	8741	3	0	787.647	330.121	80.3397
52116	8741	1	0	787.647	330.121	314.485
52117	8741	3	1	240.647	157.121	315.152
52118	8741	1	1	240.647	157.121	316.32
52119	8741	3	1	330.647	258.121	318.021
52160	8741	1	1	330.647	258.121	426.361
52161	8741	3	0	798.647	260.121	427.095
52166	8741	1	0	798.647	260.121	447.856
52167	8741	3	0	788.647	147.121	449.307
52172	8741	1	0	788.647	147.121	452.575
52173	8741	3	0	685.647	119.121	455.877
52182	8741	1	0	685.647	119.121	463.248
52183	8741	3	0	610.647	90.1211	464.448
52186	8741	1	0	610.647	90.1211	468.951
52187	8741	3	0	544.647	90.1211	474.821
52190	8741	1	0	544.647	90.1211	476.405
52191	8741	3	1	283.647	114.121	477.522
52192	8741	1	1	283.647	114.121	478.406
52193	8741	3	1	308.647	98.1211	478.773
52196	8741	1	1	308.647	98.1211	481.774
52197	8741	3	1	300.647	183.121	482.291
52247	8741	1	1	300.647	183.121	596.868
52248	8741	3	1	294.647	151.121	597.435
52251	8741	1	1	294.647	151.121	603.656
52252	8741	3	1	293.647	87.1211	604.023
52253	8741	1	1	293.647	87.1211	630.524
52254	8741	3	1	291.647	158.121	630.941
52271	8741	1	1	291.647	158.121	670.068
52272	8741	3	1	291.647	158.121	670.368
52273	8741	1	1	291.647	158.121	671.702
52274	8741	3	0	535.647	195.121	672.536
52277	8741	1	0	535.647	195.121	677.206
52278	8741	3	0	528.647	105.121	677.656
52032	8742	1	0	802.861	237.883	4.60211
52033	8742	3	0	838.861	267.884	4.78558
52061	8742	1	0	838.861	267.884	58.2947
52062	8742	3	0	870.861	285.884	58.7283
52079	8742	1	0	870.861	285.884	69.6503
52080	8742	3	0	520.861	326.884	70.4173
52176	8742	1	0	520.861	326.884	459.712
52177	8742	3	0	748.861	314.884	459.962
52240	8742	1	0	748.861	314.884	587.578
52241	8742	3	0	773.861	358.884	588.762
55614	8985	1	0	577.596	409.166	8.10382
55615	8985	3	0	519.596	390.166	8.68756
55648	8985	1	0	519.596	390.166	49.8576
55649	8985	3	1	34.5964	346.166	51.5079
55606	8986	1	0	514.266	206.982	1.71759
55607	8986	3	0	793.266	353.982	2.88464
55634	8986	1	0	793.266	353.982	20.7767
55635	8986	3	0	797.266	309.982	21.0268
55638	8986	1	0	797.266	309.982	37.0016
55639	8986	3	0	785.266	53.982	38.2021
55632	8987	1	0	613.485	10.673	19.8433
55633	8987	3	0	682.485	98.673	20.3267
55640	8987	1	0	682.485	98.673	38.7025
55641	8987	3	0	654.485	81.673	39.0695
55656	8987	1	0	654.485	81.673	61.4966
55657	8987	3	1	313.485	191.673	63.0475
55668	8987	1	1	313.485	191.673	80.5894
55669	8987	3	1	309.485	311.673	82.3402
55672	8987	1	1	309.485	311.673	143.326
55673	8987	3	1	315.485	303.673	144.177
55674	8987	1	1	315.485	303.673	145.361
55675	8987	3	0	608.485	312.673	148.412
55682	8987	1	0	608.485	312.673	152.914
55683	8987	3	0	614.485	337.673	153.831
55764	8987	1	0	614.485	337.673	373.81
55765	8987	3	0	566.485	377.673	375.093
55824	8987	1	0	566.485	377.673	499.813
55825	8987	3	0	578.485	339.673	500.78
55612	8988	1	0	642.741	91.0002	4.95276
55613	8988	3	0	512.741	458	6.00311
55646	8988	1	0	512.741	458	48.9738
55647	8988	3	1	115.741	416	49.4908
55650	8988	1	1	115.741	416	51.8749
55651	8988	3	1	33.7408	422	53.0418
55618	8989	1	0	668.041	380.737	10.939
55619	8989	3	0	519.041	210.737	11.5226
55622	8989	1	0	519.041	210.737	13.2069
55623	8989	3	0	518.041	123.737	13.5236
55642	8989	1	0	518.041	123.737	43.205
55643	8989	3	0	839.041	372.737	44.3553
55678	8989	1	0	839.041	372.737	149.996
55679	8989	3	0	764.041	368.737	151.63
55688	8989	1	0	764.041	368.737	157.165
55689	8989	3	1	316.041	388.737	159.784
55694	8989	1	1	316.041	388.737	187.866
55695	8989	3	1	320.041	386.737	190.2
55696	8989	1	1	320.041	386.737	191.717
55697	8989	3	1	321.041	374.737	192.885
55698	8989	1	1	321.041	374.737	194.619
55699	8989	3	1	327.041	383.737	195.853
55706	8989	1	1	327.041	383.737	247.698
55707	8989	3	1	35.0408	164.737	248.631
55756	8989	1	1	35.0408	164.737	358.269
55757	8989	3	1	83.0408	147.737	363.921
55758	8989	1	1	83.0408	147.737	364.722
55759	8989	3	1	70.0408	147.737	365.356
55760	8989	1	1	70.0408	147.737	367.056
55761	8989	3	0	737.041	331.737	371.909
55766	8989	1	0	737.041	331.737	375.527
55767	8989	2	1	396.041	269.737	375.894
55768	8989	3	1	386.702	268.039	375.91
55783	8989	1	1	386.702	268.039	407.778
55784	8989	3	1	383.702	360.039	408.144
55813	8989	1	1	383.702	360.039	486.32
55814	8989	3	1	368.702	361.039	487.137
55815	8989	1	1	368.702	361.039	490.523
55816	8989	2	0	458.702	257.039	491.273
55817	8989	3	0	499.867	253.093	491.34
55818	8989	1	0	499.867	253.093	492.224
55819	8989	3	1	329.867	360.093	492.758
55820	8989	1	1	329.867	360.093	496.944
55821	8989	3	0	538.867	308.093	497.844
55826	8989	1	0	538.867	308.093	501.164
55827	8989	3	1	392.867	307.093	501.48
55608	8990	1	0	687.209	189.433	3.38513
55609	8990	3	0	671.209	212.433	3.90192
55628	8990	1	0	671.209	212.433	18.1757
55629	8990	3	0	657.209	314.433	18.476
55630	8990	1	0	657.209	314.433	19.1262
55631	8990	3	0	675.209	225.433	19.4095
55654	8990	1	0	675.209	225.433	59.8957
55655	8990	3	0	827.209	251.433	60.4627
55662	8990	1	0	827.209	251.433	74.1029
55663	8990	3	0	718.209	202.433	76.5208
55676	8990	1	0	718.209	202.433	148.745
55677	8990	3	1	312.209	267.433	149.346
55680	8990	1	1	312.209	267.433	152.13
55681	8990	3	0	805.209	263.433	152.614
55684	8990	1	0	805.209	263.433	154.214
55685	8990	3	0	609.209	266.433	154.481
55686	8990	1	0	609.209	266.433	154.915
55687	8990	3	1	287.209	260.433	155.298
55690	8990	1	1	287.209	260.433	172.991
55691	8990	3	1	306.209	248.433	173.558
55692	8990	1	1	306.209	248.433	185.231
55693	8990	3	1	317.209	248.433	185.665
55702	8990	1	1	317.209	248.433	206.942
55703	8990	3	1	324.209	248.433	209.01
55708	8990	1	1	324.209	248.433	262.088
55709	8990	3	1	306.209	333.433	262.539
55762	8990	1	1	306.209	333.433	372.426
55763	8990	3	0	776.209	212.433	373.293
55769	8990	1	0	776.209	212.433	376.828
55770	8990	3	1	152.209	84.4327	377.628
55781	8990	1	1	152.209	84.4327	393.686
55782	8990	3	1	84.2087	94.4327	394.103
55787	8990	1	1	84.2087	94.4327	410.345
55788	8990	3	1	216.209	246.433	410.779
55791	8990	1	1	216.209	246.433	459.64
55792	8990	3	1	212.209	219.433	460.04
55793	8990	1	1	212.209	219.433	460.64
55794	8990	3	1	285.209	197.433	461.557
55795	8990	1	1	285.209	197.433	464.626
55796	8990	3	0	816.209	288.433	469.328
55797	8990	1	0	816.209	288.433	470.078
55798	8990	3	0	754.209	287.433	470.996
55811	8990	1	0	754.209	287.433	480.518
55812	8990	3	0	773.209	281.433	481.651
55616	8991	1	0	507.451	155.345	9.68829
55617	8991	3	0	515.451	309.345	10.422
55636	8991	1	0	515.451	309.345	26.7964
55637	8991	3	0	855.451	463.345	27.8471
55717	8991	1	0	855.451	463.345	271.293
55718	8991	3	1	314.451	230.345	272.744
55719	8991	1	1	314.451	230.345	273.327
55720	8991	3	1	314.451	230.345	273.427
55723	8991	1	1	314.451	230.345	275.512
55724	8991	3	0	767.451	337.345	276.729
55731	8991	1	0	767.451	337.345	280.864
55732	8991	3	1	350.451	208.345	281.498
55737	8991	1	1	350.451	208.345	312.18
55738	8991	3	0	767.451	244.345	312.747
55743	8991	1	0	767.451	244.345	327.121
55744	8991	2	1	253.451	227.345	327.521
55745	8991	3	0	496.414	235.288	327.789
55748	8991	1	0	496.414	235.288	329.172
55749	8991	3	1	268.414	196.288	329.405
55754	8991	1	1	268.414	196.288	352.449
55755	8991	3	1	215.414	251.288	354.2
55773	8991	1	1	215.414	251.288	382.347
55774	8991	3	1	259.414	301.288	383.931
55777	8991	1	1	259.414	301.288	386.282
55778	8991	3	1	259.414	301.288	386.482
55785	8991	1	1	259.414	301.288	409.362
55786	8991	3	1	145.414	355.288	409.828
55832	8991	1	1	145.414	355.288	686.874
55833	8991	3	1	369.414	87.2881	687.974
55624	8992	1	0	832.584	260.763	13.957
55625	8992	3	0	520.584	229.764	15.408
55660	8992	1	0	520.584	229.764	67.0997
55661	8992	3	0	523.584	254.764	68.6001
55664	8992	1	0	523.584	254.764	76.9544
55665	8992	3	1	33.5844	250.764	78.8387
55771	8992	1	1	33.5844	250.764	380.163
55772	8992	3	1	32.5844	246.764	381.48
55626	8993	1	0	776.48	103.725	16.6586
55627	8993	3	0	652.48	389.725	17.6922
55652	8993	1	0	652.48	389.725	57.1273
55653	8993	3	1	170.48	135.725	59.3619
55666	8993	1	1	170.48	135.725	79.2554
55667	8993	3	1	39.4797	157.725	79.9222
55670	8993	1	1	39.4797	157.725	82.8737
55671	8993	3	1	182.48	195.725	85.2918
55710	8993	1	1	182.48	195.725	262.922
55711	8993	3	1	223.48	151.725	264.206
55712	8993	1	1	223.48	151.725	267.758
55713	8993	3	0	683.48	208.725	268.991
55727	8993	1	0	683.48	208.725	278.046
55728	8993	3	0	556.48	224.725	279.513
55733	8993	1	0	556.48	224.725	283.248
55734	8993	3	0	607.48	188.725	283.799
55735	8993	1	0	607.48	188.725	284.599
55736	8993	3	0	573.48	169.725	285.5
55741	8993	1	0	573.48	169.725	314.047
55742	8993	3	1	252.48	114.725	314.381
55746	8993	1	1	252.48	114.725	328.555
55747	8993	3	0	616.48	213.725	328.855
55775	8993	1	0	616.48	213.725	384.498
55776	8993	3	0	630.48	227.725	385.632
55799	8993	1	0	630.48	227.725	471.263
55800	8993	3	1	251.48	222.725	471.83
55801	8993	1	1	251.48	222.725	472.196
55802	8993	3	1	194.48	259.725	472.647
55803	8993	1	1	194.48	259.725	473.43
55804	8993	3	1	184.48	240.725	473.814
55809	8993	1	1	184.48	240.725	477.666
55810	8993	3	1	184.48	240.725	477.766
55610	8994	1	0	546.388	133.827	4.21899
55611	8994	3	0	590.388	223.827	4.50275
55620	8994	1	0	590.388	223.827	11.8394
55621	8994	3	0	515.388	28.8272	12.7899
55644	8994	1	0	515.388	28.8272	45.8059
55645	8994	3	0	515.388	74.8272	47.7069
55658	8994	1	0	515.388	74.8272	64.665
55659	8994	3	0	516.388	78.8272	65.9824
55700	8994	1	0	516.388	78.8272	201.756
55701	8994	3	0	530.388	105.827	202.19
55704	8994	1	0	530.388	105.827	209.56
55705	8994	3	0	571.388	114.827	211.294
55714	8994	1	0	571.388	114.827	269.325
55715	8994	2	1	379.388	121.827	269.609
55716	8994	3	1	370.526	127.177	269.625
55721	8994	1	1	370.526	127.177	274.761
55722	8994	3	1	307.526	127.177	275.078
55725	8994	1	1	307.526	127.177	277.296
55726	8994	3	0	570.526	143.177	277.629
55729	8994	1	0	570.526	143.177	279.813
55730	8994	3	1	197.527	114.177	280.247
55739	8994	1	1	197.527	114.177	313.164
55740	8994	3	0	631.526	73.1767	313.747
55750	8994	1	0	631.526	73.1767	329.922
55751	8994	3	1	320.526	87.1767	330.272
55752	8994	1	1	320.526	87.1767	349.765
55753	8994	3	1	320.526	87.1767	351.266
55779	8994	1	1	320.526	87.1767	389.05
55780	8994	3	1	324.526	91.1767	391.585
55789	8994	1	1	324.526	91.1767	458.489
55790	8994	3	1	125.526	110.177	459.09
55805	8994	1	1	125.526	110.177	475.031
55806	8994	3	1	295.526	168.177	475.632
55807	8994	1	1	295.526	168.177	476.315
55808	8994	3	1	295.526	168.177	477.049
55822	8994	1	1	295.526	168.177	498.962
55823	8994	3	0	615.526	179.177	499.496
55828	8994	1	0	615.526	179.177	502.047
55829	8994	3	1	359.526	182.177	502.548
55830	8994	1	1	359.526	182.177	682.388
55831	8994	3	1	359.526	160.177	682.938
58175	9181	1	0	512.368	359.874	5.26935
58176	9181	3	0	515.368	187.874	5.61938
58191	9181	1	0	515.368	187.874	15.408
58192	9181	3	0	515.368	198.874	15.7748
58197	9181	1	0	515.368	198.874	18.3928
58198	9181	3	0	513.368	179.874	18.6427
58205	9181	1	0	513.368	179.874	22.5119
58206	9181	3	0	504.368	63.8742	22.8619
58232	9181	1	0	504.368	63.8742	37.6187
58233	9181	3	0	502.368	39.8742	38.1356
58295	9181	1	0	502.368	39.8742	116.894
58296	9181	3	1	268.368	216.874	118.345
58297	9181	1	1	268.368	216.874	119.695
58298	9181	3	1	169.368	112.874	123.664
58341	9181	1	1	169.368	112.874	161.632
58342	9181	3	1	165.368	205.874	161.899
58361	9181	1	1	165.368	205.874	218.51
58362	9181	3	1	165.368	219.874	218.843
58218	9182	1	0	666.505	397.651	29.1481
58219	9182	3	0	662.505	317.651	29.5482
58220	9182	1	0	662.505	317.651	29.6317
58221	9182	3	0	650.505	317.651	29.715
58222	9182	1	0	650.505	317.651	29.8817
58223	9182	3	0	631.505	317.651	30.1152
58246	9182	1	0	631.505	317.651	45.8733
58247	9182	3	0	783.505	333.651	46.5402
58257	9182	1	0	783.505	333.651	53.2935
58258	9182	3	0	841.505	364.651	53.7103
58271	9182	1	0	841.505	364.651	70.8856
58272	9182	3	0	862.505	379.651	71.1356
58285	9182	1	0	862.505	379.651	110.941
58286	9182	3	0	862.505	393.651	111.224
58345	9182	1	0	862.505	393.651	200.085
58346	9182	3	0	818.505	373.651	200.819
58414	9182	1	0	818.505	373.651	508.365
58415	9182	3	0	822.505	330.651	509.666
58173	9183	1	0	500.013	308.508	4.56903
58174	9183	3	0	527.013	128.508	4.90253
58199	9183	1	0	527.013	128.508	18.9597
58200	9183	3	0	524.013	95.5078	19.2266
58203	9183	1	0	524.013	95.5078	20.5941
58204	9183	3	0	712.013	45.5078	20.9611
58236	9183	1	0	712.013	45.5078	39.97
58237	9183	3	0	784.013	44.5078	40.4702
58267	9183	1	0	784.013	44.5078	57.2956
58268	9183	3	0	784.013	80.5078	57.5457
58291	9183	1	0	784.013	80.5078	114.126
58292	9183	3	0	731.013	61.5078	114.343
58299	9183	1	0	731.013	61.5078	124.298
58300	9183	3	0	790.013	98.5078	125.115
58327	9183	1	0	790.013	98.5078	142.056
58328	9183	3	0	734.013	102.508	142.389
58331	9183	1	0	734.013	102.508	145.592
58332	9183	3	0	678.013	118.508	145.875
58335	9183	1	0	678.013	118.508	155.73
58336	9183	3	1	346.013	74.5078	158.365
58357	9183	1	1	346.013	74.5078	214.858
58358	9183	3	1	346.013	96.5078	215.125
58168	9184	1	0	502.477	249.048	1.88434
58169	9184	2	0	834.477	-20.9524	2.3678
58170	9184	3	0	799.818	21.6224	2.43457
58183	9184	1	0	799.818	21.6224	9.50476
58184	9184	3	0	515.818	396.622	10.8555
58187	9184	1	0	515.818	396.622	12.5066
58188	9184	3	1	124.818	379.622	13.0901
58195	9184	1	1	124.818	379.622	16.7754
58196	9184	3	0	500.818	390.622	17.9092
58228	9184	1	0	500.818	390.622	31.7826
58229	9184	3	1	147.818	379.622	33.7171
58255	9184	1	1	147.818	379.622	51.4922
58256	9184	3	1	93.8183	347.622	51.7591
58177	9185	1	0	633.105	177.318	5.90289
58178	9185	3	0	657.105	119.317	6.16974
58207	9185	1	0	657.105	119.317	23.1622
58208	9185	2	0	445.105	204.318	23.6456
58209	9185	3	0	494.705	207.819	23.7289
58210	9185	1	0	494.705	207.819	24.4625
58211	9185	3	0	510.705	159.819	25.2129
58250	9185	1	0	510.705	159.819	49.0078
58251	9185	3	1	179.705	213.819	49.4913
58252	9185	1	1	179.705	213.819	50.8086
58253	9185	2	1	19.7051	210.819	51.1587
58254	9185	3	1	28.3452	211.266	51.1753
58185	9186	1	0	817.178	260.321	11.5227
58186	9186	3	0	522.178	272.321	12.1897
58189	9186	1	0	522.178	272.321	13.9739
58190	9186	3	0	499.178	330.321	14.7243
58193	9186	1	0	499.178	330.321	16.1083
58194	9186	3	0	502.178	285.321	16.3584
58230	9186	1	0	502.178	285.321	35.7847
58231	9186	3	0	502.178	285.321	36.0014
58248	9186	1	0	502.178	285.321	47.3907
58249	9186	3	0	526.178	321.321	48.4076
58275	9186	1	0	526.178	321.321	105.522
58276	9186	3	0	542.178	341.321	106.589
58277	9186	1	0	542.178	341.321	107.206
58278	9186	3	0	503.178	369.321	107.522
58293	9186	1	0	503.178	369.321	115.443
58294	9186	3	1	317.178	352.321	116.177
58363	9186	1	1	317.178	352.321	254.812
58364	9186	3	1	335.178	344.321	258.713
58365	9186	1	1	335.178	344.321	259.18
58366	9186	3	0	621.178	354.321	261.731
58369	9186	1	0	621.178	354.321	265.433
58370	9186	3	0	641.178	375.321	266.317
58386	9186	1	0	641.178	375.321	278.473
58387	9186	3	1	314.178	347.321	279.123
58212	9187	1	0	769.583	189.819	26.5136
58213	9187	3	0	766.583	167.819	26.9971
58238	9187	1	0	766.583	167.819	40.954
58239	9187	3	0	768.583	144.819	41.3376
58263	9187	1	0	768.583	144.819	55.8611
58264	9187	3	0	767.583	200.819	56.0946
58287	9187	1	0	767.583	200.819	111.725
58288	9187	3	0	771.583	238.819	111.975
58317	9187	1	0	771.583	238.819	134.369
58318	9187	3	0	647.583	286.819	136.087
58319	9187	1	0	647.583	286.819	137.287
58320	9187	3	0	719.583	212.819	137.57
58323	9187	1	0	719.583	212.819	139.338
58324	9187	3	0	682.583	287.819	140.038
58325	9187	1	0	682.583	287.819	140.472
58326	9187	3	1	346.583	247.819	141.372
58359	9187	1	1	346.583	247.819	217.276
58360	9187	3	1	346.583	254.819	217.976
58171	9188	1	0	585.404	87.3833	3.80615
58172	9188	3	0	588.404	47.3834	4.0871
58201	9188	1	0	588.404	47.3834	19.8269
58202	9188	3	0	598.404	30.3834	20.1105
58234	9188	1	0	598.404	30.3834	38.686
58235	9188	3	0	598.404	30.3834	39.1197
58273	9188	1	0	598.404	30.3834	104.854
58274	9188	3	0	631.404	93.3833	105.121
58289	9188	1	0	631.404	93.3833	112.608
58290	9188	3	0	643.404	120.383	112.959
58301	9188	1	0	643.404	120.383	125.982
58302	9188	3	0	639.404	93.3833	126.249
58311	9188	1	0	639.404	93.3833	131.484
58312	9188	3	0	535.404	179.383	131.868
58353	9188	1	0	535.404	179.383	209.639
58354	9188	3	1	223.404	146.383	210.44
58355	9188	1	1	223.404	146.383	211.774
58356	9188	3	1	175.404	95.3833	212.624
58410	9188	1	1	175.404	95.3833	504.012
58411	9188	3	0	834.404	145.383	506.898
58418	9188	1	0	834.404	145.383	512.468
58419	9188	3	1	82.4043	79.3833	513.052
58181	9189	1	0	864.436	227.585	8.85443
58182	9189	3	0	879.436	187.585	9.13794
58265	9189	1	0	879.436	187.585	56.545
58266	9189	3	0	871.436	228.585	56.7452
58329	9189	1	0	871.436	228.585	142.99
58330	9189	3	0	724.436	245.585	143.507
58333	9189	1	0	724.436	245.585	146.392
58334	9189	3	0	778.436	232.585	146.659
58388	9189	1	0	778.436	232.585	293.715
58389	9189	3	0	782.436	265.585	294.014
58400	9189	1	0	782.436	265.585	362.117
58401	9189	3	0	782.436	250.585	362.484
58412	9189	1	0	782.436	250.585	507.281
58413	9189	3	1	46.4361	110.585	507.765
58416	9189	1	1	46.4361	110.585	511.435
58417	9189	3	0	717.436	310.585	511.968
58420	9189	1	0	717.436	310.585	521.591
58421	9189	3	0	830.436	271.585	522.325
58224	9190	1	0	752.556	350.423	30.4321
58225	9190	3	0	735.556	333.423	30.7656
58244	9190	1	0	735.556	333.423	45.0397
58245	9190	3	0	736.556	281.423	45.3397
58259	9190	1	0	736.556	281.423	54.1273
58260	9190	3	0	769.556	346.423	54.4774
58261	9190	1	0	769.556	346.423	55.0276
58262	9190	3	0	769.556	371.423	55.361
58283	9190	1	0	769.556	371.423	110.274
58284	9190	3	0	768.556	384.423	110.524
58315	9190	1	0	768.556	384.423	133.368
58316	9190	3	0	644.556	381.423	133.852
58321	9190	1	0	644.556	381.423	137.954
58322	9190	3	0	527.556	382.423	138.438
58373	9190	1	0	527.556	382.423	268.351
58374	9190	3	0	525.556	399.423	270.852
58377	9190	1	0	525.556	399.423	273.72
58378	9190	2	0	479.556	390.423	274.021
58379	9190	3	0	499.696	375.137	274.055
58380	9190	1	0	499.696	375.137	274.421
58381	9190	3	1	265.696	401.137	274.854
58384	9190	1	1	265.696	401.137	277.572
58385	9190	3	0	589.696	170.137	278.056
58390	9190	1	0	589.696	170.137	294.498
58391	9190	3	0	618.696	216.137	294.782
58398	9190	1	0	618.696	216.137	299.651
58399	9190	3	0	557.696	236.137	300.167
58402	9190	1	0	557.696	236.137	369.271
58403	9190	3	0	581.696	239.137	369.704
58404	9190	1	0	581.696	239.137	370.338
58405	9190	3	0	564.696	217.137	370.755
58422	9190	1	0	564.696	217.137	523.976
58423	9190	3	0	780.696	211.137	524.36
58428	9190	1	0	780.696	211.137	620.926
58429	9190	3	0	707.696	259.137	621.543
58430	9190	1	0	707.696	259.137	626.563
58431	9190	3	0	621.696	275.137	628.164
58216	9191	1	0	641.471	410.037	28.2644
58217	9191	3	0	709.471	421.037	28.8646
58226	9191	1	0	709.471	421.037	31.0659
58227	9191	3	0	684.471	421.037	31.4659
58281	9191	1	0	684.471	421.037	109.357
58282	9191	3	0	671.471	381.037	109.724
58305	9191	1	0	671.471	381.037	129.15
58306	9191	3	0	556.471	377.037	129.45
58309	9191	1	0	556.471	377.037	130.584
58310	9191	3	0	540.471	33.037	131.167
58313	9191	1	0	540.471	33.037	132.301
58314	9191	3	0	540.471	73.037	132.685
58337	9191	1	0	540.471	73.037	158.682
58338	9191	3	1	230.471	56.037	160.666
58339	9191	1	1	230.471	56.037	160.999
58340	9191	3	1	234.471	55.037	161.316
58343	9191	1	1	234.471	55.037	162.416
58344	9191	3	1	236.471	76.037	162.75
58347	9191	1	1	236.471	76.037	203.686
58348	9191	3	1	236.471	76.037	205.303
58349	9191	1	1	236.471	76.037	206.421
58350	9191	3	0	589.471	71.037	207.838
58351	9191	1	0	589.471	71.037	208.272
58352	9191	3	0	597.471	67.037	209.189
58382	9191	1	0	597.471	67.037	275.638
58383	9191	3	0	597.471	97.037	276.955
58392	9191	1	0	597.471	97.037	296.199
58393	9191	3	0	645.471	114.037	296.682
58424	9191	1	0	645.471	114.037	525.194
58425	9191	3	0	719.471	127.037	525.528
58179	9192	1	0	822.141	224.551	6.9201
58180	9192	3	0	670.141	238.551	7.43695
58214	9192	1	0	670.141	238.551	27.564
58215	9192	3	0	670.141	238.551	27.8307
58240	9192	1	0	670.141	238.551	42.8554
58241	9192	3	0	722.141	244.551	43.6225
58242	9192	1	0	722.141	244.551	44.2896
58243	9192	3	0	644.141	234.551	44.6229
58269	9192	1	0	644.141	234.551	58.2794
58270	9192	3	0	657.141	245.551	58.6628
58279	9192	1	0	657.141	245.551	108.473
58280	9192	3	0	654.141	252.551	108.79
58303	9192	1	0	654.141	252.551	126.666
58304	9192	3	0	628.141	218.551	126.899
58307	9192	1	0	628.141	218.551	129.9
58308	9192	3	0	535.141	274.551	130.267
58367	9192	1	0	535.141	274.551	263.132
58368	9192	3	0	612.141	274.551	265.216
58371	9192	1	0	612.141	274.551	267.184
58372	9192	3	1	232.141	341.551	267.634
58375	9192	1	1	232.141	341.551	272.937
58376	9192	3	0	557.141	303.551	273.504
58394	9192	1	0	557.141	303.551	297.349
58395	9192	3	0	543.141	323.551	298.016
58396	9192	1	0	543.141	323.551	298.583
58397	9192	3	0	546.141	359.551	298.816
58406	9192	1	0	546.141	359.551	371.138
58407	9192	3	0	581.141	312.551	371.538
58408	9192	1	0	581.141	312.551	371.839
58409	9192	3	0	655.141	349.551	372.089
58426	9192	1	0	655.141	349.551	526.178
58427	9192	3	0	795.141	28.5505	526.845
