44998	8273	1	0	588.47	273.932	9.32178
44999	8273	3	1	82.4699	265.932	10.1891
45093	8273	1	1	82.4699	265.932	124.1
45094	8273	3	0	593.47	330.932	124.784
45037	8274	1	0	575.211	16.2844	63.2196
45038	8274	3	0	553.211	74.2844	64.42
45043	8274	1	0	553.211	74.2844	68.4391
45044	8274	3	1	256.211	98.2844	68.8227
45045	8274	1	1	256.211	98.2844	72.3742
45046	8274	3	0	605.211	37.2844	72.9078
45064	8274	1	0	605.211	37.2844	92.4172
45065	8274	2	0	459.211	98.2844	92.7507
45066	8274	3	0	499.191	122.758	92.8173
45067	8274	1	0	499.191	122.758	93.8511
45068	8274	2	1	294.191	141.758	94.2679
45069	8274	3	0	498.517	189.278	94.5179
45077	8274	1	0	498.517	189.278	101.205
45078	8274	3	1	212.517	156.278	101.572
45091	8274	1	1	212.517	156.278	111.86
45092	8274	3	1	202.517	112.278	112.244
45105	8274	1	1	202.517	112.278	135.757
45106	8274	3	1	171.517	56.2779	136.107
45130	8274	1	1	171.517	56.2779	771.048
45131	8274	3	1	329.517	59.2779	771.748
45132	8274	1	1	329.517	59.2779	771.948
45133	8274	3	1	329.517	59.2779	772.549
45012	8275	1	0	732.446	317.001	23.4638
45013	8275	3	1	170.447	260.001	24.0138
45016	8275	1	1	170.447	260.001	25.9814
45017	8275	3	1	264.447	244.001	26.4653
45023	8275	1	1	264.447	244.001	31.8513
45024	8275	3	0	557.446	196.001	32.3017
45095	8275	1	0	557.446	196.001	125.134
45096	8275	3	1	118.447	232.001	126.302
45107	8275	1	1	118.447	232.001	136.424
45108	8275	3	1	27.4465	271.001	136.774
45109	8275	1	1	27.4465	271.001	138.125
45110	8275	3	1	67.4465	249.001	138.725
45111	8275	1	1	67.4465	249.001	139.259
45112	8275	3	0	554.446	225.001	139.775
45117	8275	1	0	554.446	225.001	151.382
45118	8275	3	0	559.446	216.001	152.232
45121	8275	1	0	559.446	216.001	153.604
45122	8275	3	1	146.447	238.001	153.983
45054	8276	1	0	776.83	425.871	86.6813
45055	8276	3	1	329.83	323.871	87.3483
45075	8276	1	1	329.83	323.871	99.9711
45076	8276	3	0	830.83	352.871	100.704
45113	8277	1	0	692.004	142.108	140.292
45114	8277	3	0	680.004	191.108	141.893
45000	8278	1	0	693.184	172.237	12.4404
45001	8278	3	0	513.184	320.237	12.8739
45079	8278	1	0	513.184	320.237	102.272
45080	8278	3	1	292.184	311.237	102.689
45097	8278	1	1	292.184	311.237	126.985
45098	8278	3	1	314.184	369.237	127.769
45008	8279	1	0	590.6	66.9879	16.1922
45009	8279	3	0	524.6	154.988	16.8426
45020	8279	1	0	524.6	154.988	30.4672
45021	8279	2	1	319.6	370.988	31.1343
45022	8279	3	0	494.196	291.353	31.3678
45025	8279	1	0	494.196	291.353	32.6354
45026	8279	3	1	351.196	348.353	33.6856
45027	8279	1	1	351.196	348.353	34.3525
45028	8279	3	1	308.196	367.353	34.9362
45029	8279	1	1	308.196	367.353	51.9128
45030	8279	3	1	301.196	329.353	52.6968
45051	8279	1	1	301.196	329.353	85.8478
45052	8279	2	0	913.196	261.353	86.2312
45053	8279	3	0	819.589	244.439	86.3812
45127	8279	1	0	819.589	244.439	163.822
45128	8279	2	0	447.59	60.4388	164.322
45129	8279	3	0	495.72	95.5729	164.406
45006	8280	1	0	800.256	179.016	15.3919
45007	8280	3	0	878.256	84.0163	15.7753
45031	8280	1	0	878.256	84.0163	53.6639
45032	8280	3	0	805.256	75.0163	54.1309
45033	8280	1	0	805.256	75.0163	55.2151
45034	8280	3	1	67.2563	113.016	57.3826
45035	8280	1	1	67.2563	113.016	59.7172
45036	8280	3	1	67.2563	113.016	61.3852
45041	8280	1	1	67.2563	113.016	67.5717
45042	8280	3	0	706.256	72.0163	68.0388
45047	8280	1	0	706.256	72.0163	73.6248
45048	8280	3	1	121.256	76.0163	74.0917
45049	8280	1	1	121.256	76.0163	84.5638
45050	8280	3	1	345.256	148.016	85.4476
45056	8280	1	1	345.256	148.016	88.2653
45057	8280	3	1	141.256	141.016	88.5322
45070	8280	1	1	141.256	141.016	97.5865
45071	8280	2	0	481.256	109.016	98.2201
45072	8280	3	0	501.53	122.237	98.2534
45073	8280	1	0	501.53	122.237	98.5035
45074	8280	3	0	567.53	122.237	98.8704
45081	8280	1	0	567.53	122.237	103.539
45082	8280	3	1	372.53	186.237	104.173
45083	8280	1	1	372.53	186.237	104.64
45084	8280	3	0	608.53	117.237	105.023
45101	8280	1	0	608.53	117.237	131.838
45102	8280	3	0	649.53	109.237	134.139
45125	8280	1	0	649.53	109.237	155.768
45126	8280	3	1	296.53	245.237	156.852
45004	8281	1	0	836.411	169.799	14.4915
45005	8281	3	0	860.411	289.799	14.8083
45010	8281	1	0	860.411	289.799	19.9443
45011	8281	3	1	277.411	115.799	21.9959
45039	8281	1	1	277.411	115.799	66.2711
45040	8281	3	0	777.411	80.7992	66.7213
45058	8281	1	0	777.411	80.7992	89.1824
45059	8281	3	1	377.411	100.799	89.6492
45060	8281	1	1	377.411	100.799	90.4664
45061	8281	3	1	339.411	155.799	90.9167
45062	8281	1	1	339.411	155.799	91.2001
45063	8281	3	0	856.411	76.7992	91.6003
45087	8281	1	0	856.411	76.7992	107.859
45088	8281	3	0	840.411	93.7992	109.543
45099	8281	1	0	840.411	93.7992	128.486
45100	8281	3	0	854.411	79.7992	129.62
45115	8281	1	0	854.411	79.7992	146.496
45116	8281	3	1	116.411	291.799	147.48
45119	8281	1	1	116.411	291.799	152.732
45120	8281	3	0	623.411	87.7992	153.199
45123	8281	1	0	623.411	87.7992	154.784
45124	8281	3	0	755.411	73.7992	155.234
45002	8282	1	0	755.199	401.562	13.491
45003	8282	3	0	640.199	434.562	13.8746
45014	8282	1	0	640.199	434.562	24.7476
45015	8282	3	1	357.199	386.562	25.3643
45018	8282	1	1	357.199	386.562	29.3669
45019	8282	3	0	674.199	346.562	29.9672
45085	8282	1	0	674.199	346.562	105.674
45086	8282	3	0	679.199	313.562	106.925
45089	8282	1	0	679.199	313.562	110.16
45090	8282	3	1	346.199	220.562	111.143
45103	8282	1	1	346.199	220.562	134.99
45104	8282	3	1	394.199	159.562	135.356
45134	8282	1	1	394.199	159.562	773.066
45135	8282	3	0	502.199	243.562	773.466
45136	8282	1	0	502.199	243.562	775.417
45137	8282	3	1	398.199	243.562	775.885
50371	8613	1	0	667.746	402.367	36.6701
50372	8613	3	1	365.746	190.367	38.0042
50377	8613	1	1	365.746	190.367	45.9248
50378	8613	3	0	613.746	321.367	46.3583
50387	8613	1	0	613.746	321.367	56.0793
50388	8613	3	1	209.746	114.367	60.0309
50379	8614	1	0	579.352	183.059	46.9085
50380	8614	3	1	355.353	237.059	47.3253
50428	8614	1	1	355.353	237.059	429.917
50429	8614	3	1	311.353	253.059	431.117
50356	8616	1	0	530.672	375.165	13.7744
50357	8616	2	0	491.672	278.165	14.1412
50358	8616	3	0	499.602	274.53	14.1578
50365	8616	1	0	499.602	274.53	17.9428
50366	8616	3	1	116.602	242.53	18.4261
50420	8616	1	1	116.602	242.53	311.419
50421	8616	3	0	671.602	266.53	311.819
50359	8617	1	0	744.608	364.538	14.8246
50360	8617	3	0	836.608	394.538	15.1415
50373	8617	1	0	836.608	394.538	39.9888
50374	8617	3	0	750.608	273.538	42.9901
50381	8617	1	0	750.608	273.538	48.0924
50382	8617	3	0	583.608	202.538	49.593
50385	8617	1	0	583.608	202.538	54.9623
50386	8617	3	1	291.608	407.538	55.4793
50389	8617	1	1	291.608	407.538	123.682
50390	8617	3	0	601.608	324.538	124.882
50391	8617	1	0	601.608	324.538	126.7
50392	8617	3	1	281.608	387.538	127.101
50401	8617	1	1	281.608	387.538	139.674
50402	8617	3	0	494.608	293.538	140.074
50416	8617	1	0	494.608	293.538	156.517
50417	8617	3	1	306.608	438.538	156.917
50375	8618	1	0	524.167	16.9032	44.4742
50376	8618	3	0	524.167	16.9032	45.1411
50409	8618	1	0	524.167	16.9032	151.247
50410	8618	3	0	600.167	130.903	152.782
50354	8619	1	0	563.681	477.05	12.9236
50355	8619	3	0	747.681	179.05	13.4409
50393	8619	1	0	747.681	179.05	128.902
50394	8619	3	0	661.681	166.05	130.036
50361	8620	1	0	696.661	296.944	15.6083
50362	8620	3	0	812.661	291.944	15.8752
50367	8620	1	0	812.661	291.944	24.3129
50368	8620	3	0	812.661	291.944	24.7299
50369	8620	1	0	812.661	291.944	30.3166
50370	8620	3	1	328.66	364.944	31.5008
50383	8620	1	1	328.66	364.944	52.1943
50384	8620	3	0	729.661	304.944	54.3286
50405	8620	1	0	729.661	304.944	145.31
50406	8620	3	0	702.661	312.944	146.611
50411	8620	1	0	702.661	312.944	153.182
50412	8620	2	1	339.66	111.944	153.715
50413	8620	3	0	499.512	166.215	153.932
50422	8620	1	0	499.512	166.215	312.22
50423	8620	3	1	124.512	254.215	312.736
50424	8620	1	1	124.512	254.215	318.039
50425	8620	3	0	578.512	260.215	318.889
50426	8620	1	0	578.512	260.215	319.939
50427	8620	3	1	94.5118	267.215	320.406
50363	8621	1	0	575.034	218.462	16.2754
50364	8621	3	0	693.034	213.462	16.8589
50395	8621	1	0	693.034	213.462	130.403
50396	8621	3	0	550.034	173.462	134.105
50399	8621	1	0	550.034	173.462	136.656
50400	8621	3	1	391.034	127.462	137.156
50403	8621	1	1	391.034	127.462	143.159
50404	8621	3	0	589.034	187.462	143.609
50407	8621	1	0	589.034	187.462	149.997
50408	8621	3	1	266.034	335.462	150.53
50414	8621	1	1	266.034	335.462	154.949
50415	8621	3	0	639.034	330.462	156.016
50418	8621	1	0	639.034	330.462	158.118
50419	8621	3	1	351.034	68.4618	158.835
50397	8622	1	0	861.383	239.22	134.788
50398	8622	3	0	783.383	161.22	136.039
52825	8767	1	0	693.525	50.8719	31.2165
52826	8767	3	1	297.525	176.872	33.2673
52843	8767	1	1	297.525	176.872	61.9669
52844	8767	2	1	403.525	200.872	64.3848
52845	8767	3	1	374.783	204.835	64.4348
52859	8767	1	1	374.783	204.835	152.134
52860	8767	3	0	500.783	286.835	153.268
52865	8767	1	0	500.783	286.835	171.611
52866	8767	3	0	511.783	286.835	172.712
52894	8767	1	0	511.783	286.835	200.844
52895	8767	3	1	127.783	247.835	202.445
52896	8767	1	1	127.783	247.835	203.229
52897	8767	3	1	166.783	280.835	203.746
52898	8767	1	1	166.783	280.835	217.404
52899	8767	3	0	518.783	280.835	218.971
52909	8767	1	0	518.783	280.835	225.725
52910	8767	3	1	212.783	262.835	226.608
52914	8767	1	1	212.783	262.835	230.511
52915	8767	2	0	478.783	269.835	231.161
52916	8767	3	0	497.752	265.814	231.195
52927	8767	1	0	497.752	265.814	242.318
52928	8767	3	1	371.752	360.814	242.752
52964	8767	1	1	371.752	360.814	379.68
52965	8767	3	0	729.752	206.814	380.13
52969	8767	1	0	729.752	206.814	654.872
52970	8767	3	0	693.752	298.814	655.289
52827	8768	1	0	542.527	159.885	35.3348
52828	8768	3	1	273.527	314.885	36.0853
52833	8768	1	1	273.527	314.885	50.494
52834	8768	3	0	673.527	282.885	50.9775
52839	8768	1	0	673.527	282.885	57.564
52840	8768	3	0	693.527	312.885	59.9487
52873	8768	1	0	693.527	312.885	180.249
52874	8768	3	0	738.527	324.885	181.616
52885	8768	1	0	738.527	324.885	192.739
52886	8768	3	1	273.527	142.885	193.156
52960	8768	1	1	273.527	142.885	374.627
52961	8768	3	0	798.527	296.885	375.211
52877	8770	1	0	503.049	23.7116	183.167
52878	8770	3	1	35.0487	61.7116	185.085
52879	8770	1	1	35.0487	61.7116	185.885
52880	8770	3	0	811.049	47.7116	186.486
52911	8770	1	0	811.049	47.7116	227.976
52912	8770	2	0	907.049	135.712	229.66
52913	8770	3	0	875.386	150.687	229.71
52821	8771	1	0	541.284	63.0737	15.7914
52822	8771	3	0	595.284	97.0737	16.4086
52863	8771	1	0	595.284	97.0737	163.94
52864	8771	3	0	585.284	119.074	166.876
52869	8771	1	0	585.284	119.074	175.03
52870	8771	3	0	572.284	124.074	178.248
52954	8771	1	0	572.284	124.074	370.442
52955	8771	3	0	572.284	124.074	370.842
52846	8773	1	0	507.177	402.823	69.7215
52847	8773	2	1	276.177	205.823	70.9056
52848	8773	3	0	497.166	225.88	71.1556
52851	8773	1	0	497.166	225.88	77.409
52852	8773	3	1	295.166	87.8805	77.8923
52871	8773	1	1	295.166	87.8805	178.965
52872	8773	3	0	698.166	92.8805	179.648
52875	8773	1	0	698.166	92.8805	182.167
52876	8773	3	1	205.166	40.8805	182.617
52935	8773	1	1	205.166	40.8805	310.208
52936	8773	3	0	736.166	106.881	310.925
52945	8773	1	0	736.166	106.881	320.431
52946	8773	3	1	334.166	22.8805	321.048
52831	8774	1	0	844.022	54.0424	45.6575
52832	8774	3	1	87.0217	394.042	46.5748
52812	8776	1	0	680.445	309.663	10.8556
52813	8776	3	0	634.445	269.663	11.3058
52829	8776	1	0	634.445	269.663	39.2709
52830	8776	3	1	205.445	48.6632	41.4385
52849	8776	1	1	205.445	48.6632	75.925
52850	8776	3	0	658.445	159.663	76.7086
52853	8776	1	0	658.445	159.663	104.558
52854	8776	3	0	737.445	139.663	106.341
52881	8776	1	0	737.445	139.663	187.169
52882	8776	3	0	766.445	152.663	188.937
52889	8776	1	0	766.445	152.663	195.491
52890	8776	2	0	830.445	193.663	196.742
52891	8776	3	0	821.984	194.772	196.758
52923	8776	1	0	821.984	194.772	239.283
52924	8776	3	0	685.984	328.772	240.417
52929	8776	1	0	685.984	328.772	248.622
52930	8776	3	0	725.984	196.772	248.972
52933	8776	1	0	725.984	196.772	257.111
52934	8776	3	0	725.984	196.772	257.228
52937	8776	1	0	725.984	196.772	312.259
52938	8776	3	0	619.984	187.772	313.142
52943	8776	1	0	619.984	187.772	319.33
52944	8776	3	0	623.984	195.772	319.847
52962	8776	1	0	623.984	195.772	376.729
52963	8776	3	1	320.983	187.772	378.146
52817	8777	1	0	736.428	168.403	13.3902
52818	8777	3	0	704.428	150.403	13.7403
52823	8777	1	0	704.428	150.403	27.5149
52824	8777	3	1	128.428	174.403	28.4153
52892	8777	1	1	128.428	174.403	199.594
52893	8777	3	1	72.4284	126.403	200.127
52950	8777	1	1	72.4284	126.403	366.49
52951	8777	3	0	783.428	142.403	367.107
52971	8777	1	0	783.428	142.403	655.622
52972	8777	3	0	698.428	62.4028	656.039
52804	8779	1	0	558.949	232.947	7.22107
52805	8779	3	0	537.949	316.947	7.67127
52808	8779	1	0	537.949	316.947	9.02161
52809	8779	3	0	605.949	340.947	9.30505
52810	8779	1	0	605.949	340.947	9.63849
52811	8779	3	0	573.949	400.947	10.5054
52835	8779	1	0	573.949	400.947	51.3777
52836	8779	3	1	242.949	344.947	52.3113
52837	8779	1	1	242.949	344.947	55.913
52838	8779	3	0	542.949	216.947	56.7802
52841	8779	1	0	542.949	216.947	60.2492
52842	8779	3	1	295.949	318.947	61.1497
52900	8779	1	1	295.949	318.947	220.855
52901	8779	3	1	295.949	318.947	221.756
52905	8779	1	1	295.949	318.947	223.957
52906	8779	3	0	597.949	399.947	224.29
52921	8779	1	0	597.949	399.947	234.447
52922	8779	3	1	121.949	269.947	235.08
52931	8779	1	1	121.949	269.947	249.522
52932	8779	3	1	199.949	270.947	249.906
52947	8779	1	1	199.949	270.947	363.889
52948	8779	2	0	816.949	347.947	364.439
52949	8779	3	0	800.671	334.053	364.473
52958	8779	1	0	800.671	334.053	373.343
52959	8779	3	1	139.671	214.053	374.143
52814	8780	1	0	802.532	129.589	11.8894
52815	8780	2	0	850.532	209.589	12.7066
52816	8780	3	0	823.471	210.492	12.7565
52855	8780	1	0	823.471	210.492	107.009
52856	8780	3	0	614.471	221.492	108.476
52867	8780	1	0	614.471	221.492	173.079
52868	8780	3	0	601.471	178.492	174.329
52887	8780	1	0	601.471	178.492	193.673
52888	8780	3	0	642.471	217.492	194.99
52917	8780	1	0	642.471	217.492	231.678
52918	8780	3	0	709.471	223.492	232.695
52925	8780	1	0	709.471	223.492	240.784
52926	8780	3	0	569.471	322.491	241.801
52939	8780	1	0	569.471	322.491	316.044
52940	8780	3	0	509.471	298.491	317.211
52806	8782	1	0	739.1	288.859	8.10474
52807	8782	3	0	802.1	389.859	8.50482
52857	8782	1	0	802.1	389.859	109.043
52858	8782	3	0	640.1	363.859	110.127
52861	8782	1	0	640.1	363.859	153.951
52862	8782	3	1	308.1	171.859	157.87
52883	8782	1	1	308.1	171.859	191.672
52884	8782	3	0	545.1	386.859	192.339
52902	8782	1	0	545.1	386.859	222.556
52903	8782	2	1	119.1	288.859	223.407
52904	8782	3	0	496.841	231.479	223.807
52907	8782	1	0	496.841	231.479	224.641
52908	8782	3	1	275.841	322.479	224.991
52919	8782	1	1	275.841	322.479	233.63
52920	8782	3	0	701.841	356.479	233.996
52941	8782	1	0	701.841	356.479	317.629
52942	8782	3	0	620.841	282.479	318.279
52952	8782	1	0	620.841	282.479	367.674
52953	8782	3	1	91.8412	258.479	368.574
52956	8782	1	1	91.8412	258.479	372.393
52957	8782	3	0	663.841	398.479	372.96
52966	8782	1	0	663.841	398.479	382.482
52967	8782	2	1	371.841	346.479	383.065
52968	8782	3	1	336.587	320.814	383.132
52819	8783	1	0	553.875	17.0938	14.8242
52820	8783	3	0	595.875	16.0938	15.2411
56763	9048	1	0	797.961	306.295	10.8727
56764	9048	2	0	894.961	334.295	11.223
56765	9048	3	0	874.851	325.517	11.2563
56784	9048	1	0	874.851	325.517	42.2084
56785	9048	3	1	169.851	42.5169	42.7753
56790	9048	1	1	169.851	42.5169	541.126
56791	9048	3	1	169.851	42.5169	541.293
56759	9057	1	0	782.489	309.691	8.38824
56760	9057	3	0	691.489	305.691	9.13855
56772	9057	1	0	691.489	305.691	25.0146
56773	9057	3	0	693.489	282.691	28.6834
56761	9060	1	0	664.656	378.61	9.70563
56762	9060	3	0	596.656	458.61	10.239
56786	9060	1	0	596.656	458.61	43.609
56787	9060	3	1	317.656	82.61	44.4927
56788	9060	1	1	317.656	82.61	539.675
56789	9060	3	1	365.656	82.61	540.159
56778	9064	1	0	844.951	17.4068	33.5367
56779	9064	3	0	797.951	130.407	36.4716
56766	9068	1	0	685.72	27.0253	11.8901
56767	9068	3	0	719.72	71.0253	12.3738
56774	9068	1	0	719.72	71.0253	30.2344
56775	9068	3	0	719.72	71.0253	30.6179
56776	9068	1	0	719.72	71.0253	30.9682
56777	9068	3	1	256.72	386.025	32.1858
56780	9071	1	0	783.528	438.432	37.1219
56781	9071	3	1	243.528	68.4319	38.7396
56782	9071	1	1	243.528	68.4319	39.2399
56783	9071	3	0	580.528	29.4319	41.4413
56768	9079	1	0	823.617	185.192	16.9595
56769	9079	3	1	345.617	183.192	18.2936
56757	9082	1	0	648.702	115.767	1.23413
56758	9082	3	0	699.702	199.767	1.68445
56770	9082	1	0	699.702	199.767	18.9943
56771	9082	3	1	189.702	236.767	19.5448
59998	9301	1	0	739.591	80.0138	8.78802
59999	9301	3	1	167.591	160.014	10.1221
60012	9301	1	1	167.591	160.014	33.4521
60013	9301	3	1	86.5913	120.014	33.8524
60002	9302	1	0	531.416	349.16	13.8238
60003	9302	3	1	294.416	190.16	14.3742
60008	9302	1	1	294.416	190.16	28.2491
60009	9302	3	0	858.416	185.16	29.3834
60019	9303	1	0	800.133	19.2148	46.1926
60020	9303	3	1	190.133	75.2148	48.3103
60021	9303	1	1	190.133	75.2148	50.7778
60022	9303	3	0	714.133	92.2148	51.5949
59991	9305	1	0	576.207	252.089	6.23663
59992	9305	3	0	708.207	240.089	6.52039
60017	9305	1	0	708.207	240.089	36.5205
60018	9305	3	1	193.207	244.089	38.4218
60000	9306	1	0	686.843	17.8025	10.7223
60001	9306	3	1	296.843	284.803	11.5395
60014	9306	1	1	296.843	284.803	34.2693
60015	9306	2	1	350.843	392.803	34.7195
60016	9306	3	1	342.692	383.875	34.7363
59995	9307	1	0	671.515	98.2881	7.72076
59996	9307	2	0	890.515	193.288	8.17108
59997	9307	3	0	860.683	199.506	8.22113
60004	9307	1	0	860.683	199.506	16.5093
60005	9307	3	1	315.683	86.5064	17.5596
60010	9308	1	0	509.582	71.2298	31.3176
60011	9308	3	1	369.582	202.23	31.8347
59989	9310	1	0	632.256	277.708	5.63629
59990	9310	3	0	787.256	302.708	5.91968
59993	9311	1	0	614.098	149.878	6.98706
59994	9311	3	0	608.098	53.8777	7.32056
60006	9312	1	0	659.298	428.944	23.847
60007	9312	3	1	75.2979	356.944	26.1313
