46431	8393	1	0	663.532	339.258	18.8265
46432	8393	3	0	591.532	383.258	19.8773
46458	8393	1	0	591.532	383.258	89.7446
46459	8393	2	1	141.532	296.258	90.1949
46460	8393	3	0	496.174	235.693	90.5785
46464	8393	1	0	496.174	235.693	93.2965
46465	8393	3	0	569.174	308.694	93.9969
46479	8393	1	0	569.174	308.694	113.957
46480	8393	3	0	615.174	334.694	114.341
46537	8393	1	0	615.174	334.694	294.831
46538	8393	3	0	566.174	319.694	295.749
46435	8394	1	0	494.529	249.054	20.9444
46436	8394	2	0	482.529	391.054	21.4945
46437	8394	3	0	501.336	375.333	21.528
46461	8394	1	0	501.336	375.333	90.8456
46462	8394	2	0	489.336	365.333	91.5458
46463	8394	3	0	499.496	357.937	91.564
46468	8394	1	0	499.496	357.937	96.2812
46469	8394	2	0	480.496	350.937	97.4485
46470	8394	3	0	499.46	339.165	97.4818
46473	8394	1	0	499.46	339.165	99.2659
46474	8394	3	0	512.46	300.165	100.367
46481	8394	1	0	512.46	300.165	115.058
46482	8394	3	0	545.46	320.165	115.408
46509	8394	1	0	545.46	320.165	256.561
46510	8394	3	1	355.46	219.165	257.395
46533	8394	1	1	355.46	219.165	290.279
46534	8394	3	0	821.46	257.165	291.18
46581	8394	1	0	821.46	257.165	534.149
46582	8394	2	1	189.46	244.165	535.049
46583	8394	3	0	500.889	235.261	535.383
46586	8394	1	0	500.889	235.261	536.884
46587	8394	3	1	292.889	331.261	537.251
46592	8394	1	1	292.889	331.261	540.603
46593	8394	3	0	758.889	180.261	540.987
46477	8395	1	0	816.284	378.894	107.27
46478	8395	3	1	124.285	252.894	108.004
46513	8395	1	1	124.285	252.894	263.615
46514	8395	3	0	778.284	397.894	265.282
46535	8395	1	0	778.284	397.894	291.632
46536	8395	3	1	237.285	244.894	292.347
46545	8395	1	1	237.285	244.894	340.205
46546	8395	3	1	349.284	253.894	341.122
46553	8395	1	1	349.284	253.894	344.457
46554	8395	3	1	359.284	214.894	344.874
46564	8395	1	1	359.284	214.894	363.983
46565	8395	3	1	356.284	287.894	364.417
46568	8395	1	1	356.284	287.894	388.061
46569	8395	3	1	264.284	247.894	389.146
46572	8395	1	1	264.284	247.894	459.233
46573	8395	2	1	386.284	161.894	459.667
46574	8395	3	1	358.862	170.243	459.717
46579	8395	1	1	358.862	170.243	504.094
46580	8395	3	1	340.862	60.2429	511.816
46448	8396	1	0	777.716	215.329	68.0165
46449	8396	3	1	350.716	166.329	68.6836
46485	8396	1	1	350.716	166.329	232.983
46486	8396	3	0	810.716	256.329	233.55
46521	8396	1	0	810.716	256.329	272.336
46522	8396	2	1	-5.28455	232.329	272.953
46523	8396	3	1	31.3043	229.766	273.02
46524	8396	1	1	31.3043	229.766	274.67
46525	8396	3	0	660.304	202.766	275.47
46541	8396	1	0	660.304	202.766	297.483
46542	8396	3	1	63.3043	219.766	298.099
46543	8396	1	1	63.3043	219.766	337.003
46544	8396	3	1	355.304	372.766	339.738
46555	8396	1	1	355.304	372.766	345.474
46556	8396	3	1	349.304	194.766	346.241
46562	8396	1	1	349.304	194.766	363.049
46563	8396	3	1	334.304	318.766	363.483
46575	8396	1	1	334.304	318.766	460.284
46576	8396	3	1	347.304	174.766	460.784
46577	8396	1	1	347.304	174.766	503.243
46578	8396	3	1	236.304	334.766	503.66
46584	8396	1	1	236.304	334.766	535.633
46585	8396	3	0	792.304	293.766	536.25
46594	8396	1	0	792.304	293.766	541.404
46595	8396	3	1	323.304	213.766	541.987
46596	8396	1	1	323.304	213.766	567.288
46597	8396	3	1	352.304	140.766	568.272
46598	8396	1	1	352.304	140.766	579.396
46599	8396	3	1	331.304	150.766	584.717
46600	8396	1	1	331.304	150.766	679.083
46601	8396	3	1	285.304	178.766	679.851
46602	8396	1	1	285.304	178.766	694.929
46603	8396	3	1	326.304	96.7657	695.612
46606	8396	1	1	326.304	96.7657	710.89
46607	8396	3	1	249.304	96.7657	711.507
46610	8396	1	1	249.304	96.7657	754.386
46611	8396	3	1	321.304	85.7657	755.387
46442	8397	1	0	746.552	200.383	23.6125
46443	8397	3	0	682.552	113.382	24.2459
46489	8397	1	0	682.552	113.382	236.168
46490	8397	3	1	300.552	219.383	239.536
46495	8397	1	1	300.552	219.383	244.338
46496	8397	3	0	719.552	110.382	244.822
46518	8397	1	0	719.552	110.382	270.268
46519	8397	2	1	55.5521	211.383	271.419
46520	8397	3	0	501.348	207	271.869
46526	8397	1	0	501.348	207	276.188
46527	8397	3	0	697.348	90.0004	276.838
46440	8398	1	0	607.194	38.8177	22.9288
46441	8398	3	0	537.194	54.8177	23.2289
46450	8398	1	0	537.194	54.8177	73.853
46451	8398	3	1	206.194	98.8177	74.4865
46547	8398	1	1	206.194	98.8177	342.223
46548	8398	3	1	345.194	117.818	342.923
46557	8398	1	1	345.194	117.818	346.558
46558	8398	3	1	369.194	206.818	347.025
46559	8398	1	1	369.194	206.818	356.029
46560	8398	2	1	374.194	147.818	357.463
46561	8398	3	1	365.379	151.699	357.479
46438	8399	1	0	600.352	94.2376	21.9282
46439	8399	3	0	514.352	196.238	22.5787
46466	8399	1	0	514.352	196.238	94.3471
46467	8399	3	0	546.352	174.238	95.731
46475	8399	1	0	546.352	174.238	105.536
46476	8399	3	0	589.352	145.238	106.67
46483	8399	1	0	589.352	145.238	115.858
46484	8399	3	0	541.352	228.238	116.225
46505	8399	1	0	541.352	228.238	254.811
46506	8399	3	0	612.352	218.238	255.178
46515	8399	1	0	612.352	218.238	265.865
46516	8399	2	0	498.352	434.238	269.718
46517	8399	3	0	506.373	423.404	269.734
46530	8399	1	0	506.373	423.404	283.076
46531	8399	2	1	192.373	269.404	283.81
46532	8399	3	0	500.926	233.942	284.16
46452	8400	1	0	764.435	42.31	79.439
46453	8400	3	1	129.435	202.31	80.1563
46471	8400	1	1	129.435	202.31	98.2656
46472	8400	3	0	517.435	80.31	98.899
46493	8400	1	0	517.435	80.31	242.888
46494	8400	3	0	504.435	122.31	243.588
46499	8400	1	0	504.435	122.31	246.239
46500	8400	3	1	241.435	330.31	246.656
46503	8400	1	1	241.435	330.31	251.008
46504	8400	3	0	586.435	148.31	253.377
46511	8400	1	0	586.435	148.31	259.295
46512	8400	3	0	574.435	125.31	260.696
46588	8400	1	0	574.435	125.31	538.051
46589	8400	3	1	216.435	186.31	538.552
46590	8400	1	1	216.435	186.31	539.619
46591	8400	3	0	551.435	142.31	540.119
46433	8401	1	0	576.333	280.732	20.3276
46434	8401	3	0	627.333	301.732	20.561
46454	8401	1	0	627.333	301.732	82.991
46455	8401	3	1	102.333	304.732	83.6245
46456	8401	1	1	102.333	304.732	88.3436
46457	8401	3	0	744.333	297.732	89.1442
46501	8401	1	0	744.333	297.732	247.256
46502	8401	3	1	311.333	327.732	247.84
46539	8401	1	1	311.333	327.732	296.315
46540	8401	3	0	725.333	376.732	296.866
46444	8402	1	0	792.296	332.511	25.0793
46445	8402	3	0	764.296	330.511	25.6798
46446	8402	1	0	764.296	330.511	42.6869
46447	8402	3	1	238.296	311.511	43.3206
46487	8402	1	1	238.296	311.511	235.317
46488	8402	3	0	601.296	170.511	235.884
46491	8402	1	0	601.296	170.511	241.904
46492	8402	3	0	601.296	170.511	242.254
46497	8402	1	0	601.296	170.511	245.339
46498	8402	3	1	351.296	200.511	245.789
46507	8402	1	1	351.296	200.511	255.811
46508	8402	3	0	549.296	201.511	256.261
46528	8402	1	0	549.296	201.511	278.589
46529	8402	3	1	366.296	99.5113	279.073
46549	8402	1	1	366.296	99.5113	343.306
46550	8402	3	1	401.296	219.511	343.857
46551	8402	1	1	401.296	219.511	344.157
46552	8402	3	1	401.296	219.511	344.24
46566	8402	1	1	401.296	219.511	364.9
46567	8402	3	1	397.296	231.511	365.617
46570	8402	1	1	397.296	231.511	389.696
46571	8402	3	1	388.296	249.511	390.163
46604	8402	1	1	388.296	249.511	697.263
46605	8402	3	1	395.296	203.511	698.331
46608	8402	1	1	395.296	203.511	746.765
46609	8402	3	1	359.296	135.511	747.398
48467	8523	1	0	633.9	430.274	45.7238
48468	8523	3	1	315.9	373.274	46.2744
48498	8523	1	1	315.9	373.274	82.1778
48499	8523	3	0	720.9	377.274	82.7282
48502	8523	1	0	720.9	377.274	86.163
48503	8523	3	1	330.9	335.274	86.8798
48508	8523	1	1	330.9	335.274	92.6494
48509	8523	3	1	322.9	379.274	92.9996
48528	8523	1	1	322.9	379.274	134.321
48529	8523	3	1	342.9	415.274	137.956
48555	8523	1	1	342.9	415.274	193.101
48556	8523	3	0	531.9	413.274	194.035
48567	8523	1	0	531.9	413.274	203.507
48568	8523	3	0	589.9	394.274	205.274
48579	8523	1	0	589.9	394.274	218.081
48580	8523	3	0	546.9	353.274	219.965
48588	8523	1	0	546.9	353.274	230.221
48589	8523	3	1	250.9	229.274	231.105
48594	8523	1	1	250.9	229.274	234.906
48595	8523	3	1	100.9	245.274	235.29
48623	8523	1	1	100.9	245.274	277.113
48624	8523	3	0	764.9	243.274	277.68
48647	8523	1	0	764.9	243.274	356.754
48648	8523	2	1	33.8997	215.274	357.771
48649	8523	3	0	495.293	224.187	358.188
48654	8523	1	0	495.293	224.187	360.689
48655	8523	3	1	34.2929	216.187	361.89
48705	8523	1	1	34.2929	216.187	441.067
48706	8523	3	1	135.293	412.187	442.301
48707	8523	1	1	135.293	412.187	450.423
48708	8523	3	0	496.293	435.187	451.29
48718	8523	1	0	496.293	435.187	457.21
48719	8523	3	1	204.293	317.187	458.127
48736	8523	1	1	204.293	317.187	494.681
48737	8523	3	0	636.293	311.187	495.348
48740	8523	1	0	636.293	311.187	498.984
48741	8523	3	1	170.293	253.187	500.185
48448	8524	1	0	626.235	367.929	4.15216
48449	8524	3	0	565.235	344.929	4.61902
48454	8524	1	0	565.235	344.929	15.2579
48455	8524	3	0	554.235	351.929	15.6582
48458	8524	1	0	554.235	351.929	21.6447
48459	8524	3	0	530.235	361.929	21.9448
48480	8524	1	0	530.235	361.929	64.4182
48481	8524	3	1	112.235	253.929	64.8684
48526	8524	1	1	112.235	253.929	128.035
48527	8524	3	1	96.235	140.929	128.668
48583	8524	1	1	96.235	140.929	226.019
48584	8524	3	0	564.235	173.929	227.286
48590	8524	1	0	564.235	173.929	231.889
48591	8524	3	0	692.235	187.929	232.489
48613	8524	1	0	692.235	187.929	262.088
48614	8524	3	0	522.235	125.929	263.689
48617	8524	1	0	522.235	125.929	266.774
48618	8524	3	0	556.235	130.929	268.709
48621	8524	1	0	556.235	130.929	271.26
48622	8524	3	0	583.235	146.929	273.161
48625	8524	1	0	583.235	146.929	278.097
48626	8524	3	1	164.235	249.929	278.864
48650	8524	1	1	164.235	249.929	358.388
48651	8524	3	1	188.235	228.929	359.205
48668	8524	1	1	188.235	228.929	374.047
48669	8524	3	0	537.235	251.929	374.797
48675	8524	1	0	537.235	251.929	380.817
48676	8524	3	0	724.235	258.929	381.351
48699	8524	1	0	724.235	258.929	418.089
48700	8524	3	0	764.235	223.929	420.071
48703	8524	1	0	764.235	223.929	421.606
48704	8524	3	0	662.235	208.929	423.807
48713	8524	1	0	662.235	208.929	453.875
48714	8524	2	1	42.2351	256.929	454.292
48715	8524	3	0	494.532	232.631	454.709
48720	8524	1	0	494.532	232.631	461.746
48721	8524	3	0	508.532	319.631	462.079
48738	8524	1	0	508.532	319.631	495.782
48739	8524	3	0	524.532	346.631	498.584
48464	8525	1	0	694.408	259.253	31.5826
48465	8525	2	0	827.408	248.253	33.1668
48466	8525	3	0	818.987	246.552	33.1835
48469	8525	1	0	818.987	246.552	47.5751
48470	8525	3	1	324.987	199.552	48.1421
48496	8525	1	1	324.987	199.552	81.1774
48497	8525	3	0	552.987	307.552	81.5942
48504	8525	1	0	552.987	307.552	88.9811
48505	8525	3	0	528.987	249.552	89.7319
48516	8525	1	0	528.987	249.552	106.14
48517	8525	3	0	512.987	267.552	107.557
48518	8525	1	0	512.987	267.552	111.243
48519	8525	3	0	521.987	416.552	112.01
48520	8525	1	0	521.987	416.552	123.399
48521	8525	3	0	638.987	295.552	124.566
48522	8525	1	0	638.987	295.552	125.383
48523	8525	3	0	594.987	395.552	125.7
48532	8525	1	0	594.987	395.552	143.726
48533	8525	3	0	510.987	416.552	151.18
48534	8525	1	0	510.987	416.552	155.516
48535	8525	3	1	294.987	252.552	156.016
48548	8525	1	1	294.987	252.552	181.045
48549	8525	3	0	630.987	104.552	181.495
48559	8525	1	0	630.987	104.552	196.536
48560	8525	3	1	210.987	168.552	197.803
48561	8525	1	1	210.987	168.552	198.354
48562	8525	3	1	190.987	56.5524	198.787
48581	8525	1	1	190.987	56.5524	224.068
48582	8525	3	1	190.987	56.5524	224.568
48600	8525	1	1	190.987	56.5524	246.396
48601	8525	3	1	167.987	84.5524	247.263
48652	8525	1	1	167.987	84.5524	359.622
48653	8525	3	0	749.987	249.552	360.139
48658	8525	1	0	749.987	249.552	364.675
48659	8525	3	0	755.987	237.552	366.109
48664	8525	1	0	755.987	237.552	369.128
48665	8525	3	0	765.987	241.552	370.445
48672	8525	1	0	765.987	241.552	376.965
48673	8525	2	1	21.9866	85.5524	378.983
48674	8525	3	1	30.2696	91.9803	379
48482	8526	1	0	801.883	129.52	66.5696
48483	8526	3	0	623.883	137.52	68.3869
48514	8526	1	0	623.883	137.52	104.722
48515	8526	3	0	653.883	109.521	105.773
48524	8526	1	0	653.883	109.521	126.167
48525	8526	3	0	738.883	144.52	127.401
48550	8526	1	0	738.883	144.52	181.862
48551	8526	2	0	806.883	115.521	184.063
48552	8526	3	0	799.064	120.01	184.08
48557	8526	1	0	799.064	120.01	194.669
48558	8526	3	0	767.064	220.01	196.186
48563	8526	1	0	767.064	220.01	200.638
48564	8526	3	0	796.064	256.01	201.038
48585	8526	1	0	796.064	256.01	227.703
48586	8526	2	1	22.064	187.01	228.337
48587	8526	3	0	500.867	201.136	228.804
48592	8526	1	0	500.867	201.136	232.922
48593	8526	3	0	511.867	294.136	233.239
48602	8526	1	0	511.867	294.136	250.082
48603	8526	2	0	475.867	313.136	251.282
48604	8526	3	0	500.727	297.784	251.332
48662	8526	1	0	500.727	297.784	367.844
48663	8526	3	0	495.727	237.784	368.728
48666	8526	1	0	495.727	237.784	371.079
48667	8526	3	0	516.727	361.784	371.529
48670	8526	1	0	516.727	361.784	375.097
48671	8526	3	0	518.727	315.784	376.248
48711	8526	1	0	518.727	315.784	452.925
48712	8526	3	1	303.727	313.784	453.241
48450	8527	1	0	721.052	453.637	5.11938
48451	8527	3	0	752.052	454.637	5.51971
48484	8527	1	0	752.052	454.637	69.0728
48485	8527	3	1	237.052	253.637	70.9049
48494	8527	1	1	237.052	253.637	80.2437
48495	8527	3	0	775.052	285.637	80.7772
48512	8527	1	0	775.052	285.637	101.403
48513	8527	3	0	700.052	303.637	104.422
48538	8527	1	0	700.052	303.637	168.555
48539	8527	3	1	105.052	305.637	170.507
48565	8527	1	1	105.052	305.637	202.273
48566	8527	3	0	722.052	380.637	202.94
48569	8527	1	0	722.052	380.637	207.125
48570	8527	3	0	722.052	380.637	207.342
48575	8527	1	0	722.052	380.637	210.794
48576	8527	3	0	650.052	293.637	212.861
48598	8527	1	0	650.052	293.637	237.958
48599	8527	3	1	199.052	243.637	241.076
48615	8527	1	1	199.052	243.637	265.857
48616	8527	3	0	731.052	141.637	266.307
48629	8527	1	0	731.052	141.637	283.05
48630	8527	3	0	616.052	126.637	284.55
48633	8527	1	0	616.052	126.637	287.885
48634	8527	3	0	566.052	185.637	289.852
48641	8527	1	0	566.052	185.637	294.755
48642	8527	3	0	563.052	193.637	297.707
48683	8527	1	0	563.052	193.637	387.871
48684	8527	3	1	263.052	169.637	389.888
48693	8527	1	1	263.052	169.637	413.018
48694	8527	3	0	778.052	403.637	414.018
48460	8528	1	0	653.373	351.295	22.3784
48461	8528	3	0	617.373	317.295	22.6951
48488	8528	1	0	617.373	317.295	73.6395
48489	8528	3	1	140.373	377.295	74.3734
48506	8528	1	1	140.373	377.295	91.8159
48507	8528	3	1	136.373	375.295	92.266
48536	8528	1	1	136.373	375.295	163.37
48537	8528	3	0	554.373	318.295	164.404
48544	8528	1	0	554.373	318.295	175.342
48545	8528	3	0	518.373	318.295	176.943
48573	8528	1	0	518.373	318.295	209.443
48574	8528	3	1	345.373	410.295	210.194
48607	8528	1	1	345.373	410.295	254.884
48608	8528	3	1	345.373	410.295	255.351
48611	8528	1	1	345.373	410.295	259.554
48612	8528	3	0	647.373	403.295	261.671
48631	8528	1	0	647.373	403.295	285.134
48632	8528	3	1	188.373	357.295	285.951
48635	8528	1	1	188.373	357.295	290.77
48636	8528	3	1	205.373	353.295	292.603
48656	8528	1	1	205.373	353.295	363.208
48657	8528	3	0	648.373	374.295	364.075
48677	8528	1	0	648.373	374.295	381.935
48678	8528	3	0	670.373	196.295	383.752
48687	8528	1	0	670.373	196.295	394.324
48688	8528	3	1	278.373	294.295	396.742
48691	8528	1	1	278.373	294.295	412.001
48692	8528	3	0	732.373	119.295	412.418
48742	8528	1	0	732.373	119.295	501.653
48743	8528	3	0	675.373	153.295	504.304
48471	8529	1	0	722.006	378.589	56.5807
48472	8529	2	1	414.007	133.589	57.3979
48473	8529	3	1	404.155	139.106	57.4146
48605	8529	1	1	404.155	139.106	251.916
48606	8529	3	1	294.155	182.106	253.3
48645	8529	1	1	294.155	182.106	345.448
48646	8529	3	1	47.1547	334.106	346.348
48701	8529	1	1	47.1547	334.106	420.755
48702	8529	3	0	529.155	218.106	421.222
48722	8529	1	0	529.155	218.106	462.813
48723	8529	3	0	535.155	209.106	463.88
48730	8529	1	0	535.155	209.106	481.373
48731	8529	3	1	319.155	183.106	481.99
48732	8529	1	1	319.155	183.106	483.324
48733	8529	3	0	627.155	213.106	483.908
48744	8529	1	0	627.155	213.106	504.788
48745	8529	3	1	309.155	202.106	506.072
48749	8529	1	1	309.155	202.106	510.825
48750	8529	3	0	520.155	202.106	511.709
48452	8530	1	0	691.403	357.393	5.95361
48453	8530	3	0	718.403	365.393	6.18671
48462	8530	1	0	718.403	365.393	23.062
48463	8530	3	0	788.403	363.393	23.7624
48490	8530	1	0	788.403	363.393	75.2571
48491	8530	3	0	560.403	318.393	76.4909
48492	8530	1	0	560.403	318.393	78.2092
48493	8530	3	0	626.403	361.393	78.6261
48510	8530	1	0	626.403	361.393	93.6329
48511	8530	3	1	328.403	273.393	95.3336
48530	8530	1	1	328.403	273.393	138.707
48531	8530	3	0	820.403	389.393	139.791
48540	8530	1	0	820.403	389.393	171.624
48541	8530	3	0	714.403	360.393	172.791
48553	8530	1	0	714.403	360.393	184.614
48554	8530	3	1	290.403	258.393	186.364
48643	8530	1	1	290.403	258.393	342.863
48644	8530	3	1	39.4032	409.393	344.08
48709	8530	1	1	39.4032	409.393	451.824
48710	8530	3	0	833.403	332.393	452.441
48716	8530	1	0	833.403	332.393	455.36
48717	8530	3	0	813.403	209.393	456.677
48444	8531	1	0	678.029	473.687	2.56799
48445	8531	3	0	663.029	457.687	2.75122
48446	8531	1	0	663.029	457.687	3.1015
48447	8531	3	0	611.029	253.687	3.63513
48456	8531	1	0	611.029	253.687	21.0447
48457	8531	3	0	608.029	221.687	21.3281
48478	8531	1	0	608.029	221.687	63.1007
48479	8531	3	1	338.03	123.687	63.8513
48660	8531	1	1	338.03	123.687	367.11
48661	8531	3	0	546.029	118.687	367.477
48681	8531	1	0	546.029	118.687	386.403
48682	8531	3	1	239.029	99.6867	387.037
48695	8531	1	1	239.029	99.6867	415.769
48696	8531	3	1	191.029	99.6867	416.069
48726	8531	1	1	191.029	99.6867	478.855
48727	8531	3	0	512.029	97.6867	479.788
48734	8531	1	0	512.029	97.6867	487.176
48735	8531	3	0	531.029	63.6867	487.81
48746	8531	1	0	531.029	63.6867	508.24
48747	8531	2	0	461.03	96.6867	510.091
48748	8531	3	0	503.368	124.135	510.158
48751	8531	1	0	503.368	124.135	512.043
48752	8531	3	1	333.368	121.135	512.31
48474	8532	1	0	734.203	220.604	58.2318
48475	8532	3	0	667.203	241.604	59.3821
48476	8532	1	0	667.203	241.604	62.117
48477	8532	3	0	758.203	298.604	62.4337
48486	8532	1	0	758.203	298.604	71.7552
48487	8532	3	1	214.203	348.604	72.4556
48500	8532	1	1	214.203	348.604	83.6452
48501	8532	3	0	586.203	130.604	84.3953
48542	8532	1	0	586.203	130.604	173.991
48543	8532	3	1	235.203	198.604	174.608
48546	8532	1	1	235.203	198.604	177.61
48547	8532	3	0	691.203	272.604	178.693
48571	8532	1	0	691.203	272.604	208.059
48572	8532	3	1	263.203	379.604	208.809
48577	8532	1	1	263.203	379.604	216.163
48578	8532	3	0	615.203	87.6041	217.03
48596	8532	1	0	615.203	87.6041	236.307
48597	8532	3	1	144.203	386.604	237.374
48609	8532	1	1	144.203	386.604	256.185
48610	8532	3	1	243.203	366.604	259.22
48619	8532	1	1	243.203	366.604	269.893
48620	8532	3	0	706.203	308.604	270.693
48627	8532	1	0	706.203	308.604	280.648
48628	8532	3	1	254.203	424.604	282.199
48637	8532	1	1	254.203	424.604	292.97
48638	8532	3	1	263.203	424.604	293.254
48639	8532	1	1	263.203	424.604	293.671
48640	8532	3	0	749.203	124.604	294.288
48679	8532	1	0	749.203	124.604	384.686
48680	8532	3	0	755.203	35.6041	385.77
48685	8532	1	0	755.203	35.6041	392.923
48686	8532	3	0	667.203	61.6041	393.907
48689	8532	1	0	667.203	61.6041	397.843
48690	8532	3	1	178.203	293.604	399.01
48697	8532	1	1	178.203	293.604	416.536
48698	8532	3	0	525.203	114.604	416.987
48724	8532	1	0	525.203	114.604	464.697
48725	8532	3	1	287.203	163.604	467.532
48728	8532	1	1	287.203	163.604	480.189
48729	8532	3	0	583.203	67.6041	480.839
48753	8532	1	0	583.203	67.6041	513.077
48754	8532	3	1	217.203	148.604	513.644
52984	8769	1	0	762.793	88.3059	16.9746
52985	8769	3	0	740.793	121.306	17.3247
53008	8769	1	0	740.793	121.306	49.6902
53009	8769	3	0	692.793	125.306	50.5573
53010	8769	1	0	692.793	125.306	52.5411
53011	8769	3	1	289.793	200.306	53.0916
53161	8769	1	1	289.793	200.306	577.652
53162	8769	3	1	300.793	211.306	578.636
53163	8769	1	1	300.793	211.306	596.316
53164	8769	3	1	276.793	221.306	597.016
53173	8769	1	1	276.793	221.306	651.02
53174	8769	3	0	500.793	221.306	651.72
53179	8769	1	0	500.793	221.306	661.694
53180	8769	3	1	227.793	192.306	662.294
53189	8769	1	1	227.793	192.306	685.361
53190	8769	3	0	583.793	23.3059	685.794
53019	8772	1	0	831.809	310.976	63.3629
53020	8772	3	0	804.809	330.976	64.4634
53035	8772	1	0	804.809	330.976	126.196
53036	8772	3	0	824.809	329.976	127.446
53047	8772	1	0	824.809	329.976	318.951
53048	8772	3	0	658.809	343.976	320.435
53067	8772	1	0	658.809	343.976	359.989
53068	8772	3	1	170.809	301.976	363.44
53071	8772	1	1	170.809	301.976	369.577
53072	8772	3	0	587.809	335.976	370.21
53098	8772	1	0	587.809	335.976	437.331
53099	8772	3	1	187.809	251.976	439.682
53116	8772	1	1	187.809	251.976	469.73
53117	8772	3	0	543.809	262.976	470.714
53125	8772	1	0	543.809	262.976	485.006
53126	8772	3	0	523.809	254.976	486.122
53129	8772	1	0	523.809	254.976	492.693
53130	8772	3	0	554.809	278.976	493.811
53137	8772	1	0	554.809	278.976	498.53
53138	8772	3	0	553.809	343.976	500.432
53143	8772	1	0	553.809	343.976	503.484
53144	8772	3	0	557.809	263.976	505.602
53145	8772	1	0	557.809	263.976	506.219
53146	8772	3	0	549.809	294.976	506.903
53167	8772	1	0	549.809	294.976	639.062
53168	8772	3	1	94.8087	91.9758	640.146
53183	8772	1	1	94.8087	91.9758	668.832
53184	8772	3	0	574.809	235.976	669.7
53197	8772	1	0	574.809	235.976	691.582
53198	8772	3	0	514.809	315.976	692.699
52977	8775	1	0	743.017	294.87	10.3221
52978	8775	3	0	727.017	295.87	10.8058
52996	8775	1	0	727.017	295.87	22.7933
52997	8775	3	0	701.017	291.87	23.6432
53012	8775	1	0	701.017	291.87	53.9255
53013	8775	2	0	742.017	-16.1304	54.5759
53014	8775	3	0	736.473	8.92404	54.6092
53033	8775	1	0	736.473	8.92404	96.1466
53034	8775	3	0	656.473	94.924	97.564
53085	8775	1	0	656.473	94.924	424.491
53086	8775	3	0	635.473	182.924	424.908
53100	8775	1	0	635.473	182.924	440.516
53101	8775	3	1	312.473	71.924	441.217
53104	8775	1	1	312.473	71.924	444.185
53105	8775	3	0	696.473	257.924	444.768
53110	8775	1	0	696.473	257.924	447.853
53111	8775	3	0	635.473	219.924	451.922
53181	8775	1	0	635.473	219.924	663.412
53182	8775	3	0	648.473	248.924	666.681
53187	8775	1	0	648.473	248.924	673.252
53188	8775	3	0	662.473	239.924	674.003
53199	8775	1	0	662.473	239.924	693.116
53200	8775	3	0	631.473	220.924	694.267
53006	8778	1	0	635.76	123.001	48.0396
53007	8778	3	0	850.76	32.0014	49.0234
53015	8778	1	0	850.76	32.0014	55.1429
53016	8778	3	0	749.76	64.0014	56.1432
53029	8778	1	0	749.76	64.0014	86.4253
53030	8778	3	0	718.76	86.0014	87.0421
53069	8778	1	0	718.76	86.0014	365.341
53070	8778	3	0	686.76	192.001	367.943
53083	8778	1	0	686.76	192.001	422.607
53084	8778	3	0	743.76	215.001	423.957
53102	8778	1	0	743.76	215.001	442.084
53103	8778	3	0	803.76	263.001	443.468
53147	8778	1	0	803.76	263.001	511.606
53148	8778	3	1	113.759	351.001	512.24
53149	8778	1	1	113.759	351.001	513.675
53150	8778	3	0	768.76	235.001	514.525
52990	8781	1	0	787.358	427.28	19.0086
52991	8781	3	0	825.358	444.28	19.5255
53027	8781	1	0	825.358	444.28	79.1045
53028	8781	3	0	616.358	416.28	81.8395
53037	8781	1	0	616.358	416.28	127.997
53038	8781	3	1	328.358	123.28	130.815
53041	8781	1	1	328.358	123.28	238.191
53042	8781	3	1	344.358	115.28	239.559
53077	8781	1	1	344.358	115.28	405.465
53078	8781	3	0	820.358	320.28	408.866
53081	8781	1	0	820.358	320.28	417.771
53082	8781	3	0	577.358	216.28	419.555
53106	8781	1	0	577.358	216.28	445.185
53107	8781	3	1	343.358	94.28	446.052
53127	8781	1	1	343.358	94.28	491.843
53128	8781	3	0	577.358	132.28	492.276
53131	8781	1	0	577.358	132.28	494.211
53132	8781	3	0	547.358	130.28	494.995
53135	8781	1	0	547.358	130.28	496.846
53136	8781	3	1	358.358	115.28	497.931
53139	8781	1	1	358.358	115.28	501.166
53140	8781	3	0	521.358	160.28	501.65
53151	8781	1	0	521.358	160.28	515.309
53152	8781	3	1	225.358	294.28	518.411
53153	8781	1	1	225.358	294.28	542.678
53154	8781	3	1	248.358	120.28	543.512
53171	8781	1	1	248.358	120.28	646.066
53172	8781	3	1	255.358	118.28	646.65
53193	8781	1	1	255.358	118.28	687.729
53194	8781	3	0	532.358	48.28	688.213
53201	8781	1	0	532.358	48.28	695.568
53202	8781	3	1	344.358	55.28	699.054
53004	8784	1	0	501.148	273.967	44.5376
53005	8784	3	1	83.1481	370.967	45.1046
53133	8784	1	1	83.1481	370.967	495.879
53134	8784	3	0	621.148	110.967	496.479
53141	8784	1	0	621.148	110.967	502
53142	8784	3	1	304.148	86.9674	502.85
53169	8784	1	1	304.148	86.9674	644.882
53170	8784	3	1	319.148	115.967	645.299
53191	8784	1	1	319.148	115.967	686.645
53192	8784	3	0	541.148	43.9674	687.078
52982	8785	1	0	764.69	122.391	16.1578
52983	8785	3	0	762.69	214.391	16.5078
53023	8785	1	0	762.69	214.391	73.518
53024	8785	3	1	118.69	113.391	74.3185
53155	8785	1	1	118.69	113.391	555.721
53156	8785	3	1	83.6901	81.3909	556.955
53157	8785	1	1	83.6901	81.3909	557.789
53158	8785	3	1	115.69	105.391	559.29
53159	8785	1	1	115.69	105.391	570.114
53160	8785	3	1	39.6901	25.3909	572.282
53165	8785	1	1	39.6901	25.3909	634.492
53166	8785	3	0	521.69	73.3909	635.893
53175	8785	1	0	521.69	73.3909	652.237
53176	8785	3	0	549.69	55.3909	656.857
53185	8785	1	0	549.69	55.3909	671.101
53186	8785	3	1	137.69	27.3909	672.084
52988	8786	1	0	744.558	389.034	18.3416
52989	8786	3	0	702.558	361.034	18.6418
52992	8786	1	0	702.558	361.034	19.9257
52993	8786	3	0	723.558	365.034	20.3259
52998	8786	1	0	723.558	365.034	35.9164
52999	8786	3	0	706.558	347.034	36.7504
53002	8786	1	0	706.558	347.034	39.6856
53003	8786	3	0	677.558	387.034	40.3024
53021	8786	1	0	677.558	387.034	67.4814
53022	8786	3	1	289.558	340.034	68.0152
52979	8787	1	0	778.282	233.915	14.0568
52980	8787	2	0	815.282	-3.08533	15.7806
52981	8787	3	0	802.263	13.3569	15.8074
53051	8787	1	0	802.263	13.3569	332.558
53052	8787	3	0	787.263	17.3569	337.894
53055	8787	1	0	787.263	17.3569	339.695
53056	8787	3	0	775.263	29.3569	341.312
53059	8787	1	0	775.263	29.3569	344.047
53060	8787	2	0	807.263	6.35687	345.147
53061	8787	3	0	799.404	16.3179	345.164
53064	8787	1	0	799.404	16.3179	357.337
53065	8787	2	0	810.404	20.3179	359.372
53066	8787	3	0	802.406	29.5586	359.388
53079	8787	1	0	802.406	29.5586	410.634
53080	8787	3	1	321.406	49.5586	416.103
53087	8787	1	1	321.406	49.5586	425.942
53088	8787	2	0	815.406	19.5586	426.792
53089	8787	3	0	799.271	37.711	426.826
53112	8787	1	0	799.271	37.711	464.161
53113	8787	3	0	567.271	120.711	466.462
53114	8787	1	0	567.271	120.711	467.913
53115	8787	3	0	523.271	57.711	468.113
53118	8787	1	0	523.271	57.711	472.515
53119	8787	2	1	396.272	54.711	473.666
53120	8787	3	0	498.19	115.272	473.832
53123	8787	1	0	498.19	115.272	479.57
53124	8787	3	0	666.19	351.272	480.853
53195	8787	1	0	666.19	351.272	688.696
53196	8787	3	1	279.19	165.272	690.297
52975	8788	1	0	701.864	223.848	9.15509
52976	8788	3	0	583.864	250.848	9.60516
53039	8788	1	0	583.864	250.848	179.443
53040	8788	3	0	582.864	318.848	180.56
53045	8788	1	0	582.864	318.848	315.666
53046	8788	3	1	98.8639	250.848	316.233
53053	8788	1	1	98.8639	250.848	338.544
53054	8788	3	0	552.864	195.848	339.061
53057	8788	1	0	552.864	195.848	342.162
53058	8788	3	1	100.864	239.848	342.863
53062	8788	1	1	100.864	239.848	353.152
53063	8788	3	0	518.864	233.848	356.42
53073	8788	1	0	518.864	233.848	370.894
53074	8788	3	1	115.864	229.848	373.013
53075	8788	1	1	115.864	229.848	399.794
53076	8788	3	0	772.864	374.848	401.312
53108	8788	1	0	772.864	374.848	446.769
53109	8788	3	0	660.864	347.848	447.153
53121	8788	1	0	660.864	347.848	474.566
53122	8788	3	1	89.8639	228.848	478.069
52973	8789	1	0	660.004	397.567	8.15479
52974	8789	3	0	528.004	395.567	8.60486
53025	8789	1	0	528.004	395.567	75.319
53026	8789	3	1	148.004	244.567	78.354
53043	8789	1	1	148.004	244.567	314.766
53044	8789	3	0	618.004	153.567	315.249
53049	8789	1	0	618.004	153.567	329.273
53050	8789	3	0	794.004	152.567	332.057
53090	8789	1	0	794.004	152.567	427.276
53091	8789	3	0	774.004	239.567	431.427
53092	8789	1	0	774.004	239.567	431.978
53093	8789	3	0	715.004	17.5668	433.796
53094	8789	1	0	715.004	17.5668	434.479
53095	8789	3	0	713.004	19.5668	434.913
53177	8789	1	0	713.004	19.5668	658.408
53178	8789	3	0	685.004	51.5668	660.527
52986	8790	1	0	763.346	458.008	17.758
52987	8790	3	0	701.346	443.008	18.0749
52994	8790	1	0	701.346	443.008	20.8426
52995	8790	3	0	660.346	439.008	21.4261
53000	8790	1	0	660.346	439.008	37.501
53001	8790	3	0	861.346	55.0084	38.5182
53017	8790	1	0	861.346	55.0084	56.9436
53018	8790	3	0	678.346	13.0084	57.9772
53031	8790	1	0	678.346	13.0084	94.479
53032	8790	3	0	653.346	37.0084	95.4631
53096	8790	1	0	653.346	37.0084	435.297
53097	8790	3	0	866.346	468.008	436.381
55014	8935	1	0	739.175	117.615	36.752
55015	8935	3	1	360.175	127.615	38.2528
55044	8935	1	1	360.175	127.615	144.642
55045	8935	3	0	507.175	76.6151	147.126
55066	8935	1	0	507.175	76.6151	180.777
55067	8935	3	1	329.175	221.615	181.16
55070	8935	1	1	329.175	221.615	183.128
55071	8935	3	1	285.175	273.615	183.428
54994	8936	1	0	628.655	98.0759	2.0011
54995	8936	3	0	557.655	309.076	2.3681
55006	8936	1	0	557.655	309.076	10.6891
55007	8936	3	0	523.655	378.076	11.1395
55100	8936	1	0	523.655	378.076	328.539
55101	8936	3	0	496.655	404.076	329.706
55022	8937	1	0	517.97	19.822	60.397
55023	8937	3	0	521.97	32.822	61.7809
55034	8937	1	0	521.97	32.822	126.599
55035	8937	3	0	510.97	145.822	128.65
55038	8937	1	0	510.97	145.822	137.555
55039	8937	3	0	509.97	148.822	140.19
55042	8937	1	0	509.97	148.822	141.757
55043	8937	3	0	562.97	177.822	144.108
55046	8937	1	0	562.97	177.822	147.46
55047	8937	3	1	225.97	100.822	148.093
55048	8937	1	1	225.97	100.822	154.263
55049	8937	3	1	289.97	100.822	155.88
55052	8937	1	1	289.97	100.822	162.934
55053	8937	3	1	341.97	76.822	166.47
55060	8937	1	1	341.97	76.822	174.19
55061	8937	3	1	304.97	118.822	174.657
55076	8937	1	1	304.97	118.822	200.104
55077	8937	3	1	324.97	70.822	201.921
55102	8937	1	1	324.97	70.822	333.124
55103	8937	3	0	555.97	49.822	333.557
55110	8937	1	0	555.97	49.822	340.828
55111	8937	3	0	587.97	34.822	342.996
55020	8938	1	0	866.286	190.182	51.8596
55021	8938	3	1	233.286	175.182	52.9601
55028	8938	1	1	233.286	175.182	67.7012
55029	8938	3	1	275.286	151.182	68.3017
55032	8938	1	1	275.286	151.182	113.108
55033	8938	3	1	259.286	117.183	123.347
55040	8938	1	1	259.286	117.183	140.94
55041	8938	3	0	627.286	67.1825	141.357
55068	8938	1	0	627.286	67.1825	181.861
55069	8938	3	1	153.286	243.182	182.361
55080	8938	1	1	153.286	243.182	212.827
55081	8938	3	0	674.286	303.182	213.51
55089	8938	1	0	674.286	303.182	218.913
55090	8938	3	1	216.286	221.182	221.248
55096	8938	1	1	216.286	221.182	253.148
55097	8938	3	1	256.286	205.182	254.598
55000	8939	1	0	551.851	67.9044	5.2193
55001	8939	3	0	634.851	130.904	5.63629
55010	8939	1	0	634.851	130.904	31.7838
55011	8939	3	0	861.851	464.904	33.9847
55074	8939	1	0	861.851	464.904	189.765
55075	8939	3	1	68.851	276.904	194.134
54996	8940	1	0	597.109	57.5588	2.91821
54997	8940	3	0	555.109	215.559	3.26831
55004	8940	1	0	555.109	215.559	10.0553
55005	8940	3	0	534.109	197.559	10.3889
55024	8940	1	0	534.109	197.559	62.2146
55025	8940	3	1	203.109	241.559	63.5322
55036	8940	1	1	203.109	241.559	136.772
55037	8940	3	0	726.109	168.559	137.172
55050	8940	1	0	726.109	168.559	158.982
55051	8940	3	0	572.109	192.559	160.616
55056	8940	1	0	572.109	192.559	169.805
55057	8940	3	0	540.109	187.559	171.772
55124	8940	1	0	540.109	187.559	427.14
55125	8940	3	0	636.109	135.559	428.558
55128	8940	1	0	636.109	135.559	431.493
55129	8940	3	0	589.109	208.559	432.227
54992	8941	1	0	744.008	230.662	1.38397
54993	8941	3	0	742.008	326.662	1.6344
55008	8941	1	0	742.008	326.662	11.6564
55009	8941	3	0	750.008	339.662	12.0066
55072	8941	1	0	750.008	339.662	186.697
55073	8941	3	1	158.008	337.662	188.181
55012	8942	1	0	841.279	74.9001	35.085
55013	8942	3	0	866.279	424.9	36.1185
55026	8942	1	0	866.279	424.9	65.7335
55027	8942	3	0	842.279	336.9	66.684
55091	8942	1	0	842.279	336.9	230.569
55092	8942	2	0	876.279	407.9	234.138
55093	8942	3	0	866.579	399.391	234.155
55094	8942	1	0	866.579	399.391	236.072
55095	8942	3	0	842.579	411.391	236.572
55106	8942	1	0	842.579	411.391	335.992
55107	8942	3	0	774.579	356.391	339.127
55114	8942	1	0	774.579	356.391	344.53
55115	8942	3	1	130.579	115.391	345.864
54998	8943	1	0	692.763	80.1191	3.73346
54999	8943	3	0	711.763	203.119	4.33575
55016	8943	1	0	711.763	203.119	47.0567
55017	8943	3	1	307.763	201.119	47.6738
55030	8943	1	1	307.763	201.119	106.638
55031	8943	3	1	311.763	249.119	107.121
55054	8943	1	1	311.763	249.119	168.937
55055	8943	3	0	674.763	212.119	169.538
55058	8943	1	0	674.763	212.119	172.356
55059	8943	3	1	361.763	251.119	173.289
55062	8943	1	1	361.763	251.119	175.491
55063	8943	3	1	330.763	261.119	175.991
55064	8943	1	1	330.763	261.119	179.593
55065	8943	3	0	709.763	137.119	180.143
55084	8943	1	0	709.763	137.119	214.911
55085	8943	2	0	867.763	96.1191	216.812
55086	8943	3	0	839.469	114.506	216.862
55098	8943	1	0	839.469	114.506	308.194
55099	8943	3	0	830.469	61.5059	314.531
55104	8943	1	0	830.469	61.5059	333.991
55105	8943	3	1	310.469	57.5059	334.725
55108	8943	1	1	310.469	57.5059	340.061
55109	8943	3	0	746.469	104.506	340.511
55112	8943	1	0	746.469	104.506	343.396
55113	8943	3	1	366.469	76.5059	343.946
55116	8943	1	1	366.469	76.5059	346.715
55117	8943	3	1	242.469	77.5059	348.632
55120	8943	1	1	242.469	77.5059	405.979
55121	8943	3	1	303.469	54.5059	408.281
55002	8944	1	0	696.869	62.1342	8.43793
55003	8944	3	0	691.869	20.1342	9.3551
55018	8944	1	0	691.869	20.1342	48.4076
55019	8944	3	1	340.869	365.134	49.0746
55078	8944	1	1	340.869	365.134	204.839
55079	8944	3	1	361.869	249.134	206.223
55082	8944	1	1	361.869	249.134	214.077
55083	8944	3	0	776.869	276.134	214.428
55087	8944	1	0	776.869	276.134	217.262
55088	8944	3	1	268.869	351.134	218.18
55118	8944	1	1	268.869	351.134	399.577
55119	8944	3	1	339.869	391.134	401.211
55122	8944	1	1	339.869	391.134	426.273
55123	8944	3	0	698.869	315.134	426.673
55126	8944	1	0	698.869	315.134	429.108
55127	8944	3	1	295.869	368.134	429.859
57941	9169	1	0	800.65	400.674	8.7547
57942	9169	3	0	782.65	420.674	9.10492
57967	9169	1	0	782.65	420.674	44.2566
57968	9169	3	1	329.65	250.674	45.691
58020	9169	1	1	329.65	250.674	182.015
58021	9169	3	0	545.65	358.674	182.398
58035	9169	1	0	545.65	358.674	210.597
58036	9169	3	1	39.6499	363.674	211.164
58049	9169	1	1	39.6499	363.674	235.295
58050	9169	3	0	589.65	290.674	236.062
58057	9169	1	0	589.65	290.674	241.782
58058	9169	2	1	21.6499	307.674	243.316
58059	9169	3	1	30.4221	303.468	243.333
58068	9169	1	1	30.4221	303.468	259.659
58069	9169	2	0	489.422	313.468	260.259
58070	9169	3	0	498.356	308.973	260.276
58105	9169	1	0	498.356	308.973	326.062
58106	9169	3	0	542.356	313.973	327.412
58114	9169	1	0	542.356	313.973	404.422
58115	9169	3	1	86.3557	146.973	405.206
58118	9169	1	1	86.3557	146.973	408.091
58119	9169	3	0	601.356	261.973	408.775
58138	9169	1	0	601.356	261.973	442.759
58139	9169	3	0	565.356	254.973	443.81
58166	9169	1	0	565.356	254.973	615.272
58167	9169	3	1	264.356	88.9726	616.473
57937	9170	1	0	598.463	424.294	7.28687
57938	9170	3	0	577.463	447.294	7.63727
57979	9170	1	0	577.463	447.294	59.3979
57980	9170	3	1	252.463	425.294	60.1652
58041	9170	1	1	252.463	425.294	221.521
58042	9170	3	0	510.463	416.294	222.354
58055	9170	1	0	510.463	416.294	239.964
58056	9170	3	0	622.463	391.294	241.398
58066	9170	1	0	622.463	391.294	255.59
58067	9170	3	1	140.463	379.294	258.308
58077	9170	1	1	140.463	379.294	287.774
58078	9170	3	0	626.463	417.294	288.424
58085	9170	1	0	626.463	417.294	292.61
58086	9170	3	1	158.463	357.294	293.661
58087	9170	1	1	158.463	357.294	296.045
58088	9170	3	0	643.463	403.294	297.062
58089	9170	1	0	643.463	403.294	298.347
58090	9170	3	1	195.463	357.294	298.797
58103	9170	1	1	195.463	357.294	325.295
58104	9170	3	0	550.463	409.294	325.762
58107	9170	1	0	550.463	409.294	328.98
58108	9170	3	1	184.463	380.294	329.93
58132	9170	1	1	184.463	380.294	437.374
58133	9170	3	0	556.463	400.294	438.441
58144	9170	1	0	556.463	400.294	447.096
58145	9170	3	0	535.463	401.294	448.48
58152	9170	1	0	535.463	401.294	455.667
58153	9170	3	1	166.463	377.294	456.484
57975	9171	1	0	525.332	44.3425	56.4632
57976	9171	3	0	525.332	44.3425	56.9966
57998	9171	1	0	525.332	44.3425	152.448
57999	9171	3	0	602.332	95.3425	153.882
58008	9171	1	0	602.332	95.3425	161.836
58009	9171	3	0	599.332	81.3425	165.155
58018	9171	1	0	599.332	81.3425	171.775
58019	9171	3	0	550.332	79.3425	173.059
58025	9171	1	0	550.332	79.3425	184.399
58026	9171	3	0	552.332	90.3425	185.3
58031	9171	1	0	552.332	90.3425	191.352
58032	9171	3	1	320.332	50.3425	192.92
58064	9171	1	1	320.332	50.3425	247.419
58065	9171	3	1	250.332	61.3425	249.703
58162	9171	1	1	250.332	61.3425	613.104
58163	9171	3	0	596.332	347.342	613.821
57951	9172	1	0	559.264	161.628	12.9405
57952	9172	3	0	586.264	175.628	13.6075
57957	9172	1	0	586.264	175.628	24.9133
57958	9172	3	0	597.264	210.628	29.0158
57969	9172	1	0	597.264	210.628	47.4083
57970	9172	3	0	596.264	268.628	47.925
57973	9172	1	0	596.264	268.628	51.6774
57974	9172	3	0	582.264	230.628	51.9607
57983	9172	1	0	582.264	230.628	63.734
57984	9172	3	1	82.2644	332.628	67.486
58033	9172	1	1	82.2644	332.628	208.996
58034	9172	3	0	591.264	196.628	210.113
58051	9172	1	0	591.264	196.628	236.379
58052	9172	3	0	548.264	98.6284	237.413
58071	9172	1	0	548.264	98.6284	260.743
58072	9172	3	1	73.2644	111.628	261.594
58073	9172	1	1	73.2644	111.628	261.977
58074	9172	3	1	43.2644	65.6284	262.894
58111	9172	1	1	43.2644	65.6284	402.221
58112	9172	2	0	726.264	5.62842	403.071
58113	9172	3	0	722.45	15.6409	403.088
58122	9172	1	0	722.45	15.6409	412.677
58123	9172	3	1	67.4497	76.6409	413.861
57947	9173	1	0	671.726	140.204	11.5397
57948	9173	3	0	713.726	160.204	11.8232
58022	9173	1	0	713.726	160.204	182.915
58023	9173	2	1	391.726	226.204	183.532
58024	9173	3	1	354.918	225.016	183.599
57971	9174	1	0	520.121	136.868	49.0258
57972	9174	3	1	309.121	40.8682	49.7427
57994	9174	1	1	309.121	40.8682	149.613
57995	9174	3	0	709.121	304.868	150.196
58002	9174	1	0	709.121	304.868	155.383
58003	9174	3	1	301.121	46.8682	155.983
58004	9174	1	1	301.121	46.8682	159.485
58005	9174	3	0	719.121	301.868	160.385
58045	9174	1	0	719.121	301.868	228.124
58046	9174	3	0	687.121	317.868	230.041
58053	9174	1	0	687.121	317.868	237.93
58054	9174	3	0	761.121	252.868	239.331
58062	9174	1	0	761.121	252.868	244.884
58063	9174	3	0	717.121	284.868	246.786
58081	9174	1	0	717.121	284.868	289.742
58082	9174	3	0	801.121	234.868	291.143
58095	9174	1	0	801.121	234.868	301.331
58096	9174	3	0	737.121	218.868	303.749
58120	9174	1	0	737.121	218.868	409.225
58121	9174	3	0	779.121	239.868	410.843
58136	9174	1	0	779.121	239.868	440.876
58137	9174	3	0	771.121	263.868	442.376
58150	9174	1	0	771.121	263.868	451.798
58151	9174	3	0	760.121	230.868	454.4
57949	9175	1	0	579.014	183.677	12.2066
57950	9175	3	0	645.014	48.6766	12.5733
57977	9175	1	0	645.014	48.6766	57.2967
57978	9175	3	1	192.014	126.677	58.3142
57985	9175	1	1	192.014	126.677	76.8242
57986	9175	2	0	455.014	169.677	77.5079
57987	9175	3	0	497.062	182.155	77.5747
57992	9175	1	0	497.062	182.155	83.978
57993	9175	3	0	573.062	222.155	84.545
58006	9175	1	0	573.062	222.155	160.936
58007	9175	3	1	293.062	102.155	161.319
58012	9175	1	1	293.062	102.155	168.056
58013	9175	3	0	502.062	184.155	168.607
58016	9175	1	0	502.062	184.155	171.125
58017	9175	3	0	546.062	197.155	171.475
58029	9175	1	0	546.062	197.155	189.32
58030	9175	3	1	369.062	125.155	190.852
57939	9176	1	0	614.151	328.359	7.93726
57940	9176	3	0	572.151	344.359	8.28766
57965	9176	1	0	572.151	344.359	41.1713
57966	9176	3	1	229.152	320.359	42.0555
58079	9176	1	1	229.152	320.359	288.925
58080	9176	3	0	629.151	418.359	289.408
58083	9176	1	0	629.151	418.359	291.56
58084	9176	3	1	89.1515	385.359	292.01
58093	9176	1	1	89.1515	385.359	300.465
58094	9176	3	0	647.151	405.359	300.965
58097	9176	1	0	647.151	405.359	304.266
58098	9176	3	1	31.1515	400.359	305.267
57953	9177	1	0	775.951	120.21	14.191
57954	9177	3	0	793.951	84.2101	14.7082
57963	9177	1	0	793.951	84.2101	38.9203
57964	9177	3	1	267.952	200.21	39.5373
58039	9177	1	1	267.952	200.21	219.903
58040	9177	3	1	267.952	200.21	220.47
58091	9177	1	1	267.952	200.21	299.414
58092	9177	3	0	620.951	404.21	299.898
58099	9177	1	0	620.951	404.21	306.051
58100	9177	3	1	112.951	346.21	307.869
58101	9177	1	1	112.951	346.21	323.76
58102	9177	3	0	536.951	402.21	324.511
58109	9177	1	0	536.951	402.21	330.631
58110	9177	3	1	238.952	343.21	332.232
58146	9177	1	1	238.952	343.21	449.114
58147	9177	3	0	564.951	385.21	449.664
58154	9177	1	0	564.951	385.21	457.067
58155	9177	3	1	201.952	337.21	457.701
58160	9177	1	1	201.952	337.21	600.145
58161	9177	3	1	220.952	361.21	601.412
58164	9177	1	1	220.952	361.21	614.455
58165	9177	3	0	555.951	370.21	614.938
57955	9178	1	0	778.027	282.212	18.593
57956	9178	3	0	735.027	283.212	19.8269
57990	9178	1	0	735.027	283.212	80.4762
57991	9178	3	1	159.027	237.212	82.8274
58124	9178	1	1	159.027	237.212	420.798
58125	9178	3	1	159.027	237.212	421.132
58148	9178	1	1	159.027	237.212	450.481
58149	9178	3	0	641.027	415.212	451.131
58156	9178	1	0	641.027	415.212	458.902
58157	9178	3	1	169.027	266.212	460.786
58158	9178	1	1	169.027	266.212	520.74
58159	9178	3	1	213.027	234.212	539.437
57945	9179	1	0	754.188	282.581	10.3891
57946	9179	3	0	816.188	321.581	11.0726
57959	9179	1	0	816.188	321.581	33.3012
57960	9179	3	1	278.188	418.581	34.0514
57961	9179	1	1	278.188	418.581	36.386
57962	9179	3	1	308.188	396.581	37.0862
58126	9179	1	1	308.188	396.581	429.069
58127	9179	3	0	682.188	396.581	429.653
58130	9179	1	0	682.188	396.581	432.754
58131	9179	3	1	346.188	374.581	434.139
58134	9179	1	1	346.188	374.581	439.275
58135	9179	3	0	604.188	407.581	439.792
58142	9179	1	0	604.188	407.581	445.811
58143	9179	3	1	334.188	388.581	446.328
57943	9180	1	0	788.019	326.004	9.55518
57944	9180	3	0	691.019	376.004	10.0054
57981	9180	1	0	691.019	376.004	61.7825
57982	9180	3	0	619.019	379.004	63.3335
57988	9180	1	0	619.019	379.004	78.2083
57989	9180	3	0	619.019	451.004	79.6091
57996	9180	1	0	619.019	451.004	150.58
57997	9180	3	1	288.019	59.0044	151.581
58000	9180	1	1	288.019	59.0044	154.649
58001	9180	3	0	575.019	307.004	155.099
58010	9180	1	0	575.019	307.004	165.905
58011	9180	3	0	560.019	254.004	167.023
58014	9180	1	0	560.019	254.004	168.84
58015	9180	3	1	292.019	76.0044	169.591
58027	9180	1	1	292.019	76.0044	188.285
58028	9180	3	0	654.019	96.0044	188.768
58037	9180	1	0	654.019	96.0044	211.831
58038	9180	3	0	565.019	73.0044	213.015
58043	9180	1	0	565.019	73.0044	222.905
58044	9180	3	0	546.019	87.0044	227.407
58047	9180	1	0	546.019	87.0044	233.677
58048	9180	3	1	72.0187	123.004	234.845
58060	9180	1	1	72.0187	123.004	243.85
58061	9180	3	0	656.019	227.004	244.567
58075	9180	1	0	656.019	227.004	268.097
58076	9180	3	0	584.019	194.004	268.781
58116	9180	1	0	584.019	194.004	405.89
58117	9180	3	0	592.019	156.004	407.074
58128	9180	1	0	592.019	156.004	430.32
58129	9180	3	0	618.019	145.004	432.104
58140	9180	1	0	618.019	145.004	444.294
58141	9180	3	0	603.019	96.0044	445.144
