45509	8313	1	0	550.181	274.646	579.286
45510	8313	3	0	682.181	327.646	579.57
45536	8313	1	0	682.181	327.646	603.187
45537	8313	2	1	230.181	101.646	603.62
45538	8313	3	0	501.789	170.44	603.954
45539	8313	1	0	501.789	170.44	604.588
45540	8313	3	0	698.789	368.44	605.172
45562	8313	1	0	698.789	368.44	719.904
45563	8313	2	1	216.789	97.4402	720.187
45564	8313	3	0	497.015	168.94	720.521
45565	8313	1	0	497.015	168.94	720.838
45566	8313	3	0	654.015	207.94	721.005
45471	8314	1	0	558.281	351.622	10.7554
45472	8314	3	0	510.281	407.622	11.289
45483	8314	1	0	510.281	407.622	214.925
45484	8314	3	1	247.281	220.622	215.225
45507	8314	1	1	247.281	220.622	285.495
45508	8314	3	1	242.281	254.622	285.662
45547	8314	1	1	242.281	254.622	715
45548	8314	3	1	302.281	265.622	715.15
45475	8315	1	0	668.469	143.358	12.7566
45476	8315	3	0	794.469	145.358	13.2736
45485	8315	1	0	794.469	145.358	227.415
45486	8315	3	1	63.4688	70.358	227.932
45579	8315	1	1	63.4688	70.358	758.93
45580	8315	2	1	6.46875	-5.64203	759.264
45581	8315	3	1	33.2307	26.6212	759.314
45521	8316	1	0	661.485	44.0823	586.124
45522	8316	3	0	685.485	90.0823	588.193
45559	8316	1	0	685.485	90.0823	718.786
45560	8316	2	1	313.485	61.0823	719.086
45561	8316	3	0	501.229	145.626	719.336
45567	8316	1	0	501.229	145.626	721.355
45568	8316	3	0	694.229	124.627	721.672
45473	8317	1	0	540.085	158.304	11.8226
45474	8317	3	0	499.085	123.304	12.3228
45479	8317	1	0	499.085	123.304	60.0798
45480	8317	3	0	499.085	123.304	60.1966
45487	8317	1	0	499.085	123.304	248.193
45488	8317	2	1	303.085	90.3041	248.627
45489	8317	3	0	497.378	154.823	248.893
45490	8317	1	0	497.378	154.823	249.426
45491	8317	2	1	330.378	73.8234	249.81
45492	8317	3	0	494.262	141.338	250.043
45513	8317	1	0	494.262	141.338	580.654
45514	8317	3	0	718.262	153.338	581.037
45515	8317	1	0	718.262	153.338	581.288
45516	8317	3	0	708.262	173.338	581.538
45517	8317	1	0	708.262	173.338	581.788
45518	8317	3	0	678.262	184.338	582.055
45519	8317	1	0	678.262	184.338	582.305
45520	8317	3	0	677.262	195.338	585.607
45556	8317	1	0	677.262	195.338	717.935
45557	8317	2	1	241.262	115.338	718.269
45558	8317	3	0	495.926	171.523	718.586
45569	8317	1	0	495.926	171.523	721.922
45570	8317	3	0	563.926	63.5235	722.122
45469	8318	1	0	561.286	354.172	9.57117
45470	8318	3	0	615.286	421.172	10.1883
45481	8318	1	0	615.286	421.172	199.316
45482	8318	3	1	87.2858	323.172	201.867
45577	8318	1	1	87.2858	323.172	726.025
45578	8318	3	1	87.2858	323.172	726.075
45477	8319	1	0	613.549	75.7663	13.7238
45478	8319	3	0	660.549	163.766	14.5075
45493	8319	1	0	660.549	163.766	256.063
45494	8319	2	1	323.549	51.7663	256.763
45495	8319	3	0	496.073	135.746	256.996
45511	8319	1	0	496.073	135.746	580.053
45512	8319	3	0	494.073	75.7459	580.32
45553	8319	1	0	494.073	75.7459	716.951
45554	8319	2	1	276.073	59.7459	717.202
45555	8319	3	0	499.693	150.499	717.485
45571	8319	1	0	499.693	150.499	722.506
45572	8319	3	0	695.693	371.499	723.39
45496	8320	1	0	820.462	283.178	262.817
45497	8320	3	0	801.462	273.178	263.484
45503	8320	1	0	801.462	273.178	282.877
45504	8320	3	1	207.462	145.178	283.477
45549	8320	1	1	207.462	145.178	715.601
45550	8320	3	1	321.462	165.178	715.851
45551	8320	1	1	321.462	165.178	716.184
45552	8320	3	0	543.462	236.178	716.685
45573	8320	1	0	543.462	236.178	723.89
45574	8320	3	1	370.462	154.178	724.173
45575	8320	1	1	370.462	154.178	724.907
45576	8320	3	1	357.462	153.178	725.191
45500	8321	1	0	708.481	376.23	275.723
45501	8321	2	1	277.481	380.23	276.173
45502	8321	3	0	502.74	298.887	276.44
45523	8321	1	0	502.74	298.887	588.793
45524	8321	3	0	569.74	285.887	589.46
45529	8321	1	0	569.74	285.887	600.068
45530	8321	2	1	355.74	282.887	600.385
45531	8321	3	0	495.454	262.238	600.568
45534	8321	1	0	495.454	262.238	601.769
45535	8321	3	0	519.454	286.238	602.053
45498	8322	1	0	797.849	446.111	264.318
45499	8322	3	1	368.849	303.111	264.835
45505	8322	1	1	368.849	303.111	284.711
45506	8322	3	1	368.849	344.111	284.928
45525	8322	1	1	368.849	344.111	598.233
45526	8322	3	1	368.849	344.111	599.034
45527	8322	1	1	368.849	344.111	599.401
45528	8322	3	0	526.849	376.111	599.751
45532	8322	1	0	526.849	376.111	601.069
45533	8322	3	1	354.849	325.111	601.386
45541	8322	1	1	354.849	325.111	713.566
45542	8322	3	1	362.849	354.111	713.816
45543	8322	1	1	362.849	354.111	714.016
45544	8322	3	1	319.849	363.111	714.3
45545	8322	1	1	319.849	363.111	714.55
45546	8322	3	1	300.849	367.111	714.7
50242	8603	1	0	591.657	185.886	9.83899
50243	8603	3	0	623.657	249.886	10.5892
50254	8603	1	0	623.657	249.886	28.2473
50255	8603	3	0	643.657	402.886	28.7308
50275	8603	1	0	643.657	402.886	40.5544
50276	8603	3	0	673.657	369.886	40.7377
50279	8603	1	0	673.657	369.886	42.3054
50280	8603	3	0	645.657	409.886	42.8726
50283	8603	1	0	645.657	409.886	45.5411
50284	8603	3	0	784.657	420.886	45.941
50287	8603	1	0	784.657	420.886	47.9089
50288	8603	3	0	632.657	262.886	48.459
50291	8603	1	0	632.657	262.886	50.2101
50292	8603	3	0	533.657	278.886	50.827
50324	8603	1	0	533.657	278.886	195.202
50325	8603	3	1	294.658	223.886	195.452
50328	8603	1	1	294.658	223.886	197.619
50329	8603	3	1	203.658	311.886	198.82
50348	8603	1	1	203.658	311.886	723.597
50349	8603	3	0	556.657	283.886	724.348
50352	8603	1	0	556.657	283.886	726.6
50353	8603	3	1	241.658	289.886	727.334
50277	8604	1	0	764.485	437.626	41.0213
50278	8604	3	0	514.485	275.626	41.9553
50289	8604	1	0	514.485	275.626	48.8424
50290	8604	3	0	786.485	399.626	49.7263
50319	8604	1	0	786.485	399.626	193.234
50320	8604	2	1	325.485	233.626	193.717
50321	8604	3	0	500.967	228.343	193.951
50322	8604	1	0	500.967	228.343	194.668
50323	8604	3	0	528.967	396.343	194.885
50350	8604	1	0	528.967	396.343	724.748
50351	8604	3	0	513.967	387.343	726.116
50250	8605	1	0	514.03	134.812	25.5795
50251	8605	3	0	522.03	407.812	26.1965
50271	8605	1	0	522.03	407.812	38.7866
50272	8605	3	0	518.03	110.812	39.1702
50281	8605	1	0	518.03	110.812	43.3729
50282	8605	3	0	617.03	256.812	44.4236
50285	8605	1	0	617.03	256.812	46.3578
50286	8605	3	0	638.03	386.812	47.1581
50317	8605	1	0	638.03	386.812	192.367
50318	8605	3	1	333.03	330.812	192.734
50326	8605	1	1	333.03	330.812	196.086
50327	8605	3	1	186.03	403.812	197.186
50248	8606	1	0	580.321	44.7841	12.3066
50249	8606	3	0	670.321	68.7841	13.0402
50261	8606	1	0	670.321	68.7841	30.5987
50262	8606	3	0	530.321	271.784	31.2823
50273	8606	1	0	530.321	271.784	39.5037
50274	8606	3	0	497.321	383.784	40.2376
50315	8606	1	0	497.321	383.784	191.533
50316	8606	3	1	310.321	404.784	191.817
50244	8607	1	0	746.4	169.059	10.9394
50245	8607	3	0	819.4	202.059	11.2227
50297	8607	1	0	819.4	202.059	53.3281
50298	8607	3	0	743.4	295.059	54.2453
50330	8607	1	0	743.4	295.059	227.269
50331	8607	2	1	349.4	304.059	228.036
50332	8607	3	0	501.618	272.721	228.236
50333	8607	1	0	501.618	272.721	229.153
50334	8607	3	0	748.618	291.721	230.137
50240	8608	1	0	594.229	131.643	9.17188
50241	8608	3	0	726.229	263.643	9.48871
50259	8608	1	0	726.229	263.643	29.9817
50260	8608	3	0	606.229	190.643	30.3152
50263	8608	1	0	606.229	190.643	31.866
50264	8608	3	0	781.229	352.643	32.2496
50265	8608	1	0	781.229	352.643	33.0502
50266	8608	3	0	739.229	322.643	33.4004
50295	8608	1	0	739.229	322.643	52.5277
50296	8608	3	0	636.229	137.643	52.9945
50305	8608	1	0	636.229	137.643	57.4299
50306	8608	3	0	839.229	301.643	58.3971
50335	8608	1	0	839.229	301.643	230.704
50336	8608	3	0	846.229	297.643	232.355
50238	8609	1	0	792.672	388.646	8.20483
50239	8609	3	0	827.672	325.646	8.40485
50301	8609	1	0	827.672	325.646	55.4794
50302	8609	3	0	839.672	187.646	56.3297
50307	8609	1	0	839.672	187.646	58.9808
50308	8609	3	0	644.672	204.646	59.8812
50337	8609	1	0	644.672	204.646	234.422
50338	8609	3	0	645.672	202.646	236.307
50341	8609	1	0	645.672	202.646	273.893
50342	8609	3	1	343.672	318.646	275.277
50256	8610	1	0	516.647	264.71	29.2479
50257	8610	2	0	488.647	158.71	29.498
50258	8610	3	0	497.629	161.95	29.5147
50269	8610	1	0	497.629	161.95	35.0513
50270	8610	3	0	704.629	88.95	35.9684
50293	8610	1	0	704.629	88.95	51.294
50294	8610	3	0	634.629	280.95	52.1274
50246	8611	1	0	759.644	85.06	11.6562
50247	8611	3	0	840.644	109.06	11.973
50311	8611	1	0	840.644	109.06	61.4819
50312	8611	3	0	785.644	208.06	62.549
50313	8611	1	0	785.644	208.06	62.8657
50314	8611	3	0	785.644	202.06	63.2661
50343	8611	1	0	785.644	202.06	278.929
50344	8611	2	1	326.645	223.06	279.413
50345	8611	3	0	503.112	233.529	279.629
50346	8611	1	0	503.112	233.529	280.296
50347	8611	3	0	815.112	197.529	281.18
50236	8612	1	0	796.911	412.73	7.4212
50237	8612	3	0	658.911	368.73	7.75464
50252	8612	1	0	658.911	368.73	27.4968
50253	8612	3	0	574.911	129.73	27.9303
50267	8612	1	0	574.911	129.73	33.9341
50268	8612	3	0	738.911	217.73	34.4843
50299	8612	1	0	738.911	217.73	54.5956
50300	8612	3	0	831.911	251.73	55.0626
50303	8612	1	0	831.911	251.73	56.6631
50304	8612	3	0	751.911	120.73	57.0464
50309	8612	1	0	751.911	120.73	60.3147
50310	8612	3	0	711.911	204.73	60.9316
50339	8612	1	0	711.911	204.73	237.324
50340	8612	3	0	716.911	198.73	239.158
53637	8839	1	0	506.788	273.25	12.9728
53638	8839	3	0	848.787	235.25	13.3561
53647	8839	1	0	848.787	235.25	19.7418
53648	8839	3	0	847.787	234.25	19.8419
53651	8839	1	0	847.787	234.25	21.3761
53652	8839	2	0	855.787	288.25	22.1598
53653	8839	3	0	846.661	285.27	22.1765
53715	8839	1	0	846.661	285.27	513.157
53716	8839	3	0	798.661	282.27	515.375
53721	8839	1	0	798.661	282.27	517.994
53722	8839	3	1	346.661	209.27	519.645
53746	8839	1	1	346.661	209.27	774.226
53747	8839	3	1	358.661	199.27	774.676
53649	8840	1	0	766.325	123.535	20.1754
53650	8840	3	0	753.325	287.534	21.0757
53703	8840	1	0	753.325	287.534	499.547
53704	8840	3	1	169.325	292.534	500.347
53705	8840	1	1	169.325	292.534	500.648
53706	8840	3	1	233.325	310.534	501.565
53707	8840	1	1	233.325	310.534	505.785
53708	8840	3	0	639.325	283.534	508.303
53711	8840	1	0	639.325	283.534	510.488
53712	8840	3	1	238.325	295.534	511.505
53713	8840	1	1	238.325	295.534	511.906
53714	8840	3	1	244.325	303.534	512.406
53748	8840	1	1	244.325	303.534	780.497
53749	8840	3	1	244.325	294.534	782.815
53662	8841	1	0	635.217	99.2902	27.4288
53663	8841	3	0	610.217	185.29	28.3459
53624	8842	1	0	561.392	309.395	4.91943
53625	8842	3	0	520.392	194.395	5.4696
53654	8842	1	0	520.392	194.395	22.8101
53655	8842	3	0	784.392	122.395	23.227
53666	8842	1	0	784.392	122.395	29.2799
53667	8842	3	0	690.392	186.395	30.3307
53622	8843	1	0	510.577	434.741	4.15234
53623	8843	3	0	505.577	150.74	4.41913
53656	8843	1	0	505.577	150.74	23.7104
53657	8843	3	0	515.577	200.74	24.1438
53658	8843	1	0	515.577	200.74	24.9773
53659	8843	3	0	677.577	187.74	25.3277
53664	8843	1	0	677.577	187.74	28.6461
53665	8843	3	0	704.577	112.741	28.913
53668	8843	1	0	704.577	112.741	30.9644
53669	8843	3	0	765.577	188.74	31.7648
53688	8843	1	0	765.577	188.74	444.017
53689	8843	3	1	375.577	141.74	444.717
53690	8843	1	1	375.577	141.74	445.701
53691	8843	3	1	387.577	198.74	446.851
53717	8843	1	1	387.577	198.74	516.259
53718	8843	3	0	520.577	239.74	516.593
53723	8843	1	0	520.577	239.74	520.696
53724	8843	3	0	517.577	252.74	521.112
53670	8844	1	0	629.874	42.2034	32.4817
53671	8844	3	0	843.874	191.203	34.2659
53686	8844	1	0	843.874	191.203	442.8
53687	8844	3	1	317.874	207.203	443.384
53719	8844	1	1	317.874	207.203	517.243
53720	8844	3	0	584.874	268.203	517.61
53725	8844	1	0	584.874	268.203	521.63
53726	8844	3	0	580.874	252.203	521.996
53629	8845	1	0	655.711	337.234	7.53723
53630	8845	3	0	675.711	211.234	7.77069
53635	8845	1	0	675.711	211.234	11.2889
53636	8845	3	0	778.711	412.234	12.2893
53694	8845	1	0	778.711	412.234	461.626
53695	8845	3	1	229.711	386.234	464.627
53701	8845	1	1	229.711	386.234	472.53
53702	8845	3	1	223.711	409.234	473.381
53639	8846	1	0	601.911	98.1644	13.7896
53640	8846	3	0	512.911	284.164	14.8067
53672	8846	1	0	512.911	284.164	422.307
53673	8846	3	1	319.911	393.164	422.924
53676	8846	1	1	319.911	393.164	424.542
53677	8846	2	1	354.911	439.164	425.442
53678	8846	3	1	338.76	417.369	425.475
53626	8847	1	0	674.394	176.338	5.78638
53627	8847	2	0	495.394	416.338	6.83679
53628	8847	3	0	510.498	395.757	6.87018
53696	8847	1	0	510.498	395.757	465.311
53697	8847	2	0	469.498	387.757	466.911
53698	8847	3	0	495.279	361.746	466.961
53699	8847	1	0	495.279	361.746	467.395
53700	8847	3	0	497.279	382.746	467.779
53736	8847	1	0	497.279	382.746	769.723
53737	8847	2	1	348.279	282.746	770.056
53738	8847	3	0	495.264	245.146	770.273
53739	8847	1	0	495.264	245.146	770.59
53740	8847	3	0	555.264	389.146	770.907
53643	8848	1	0	583.756	35.5847	15.8237
53644	8848	3	0	628.756	283.585	17.0076
53674	8848	1	0	628.756	283.585	423.441
53675	8848	3	1	312.757	275.585	424.141
53679	8848	1	1	312.757	275.585	425.792
53680	8848	3	1	345.757	304.585	426.409
53681	8848	1	1	345.757	304.585	426.859
53682	8848	2	1	393.757	298.585	427.159
53683	8848	3	1	347.487	279.862	427.243
53684	8848	1	1	347.487	279.862	427.826
53685	8848	3	1	338.487	303.862	428.393
53729	8848	1	1	338.487	303.862	766.671
53730	8848	3	0	695.487	300.862	767.205
53741	8848	1	0	695.487	300.862	771.658
53742	8848	2	1	354.487	288.862	772.291
53743	8848	3	1	346.226	285.21	772.308
53744	8848	1	1	346.226	285.21	772.942
53745	8848	3	1	345.226	297.21	773.776
53620	8849	1	0	510.218	173.714	1.76752
53621	8849	3	0	798.218	253.714	3.56842
53631	8849	1	0	798.218	253.714	8.08765
53632	8849	3	0	644.218	398.714	9.9715
53692	8849	1	0	644.218	398.714	454.206
53693	8849	3	0	655.218	392.714	460.992
53709	8849	1	0	655.218	392.714	508.737
53710	8849	3	0	676.218	380.714	510.121
53731	8849	1	0	676.218	380.714	767.471
53732	8849	2	1	278.218	260.714	768.055
53733	8849	3	0	496.047	229.939	768.339
53734	8849	1	0	496.047	229.939	768.722
53735	8849	3	0	682.047	379.939	769.256
53633	8850	1	0	820.896	417.669	10.4216
53634	8850	3	0	611.896	303.669	11.0054
53641	8850	1	0	611.896	303.669	15.1237
53642	8850	3	0	691.896	218.669	15.407
53645	8850	1	0	691.896	218.669	17.5744
53646	8850	3	0	555.896	71.6693	18.5582
53660	8850	1	0	555.896	71.6693	25.928
53661	8850	3	0	535.896	188.669	26.8951
53727	8850	1	0	535.896	188.669	754.396
53728	8850	3	0	522.896	175.669	756.848
56932	9085	1	0	628.695	455.777	5.37012
56933	9085	2	0	454.694	172.777	5.68689
56934	9085	3	0	498.19	186.07	5.75366
56959	9085	1	0	498.19	186.07	22.2285
56960	9085	3	0	642.19	226.07	22.812
56963	9085	1	0	642.19	226.07	172.678
56964	9085	3	1	365.19	444.07	173.261
57005	9085	1	1	365.19	444.07	214.35
57006	9085	3	1	303.19	174.07	214.617
57013	9085	1	1	303.19	174.07	218.269
57014	9085	3	1	163.19	326.07	218.719
56925	9086	1	0	554.266	229.738	2.16797
56926	9086	2	0	482.266	410.737	2.95172
56927	9086	3	0	498.609	390.756	2.98499
56983	9086	1	0	498.609	390.756	200.191
56984	9086	2	0	482.609	386.756	202.193
56985	9086	3	0	498.959	369.066	202.226
56986	9086	1	0	498.959	369.066	202.776
56987	9086	3	0	498.959	403.066	203.277
57038	9086	1	0	498.959	403.066	348.195
57039	9086	3	1	41.9592	390.066	348.812
57040	9086	1	1	41.9592	390.066	349.446
57041	9086	3	0	544.959	398.066	349.996
56930	9087	1	0	509.857	83.4135	4.23615
56931	9087	3	0	711.857	409.414	4.95306
56935	9087	1	0	711.857	409.414	6.13715
56936	9087	3	0	635.857	402.414	7.02075
56977	9087	1	0	635.857	402.414	196.373
56978	9087	3	0	635.857	395.414	197.824
56979	9087	1	0	635.857	395.414	198.057
56980	9087	3	0	635.857	395.414	198.157
56988	9087	1	0	635.857	395.414	203.611
56989	9087	2	0	634.857	421.414	203.877
56990	9087	3	0	635.923	410.911	203.894
57025	9087	1	0	635.923	410.911	342.309
57026	9087	3	1	125.923	398.911	343.042
57027	9087	1	1	125.923	398.911	343.926
57028	9087	2	0	672.923	417.911	344.626
57029	9087	3	0	672.085	407.608	344.643
57053	9087	1	0	672.085	407.608	430.275
57054	9087	2	1	325.085	383.608	430.692
57055	9087	3	0	494.776	295.438	430.925
57056	9087	1	0	494.776	295.438	431.392
57057	9087	3	0	706.776	408.438	431.742
57058	9087	1	0	706.776	408.438	432.276
57059	9087	3	0	675.776	405.438	433.01
57074	9087	1	0	675.776	405.438	441.331
57075	9087	2	1	311.776	395.438	441.648
57076	9087	3	0	496.688	296.72	441.898
57077	9087	1	0	496.688	296.72	442.381
57078	9087	3	0	669.688	401.72	443.115
57095	9087	1	0	669.688	401.72	496.031
57096	9087	3	0	681.688	411.72	497.282
56961	9088	1	0	690.958	181.525	23.0789
56962	9088	3	0	712.958	227.525	23.6959
56965	9088	1	0	712.958	227.525	173.878
56966	9088	3	1	408.958	315.525	174.829
56993	9088	1	1	408.958	315.525	206.796
56994	9088	3	1	375.958	369.525	207.579
57007	9088	1	1	375.958	369.525	215.501
57008	9088	3	1	389.958	200.525	215.734
57015	9088	1	1	389.958	200.525	219.236
57016	9088	3	1	231.958	318.525	219.786
57019	9088	1	1	231.958	318.525	338.39
57020	9088	3	1	231.958	318.525	338.49
57072	9088	1	1	231.958	318.525	440.514
57073	9088	3	0	597.958	286.525	440.931
57084	9088	1	0	597.958	286.525	445.95
57085	9088	3	1	267.958	327.525	446.334
56953	9089	1	0	775.346	234.599	17.3093
56954	9089	3	0	720.346	310.599	18.8603
56971	9089	1	0	720.346	310.599	186.617
56972	9089	3	1	337.346	90.5989	187.485
57001	9089	1	1	337.346	90.5989	211.815
57002	9089	3	1	271.346	431.599	212.432
57048	9089	1	1	271.346	431.599	428.724
57049	9089	2	0	482.346	291.599	429.124
57050	9089	3	0	501.659	286.156	429.158
57062	9089	1	0	501.659	286.156	434.244
57063	9089	3	1	297.659	436.156	434.894
57066	9089	1	1	297.659	436.156	435.978
57067	9089	3	1	303.659	430.156	436.828
57070	9089	1	1	303.659	430.156	439.664
57071	9089	3	0	554.659	298.156	439.98
57079	9089	1	0	554.659	298.156	444.449
57080	9089	2	1	427.659	343.156	444.683
57081	9089	3	1	387.148	323.232	444.75
57088	9089	1	1	387.148	323.232	447.918
57089	9089	2	1	399.148	409.232	449.002
57090	9089	3	1	389.662	400.564	449.019
57091	9089	1	1	389.662	400.564	450.169
57092	9089	3	1	389.662	416.564	450.77
56937	9090	1	0	738.927	131.283	7.50464
56938	9090	3	0	764.927	412.284	8.49469
56981	9090	1	0	764.927	412.284	198.44
56982	9090	3	0	775.927	394.284	199.774
56991	9090	1	0	775.927	394.284	204.161
56992	9090	3	0	748.927	418.284	204.695
57017	9090	1	0	748.927	418.284	270.081
57018	9090	3	0	787.927	421.284	270.931
57093	9090	1	0	787.927	421.284	495.28
57094	9090	3	0	805.927	421.284	495.631
56928	9091	1	0	533.771	145.216	3.63574
56929	9091	3	0	538.771	72.2156	3.98602
56957	9091	1	0	538.771	72.2156	21.3613
56958	9091	3	0	566.771	231.216	21.945
56969	9091	1	0	566.771	231.216	182.682
56970	9091	3	1	367.771	149.216	183.166
57011	9091	1	1	367.771	149.216	217.001
57012	9091	3	1	72.7706	306.216	217.835
56941	9092	1	0	739.603	221.178	10.6563
56942	9092	3	0	773.603	93.1775	10.8897
56955	9092	1	0	773.603	93.1775	19.7939
56956	9092	3	0	801.603	316.177	20.6778
56967	9092	1	0	801.603	316.177	177.596
56968	9092	3	1	385.603	237.178	178.73
57003	9092	1	1	385.603	237.178	213.066
57004	9092	3	1	286.603	342.177	213.6
57009	9092	1	1	286.603	342.177	216.117
57010	9092	3	1	341.603	433.177	216.434
57051	9092	1	1	341.603	433.177	429.508
57052	9092	3	0	617.603	252.178	429.925
57060	9092	1	0	617.603	252.178	433.377
57061	9092	3	1	375.603	451.177	433.794
57064	9092	1	1	375.603	451.177	435.228
57065	9092	3	1	376.603	434.177	435.594
57068	9092	1	1	376.603	434.177	438.963
57069	9092	3	0	533.603	318.177	439.263
57082	9092	1	0	533.603	318.177	445.083
57083	9092	3	1	353.603	399.177	445.35
57086	9092	1	1	353.603	399.177	447.085
57087	9092	3	1	329.603	413.177	447.501
56923	9093	1	0	587.863	291.213	1.20074
56924	9093	3	0	625.863	73.2132	1.7843
56943	9093	1	0	625.863	73.2132	11.2567
56944	9093	3	0	614.863	293.213	11.6398
56947	9093	1	0	614.863	293.213	13.091
56948	9093	3	0	612.863	307.213	13.9243
56949	9093	1	0	612.863	307.213	14.3412
56950	9093	3	0	519.863	295.213	15.4251
56975	9093	1	0	519.863	295.213	191.57
56976	9093	3	1	221.863	297.213	192.004
56995	9093	1	1	221.863	297.213	207.946
56996	9093	3	1	248.863	388.213	208.646
56997	9093	1	1	248.863	388.213	209.38
56998	9093	3	1	50.8632	397.213	209.647
57021	9093	1	1	50.8632	397.213	339.941
57022	9093	3	0	545.863	309.213	340.424
57030	9093	1	0	545.863	309.213	345.01
57031	9093	3	1	360.863	309.213	345.31
57036	9093	1	1	360.863	309.213	347.478
57037	9093	3	0	676.863	301.213	347.895
57044	9093	1	0	676.863	301.213	351.513
57045	9093	3	1	29.8632	401.213	352.214
56939	9094	1	0	793.804	227.033	8.83881
56940	9094	3	0	507.804	303.033	10.0727
56945	9094	1	0	507.804	303.033	12.2734
56946	9094	3	0	709.804	307.033	12.6069
56951	9094	1	0	709.804	307.033	15.892
56952	9094	3	0	621.804	299.033	16.826
56973	9094	1	0	621.804	299.033	190.62
56974	9094	3	1	222.804	171.033	191.07
56999	9094	1	1	222.804	171.033	210.231
57000	9094	3	1	145.804	424.033	210.731
57023	9094	1	1	145.804	424.033	341.258
57024	9094	3	0	659.804	316.033	342.042
57032	9094	1	0	659.804	316.033	345.844
57033	9094	3	1	344.804	238.033	346.344
57034	9094	1	1	344.804	238.033	346.728
57035	9094	3	0	536.804	288.033	347.061
57042	9094	1	0	536.804	288.033	350.43
57043	9094	3	1	145.804	376.033	350.93
57046	9094	1	1	145.804	376.033	352.514
57047	9094	3	1	139.804	414.033	352.781
60184	9337	1	0	634.192	46.3003	3.86896
60185	9337	3	0	661.192	228.3	4.11914
60192	9337	1	0	661.192	228.3	5.93701
60193	9337	3	0	779.192	363.3	6.13708
60198	9337	1	0	779.192	363.3	7.5047
60199	9337	3	0	651.192	219.3	7.68805
60202	9337	1	0	651.192	219.3	8.55542
60203	9337	3	0	634.192	215.3	8.62207
60206	9337	1	0	634.192	215.3	9.83923
60207	9337	3	0	497.192	276.3	10.0225
60241	9337	1	0	497.192	276.3	203.405
60242	9337	2	1	380.192	176.3	203.572
60243	9337	3	1	362.341	180.907	203.605
60266	9337	1	1	362.341	180.907	326.402
60267	9337	2	0	486.341	264.907	327.719
60268	9337	3	0	495.461	262.832	327.735
60292	9337	1	0	495.461	262.832	369.675
60293	9337	3	1	357.461	95.8322	370.81
60324	9337	1	1	357.461	95.8322	456.174
60325	9337	2	1	373.461	408.832	457.108
60326	9337	3	1	364.573	399.494	457.125
60382	9337	1	1	364.573	399.494	616.217
60383	9337	3	1	362.573	409.494	616.417
60419	9337	1	1	362.573	409.494	634.813
60420	9337	3	0	713.573	293.494	635.397
60430	9337	1	0	713.573	293.494	640.034
60431	9337	3	1	361.573	391.494	640.651
60214	9338	1	0	840.468	345.413	13.0405
60215	9338	2	0	888.468	61.4132	13.2741
60216	9338	3	0	878.559	70.5176	13.2907
60229	9338	1	0	878.559	70.5176	18.7273
60230	9338	3	0	808.559	184.518	19.2444
60255	9338	1	0	808.559	184.518	210.459
60256	9338	3	1	162.559	286.518	210.993
60279	9338	1	1	162.559	286.518	333.973
60280	9338	3	0	830.559	199.518	334.706
60308	9338	1	0	830.559	199.518	443.748
60309	9338	3	1	281.559	138.518	445
60342	9338	1	1	281.559	138.518	524.851
60343	9338	3	1	268.559	143.518	525.168
60346	9338	1	1	268.559	143.518	526.136
60347	9338	3	1	278.559	142.518	526.519
60178	9339	1	0	497.68	338.846	2.2514
60179	9339	3	0	537.68	298.846	2.40149
60204	9339	1	0	537.68	298.846	9.00537
60205	9339	3	0	547.68	182.846	9.15546
60219	9339	1	0	547.68	182.846	14.5414
60220	9339	3	0	524.68	187.846	14.7581
60221	9339	1	0	524.68	187.846	15.392
60222	9339	3	0	662.68	72.8458	15.5756
60225	9339	1	0	662.68	72.8458	16.6429
60226	9339	3	0	641.68	192.846	17.043
60249	9339	1	0	641.68	192.846	206.307
60250	9339	3	1	361.68	159.846	206.49
60253	9339	1	1	361.68	159.846	209.458
60254	9339	3	1	184.68	114.846	209.692
60273	9339	1	1	184.68	114.846	331.155
60274	9339	3	0	618.68	171.846	331.588
60306	9339	1	0	618.68	171.846	442.348
60307	9339	3	0	524.68	225.846	443.332
60314	9339	1	0	524.68	225.846	447.485
60315	9339	3	0	533.68	321.846	447.752
60370	9339	1	0	533.68	321.846	610.396
60371	9339	3	0	558.68	320.846	611.497
60406	9339	1	0	558.68	320.846	628.375
60407	9339	3	0	546.68	355.846	629.309
60426	9339	1	0	546.68	355.846	638.116
60427	9339	3	0	510.68	335.846	639.05
60434	9339	1	0	510.68	335.846	642.469
60435	9339	3	1	283.68	319.846	643.036
60443	9339	1	1	283.68	319.846	647.839
60444	9339	3	1	277.68	317.846	649.04
60447	9339	1	1	277.68	317.846	651.458
60448	9339	3	1	259.68	321.846	651.809
60449	9339	1	1	259.68	321.846	652.076
60450	9339	3	1	267.68	317.846	652.259
60451	9339	1	1	267.68	317.846	656.896
60452	9339	3	0	572.68	318.846	657.196
60459	9339	1	0	572.68	318.846	660.515
60460	9339	3	1	162.68	234.846	661.266
60175	9340	1	0	711.674	400.669	1.76776
60176	9340	2	0	516.674	408.669	1.9845
60177	9340	3	0	523.362	398.486	2.00122
60236	9340	1	0	523.362	398.486	202.038
60237	9340	2	1	340.362	379.486	202.205
60238	9340	3	1	332.297	370.787	202.221
60259	9340	1	1	332.297	370.787	323.483
60260	9340	2	0	478.297	394.787	323.934
60261	9340	3	0	495.617	375.709	323.968
60281	9340	1	0	495.617	375.709	344.562
60282	9340	3	0	495.617	375.709	344.663
60294	9340	1	0	495.617	375.709	373.428
60295	9340	3	1	205.617	379.709	374.245
60400	9340	1	1	205.617	379.709	624.69
60401	9340	3	0	758.617	285.709	625.223
60415	9340	1	0	758.617	285.709	632.862
60416	9340	3	0	641.617	289.709	633.012
60417	9340	1	0	641.617	289.709	633.729
60418	9340	3	1	194.617	385.709	634.446
60173	9341	1	0	615.24	415.035	1.25098
60174	9341	3	0	565.24	267.035	1.50098
60180	9341	1	0	565.24	267.035	2.65155
60181	9341	3	0	577.24	162.035	2.83496
60194	9341	1	0	577.24	162.035	6.50397
60195	9341	3	0	769.24	359.035	6.68738
60196	9341	1	0	769.24	359.035	6.98755
60197	9341	3	0	538.24	166.035	7.23785
60200	9341	1	0	538.24	166.035	7.98828
60201	9341	3	0	770.24	429.035	8.255
60283	9341	1	0	770.24	429.035	348.582
60284	9341	3	0	785.24	393.035	348.999
60285	9341	1	0	785.24	393.035	349.199
60286	9341	2	1	361.24	410.035	349.882
60287	9341	3	1	352.844	400.521	349.899
60322	9341	1	1	352.844	400.521	455.273
60323	9341	3	1	143.844	233.521	455.79
60334	9341	1	1	143.844	233.521	459.742
60335	9341	3	1	241.844	269.521	459.959
60394	9341	1	1	241.844	269.521	621.17
60395	9341	3	0	698.844	203.521	621.504
60398	9341	1	0	698.844	203.521	623.355
60399	9341	3	1	246.844	272.521	624.323
60432	9341	1	1	246.844	272.521	641.485
60433	9341	3	0	752.844	233.521	641.835
60445	9341	1	0	752.844	233.521	649.74
60446	9341	3	0	699.844	220.521	650.625
60455	9341	1	0	699.844	220.521	658.263
60456	9341	3	0	740.844	216.521	659.247
60182	9342	1	0	670.273	30.9317	3.06842
60183	9342	3	0	626.273	310.932	3.30188
60190	9342	1	0	626.273	310.932	5.52033
60191	9342	3	0	654.273	390.932	5.68683
60239	9342	1	0	654.273	390.932	202.805
60240	9342	3	1	283.273	238.932	203.005
60262	9342	1	1	283.273	238.932	324.868
60263	9342	3	1	348.273	253.932	325.067
60264	9342	1	1	348.273	253.932	325.201
60265	9342	3	0	653.273	373.932	326.001
60300	9342	1	0	653.273	373.932	437.078
60301	9342	3	0	542.273	406.932	438.245
60396	9342	1	0	542.273	406.932	621.971
60397	9342	3	0	592.273	409.932	622.955
60402	9342	1	0	592.273	409.932	625.623
60403	9342	3	1	269.273	392.932	626.741
60404	9342	1	1	269.273	392.932	627.141
60405	9342	3	1	252.273	390.932	627.508
60412	9342	1	1	252.273	390.932	632.111
60413	9342	2	0	596.273	438.932	632.395
60414	9342	3	0	602.385	417.104	632.428
60223	9343	1	0	585.534	69.4998	15.9759
60224	9343	3	0	556.534	182.5	16.2759
60247	9343	1	0	556.534	182.5	204.506
60248	9343	3	1	331.534	57.4998	204.706
60271	9343	1	1	331.534	57.4998	329.803
60272	9343	3	0	527.534	181.5	330.487
60288	9343	1	0	527.534	181.5	359.587
60289	9343	3	1	387.534	307.5	360.488
60327	9343	1	1	387.534	307.5	457.624
60328	9343	2	1	423.534	168.5	457.958
60329	9343	3	1	393.12	178.258	458.008
60336	9343	1	1	393.12	178.258	460.376
60337	9343	3	1	342.12	200.258	460.609
60340	9343	1	1	342.12	200.258	461.727
60341	9343	3	1	356.12	193.258	462.027
60348	9343	1	1	356.12	193.258	527.103
60349	9343	3	1	365.12	197.258	527.403
60350	9343	1	1	365.12	197.258	527.687
60351	9343	3	1	365.12	197.258	527.92
60378	9343	1	1	365.12	197.258	614.616
60379	9343	3	1	371.12	210.258	614.799
60386	9343	1	1	371.12	210.258	617.685
60387	9343	3	1	379.12	208.258	617.901
60388	9343	1	1	379.12	208.258	618.202
60389	9343	3	1	377.12	187.258	618.368
60390	9343	1	1	377.12	187.258	618.769
60391	9343	3	1	381.12	220.258	619.519
60210	9344	1	0	597.034	28.6067	11.4569
60211	9344	3	0	693.034	294.607	11.6735
60296	9344	1	0	693.034	294.607	388.185
60297	9344	3	1	258.034	292.607	389.603
60330	9344	1	1	258.034	292.607	458.408
60331	9344	3	1	314.034	85.6067	458.859
60338	9344	1	1	314.034	85.6067	460.893
60339	9344	3	1	340.034	93.6067	461.41
60374	9344	1	1	340.034	93.6067	613.532
60375	9344	3	1	359.034	104.607	613.798
60376	9344	1	1	359.034	104.607	614.165
60377	9344	3	1	357.034	127.607	614.349
60392	9344	1	1	357.034	127.607	619.869
60393	9344	3	1	376.034	116.607	620.153
60227	9345	1	0	732.082	156.777	18.0437
60228	9345	3	0	727.082	184.777	18.1937
60251	9345	1	0	727.082	184.777	208.508
60252	9345	3	1	181.082	179.777	208.775
60275	9345	1	1	181.082	179.777	332.155
60276	9345	3	1	219.082	180.777	332.338
60277	9345	1	1	219.082	180.777	332.889
60278	9345	3	0	730.082	179.777	333.405
60298	9345	1	0	730.082	179.777	395.423
60299	9345	3	1	266.082	206.777	396.206
60344	9345	1	1	266.082	206.777	525.585
60345	9345	3	1	280.082	202.777	525.852
60186	9346	1	0	778.477	466.423	4.40277
60187	9346	3	0	792.477	217.423	4.65289
60217	9346	1	0	792.477	217.423	13.7245
60218	9346	3	0	841.477	327.423	13.9913
60233	9346	1	0	841.477	327.423	20.4949
60234	9346	2	0	873.477	318.423	20.7117
60235	9346	3	0	863.874	314.351	20.7283
60304	9346	1	0	863.874	314.351	440.747
60305	9346	3	0	692.874	314.351	441.814
60310	9346	1	0	692.874	314.351	446.2
60311	9346	3	0	688.874	390.351	446.384
60318	9346	1	0	688.874	390.351	448.518
60319	9346	3	0	666.874	430.351	448.885
60320	9346	1	0	666.874	430.351	451.154
60321	9346	3	0	722.874	417.351	451.487
60354	9346	1	0	722.874	417.351	599.989
60355	9346	3	0	634.874	377.351	601.74
60359	9346	1	0	634.874	377.351	603.558
60360	9346	3	0	543.874	233.351	604.575
60363	9346	1	0	543.874	233.351	605.859
60364	9346	2	1	399.874	297.351	606.777
60365	9346	3	1	390.384	294.327	606.794
60366	9346	1	1	390.384	294.327	607.894
60367	9346	3	0	533.384	214.327	608.178
60410	9346	1	0	533.384	214.327	630.894
60411	9346	3	0	515.384	265.327	631.678
60423	9346	1	0	515.384	265.327	637.032
60424	9346	2	0	475.384	259.327	637.765
60425	9346	3	0	495.505	257.155	637.799
60436	9346	1	0	495.505	257.155	644.537
60437	9346	3	0	549.505	273.155	645.571
60441	9346	1	0	549.505	273.155	647.055
60442	9346	3	1	241.505	263.155	647.489
60453	9346	1	1	241.505	263.155	657.663
60454	9346	3	0	585.505	303.155	657.946
60457	9346	1	0	585.505	303.155	659.631
60458	9346	3	1	225.505	296.155	660.115
60212	9347	1	0	756.157	21.4068	12.2906
60213	9347	3	0	760.157	320.407	12.7405
60231	9347	1	0	760.157	320.407	20.0781
60232	9347	3	0	774.157	273.407	20.2447
60257	9347	1	0	774.157	273.407	212.46
60258	9347	3	0	769.157	284.407	213.26
60302	9347	1	0	769.157	284.407	439.179
60303	9347	3	0	644.157	281.407	440.197
60312	9347	1	0	644.157	281.407	446.751
60313	9347	3	0	607.157	316.407	447.018
60316	9347	1	0	607.157	316.407	448.018
60317	9347	3	0	654.157	316.407	448.185
60372	9347	1	0	654.157	316.407	611.78
60373	9347	3	0	644.157	310.407	612.964
60408	9347	1	0	644.157	310.407	629.776
60409	9347	3	0	544.157	309.407	630.544
60421	9347	1	0	544.157	309.407	635.781
60422	9347	3	1	387.157	397.407	636.398
60428	9347	1	1	387.157	397.407	639.367
60429	9347	3	0	620.157	314.407	639.817
60438	9347	1	0	620.157	314.407	645.855
60439	9347	2	1	258.157	254.407	646.271
60440	9347	3	0	502.769	242.453	646.555
60188	9348	1	0	830.23	356.814	4.95312
60189	9348	3	0	839.23	213.814	5.10309
60208	9348	1	0	839.23	213.814	10.6064
60209	9348	3	0	599.23	312.814	10.8231
60244	9348	1	0	599.23	312.814	203.906
60245	9348	2	1	383.23	124.814	204.139
60246	9348	3	1	347.346	145.682	204.205
60269	9348	1	1	347.346	145.682	328.252
60270	9348	3	0	594.346	268.681	328.986
60290	9348	1	0	594.346	268.681	365.173
60291	9348	3	1	370.346	208.682	366.324
60332	9348	1	1	370.346	208.682	459.192
60333	9348	3	1	376.346	268.681	459.459
60352	9348	1	1	376.346	268.681	598.804
60353	9348	3	0	563.346	248.682	599.472
60356	9348	1	0	563.346	248.682	602.157
60357	9348	2	1	401.346	311.681	602.941
60358	9348	3	1	373.052	299.959	602.991
60361	9348	1	1	373.052	299.959	604.892
60362	9348	3	0	717.052	407.959	605.343
60368	9348	1	0	717.052	407.959	608.778
60369	9348	3	1	364.052	291.959	609.696
60380	9348	1	1	364.052	291.959	615.116
60381	9348	3	1	364.052	310.959	615.266
60384	9348	1	1	364.052	310.959	617.218
60385	9348	3	1	372.052	299.959	617.368
