46028	8373	1	0	609.363	204.116	6.43695
46029	8373	3	0	609.363	204.116	6.52039
46030	8373	1	0	609.363	204.116	6.98737
46031	8373	3	0	507.363	115.116	7.45435
46059	8373	1	0	507.363	115.116	53.1311
46060	8373	3	0	507.363	213.116	53.6981
46063	8373	1	0	507.363	213.116	54.6486
46064	8373	3	0	535.363	49.1162	54.9153
46065	8373	1	0	535.363	49.1162	55.3157
46066	8373	3	0	518.363	105.116	55.6493
46069	8373	1	0	518.363	105.116	57.567
46070	8373	3	0	513.363	31.1162	57.7339
46225	8373	1	0	513.363	31.1162	466.225
46226	8373	3	0	663.363	25.1162	467.409
46024	8374	1	0	533.042	377.964	4.63611
46025	8374	3	0	527.042	377.964	4.76959
46121	8374	1	0	527.042	377.964	149.073
46122	8374	3	1	307.042	318.964	149.356
46123	8374	1	1	307.042	318.964	149.873
46124	8374	3	1	292.042	186.964	150.106
46141	8374	1	1	292.042	186.964	271.814
46142	8374	3	0	628.042	181.964	272.164
46160	8374	1	0	628.042	181.964	302.432
46161	8374	3	1	200.042	22.9642	303.149
46162	8374	1	1	200.042	22.9642	304.066
46163	8374	3	1	234.042	33.9642	304.983
46231	8374	1	1	234.042	33.9642	478.916
46232	8374	3	0	582.042	89.9642	480.067
46237	8374	1	0	582.042	89.9642	485.437
46238	8374	3	0	593.042	89.9642	485.587
46239	8374	1	0	593.042	89.9642	485.772
46240	8374	2	1	261.042	44.9642	486.137
46241	8374	3	0	501.897	152.831	486.421
46244	8374	1	0	501.897	152.831	487.488
46245	8374	3	1	157.897	39.8309	488.989
46273	8374	1	1	157.897	39.8309	824.539
46274	8374	3	0	609.897	46.8309	825.305
46026	8375	1	0	649.209	347.624	5.65344
46027	8375	3	0	649.209	374.624	5.87018
46083	8375	1	0	649.209	374.624	68.541
46084	8375	3	0	664.209	58.6239	69.9755
46158	8375	1	0	664.209	58.6239	298.313
46159	8375	3	1	352.209	136.624	299.23
46190	8375	1	1	352.209	136.624	335.018
46191	8375	2	1	377.209	148.624	336.885
46192	8375	3	1	359.366	155.618	336.918
46208	8375	1	1	359.366	155.618	386.065
46209	8375	3	1	360.366	129.618	386.766
46249	8375	1	1	360.366	129.618	505.284
46250	8375	3	0	563.366	221.618	505.517
46255	8375	1	0	563.366	221.618	507.502
46256	8375	3	0	497.366	219.618	510.721
46257	8375	1	0	497.366	219.618	511.155
46258	8375	2	1	413.366	129.618	511.388
46259	8375	3	0	498.088	160.196	511.522
46260	8375	1	0	498.088	160.196	521.862
46261	8375	2	1	380.088	20.1958	522.563
46262	8375	3	0	494.371	100.517	522.73
46267	8375	1	0	494.371	100.517	820.719
46268	8375	2	1	381.371	9.51675	820.936
46269	8375	3	0	495.22	94.1807	821.103
46270	8375	1	0	495.22	94.1807	821.503
46271	8375	2	1	337.22	51.1807	821.953
46272	8375	3	0	496.773	133.57	822.17
46275	8375	1	0	496.773	133.57	825.989
46276	8375	3	1	361.773	26.5696	826.339
46281	8375	1	1	361.773	26.5696	834.044
46282	8375	3	1	279.773	18.5696	834.495
46055	8376	1	0	719.846	197.894	50.6962
46056	8376	3	0	699.846	104.894	52.0971
46057	8376	1	0	699.846	104.894	52.4807
46058	8376	3	0	731.846	223.894	52.8142
46061	8376	1	0	731.846	223.894	53.9816
46062	8376	3	0	700.846	25.8936	54.2483
46075	8376	1	0	700.846	25.8936	62.0198
46076	8376	3	1	310.846	45.8936	62.4866
46077	8376	1	1	310.846	45.8936	63.9044
46078	8376	3	0	661.846	33.8936	64.1879
46079	8376	1	0	661.846	33.8936	64.6047
46080	8376	3	1	345.846	36.8936	65.1716
46110	8376	1	1	345.846	36.8936	89.386
46111	8376	3	1	351.846	42.8936	90.3197
46149	8376	1	1	351.846	42.8936	283.02
46150	8376	3	1	348.846	10.8936	283.571
46227	8376	1	1	348.846	10.8936	469.244
46228	8376	3	1	36.8461	19.8936	471.662
46039	8377	1	0	676.727	88.4875	10.5231
46040	8377	3	0	679.727	65.4875	10.7064
46052	8377	1	0	679.727	65.4875	49.7625
46053	8377	2	0	818.727	37.4875	50.3124
46054	8377	3	0	802.285	53.8732	50.3458
46035	8378	1	0	694.665	261.419	8.77197
46036	8378	3	0	626.665	253.419	9.00543
46081	8378	1	0	626.665	253.419	67.0398
46082	8378	3	0	662.665	167.419	67.5403
46129	8378	1	0	662.665	167.419	206.106
46130	8378	2	1	285.665	335.419	206.623
46131	8378	3	0	500.749	273.637	206.89
46210	8378	1	0	500.749	273.637	450.467
46211	8378	2	1	377.749	267.637	451.001
46212	8378	3	0	495.474	250.488	451.167
46217	8378	1	0	495.474	250.488	460.989
46218	8378	2	1	308.474	222.488	461.39
46219	8378	3	0	502.45	223.898	461.64
46220	8378	1	0	502.45	223.898	462.273
46221	8378	2	0	474.45	291.898	463.041
46222	8378	3	0	502.244	282.39	463.091
46233	8378	1	0	502.244	282.39	480.484
46234	8378	3	1	124.244	31.3898	481.167
46235	8378	1	1	124.244	31.3898	481.534
46236	8378	3	1	159.244	32.3898	481.701
46242	8378	1	1	159.244	32.3898	486.671
46243	8378	3	0	525.244	308.39	487.037
46246	8378	1	0	525.244	308.39	504.366
46247	8378	2	1	266.244	-41.6102	504.75
46248	8378	3	0	501.086	113.653	505.034
46251	8378	1	0	501.086	113.653	505.801
46252	8378	3	1	237.086	85.6528	506.051
46253	8378	1	1	237.086	85.6528	506.535
46254	8378	3	1	240.086	45.6529	506.735
46263	8378	1	1	240.086	45.6529	710.646
46264	8378	3	1	232.086	45.6529	710.862
46265	8378	1	1	232.086	45.6529	820.069
46266	8378	3	1	259.086	49.6529	820.269
46277	8378	1	1	259.086	49.6529	826.89
46278	8378	3	1	237.086	33.6528	827.123
46279	8378	1	1	237.086	33.6528	833.077
46280	8378	3	1	174.086	32.6528	833.611
46041	8379	1	0	817.323	273.159	11.4567
46042	8379	3	0	809.323	353.159	11.8735
46022	8380	1	0	542.347	428.95	4.16907
46023	8380	3	0	536.347	465.95	4.45264
46043	8380	1	0	536.347	465.95	34.3699
46044	8380	3	0	536.347	465.95	34.4532
46045	8380	1	0	536.347	465.95	34.7201
46046	8380	3	0	513.347	474.95	35.4704
46047	8380	1	0	513.347	474.95	43.1249
46048	8380	2	0	493.347	465.95	45.91
46049	8380	3	0	503.141	454.875	45.9267
46050	8380	1	0	503.141	454.875	47.9442
46051	8380	3	0	501.141	475.875	48.2276
46100	8380	1	0	501.141	475.875	78.5637
46101	8380	3	1	401.141	195.875	79.7643
46102	8380	1	1	401.141	195.875	80.6314
46103	8380	3	0	517.141	251.875	81.3984
46112	8380	1	0	517.141	251.875	91.4036
46113	8380	2	1	425.141	250.875	91.7204
46114	8380	3	1	404.944	250.259	91.7537
46119	8380	1	1	404.944	250.259	111.915
46120	8380	3	1	398.944	277.259	112.515
46132	8380	1	1	398.944	277.259	207.773
46133	8380	3	1	360.944	301.259	208.724
46134	8380	1	1	360.944	301.259	209.307
46135	8380	3	1	373.944	283.259	209.774
46136	8380	1	1	373.944	283.259	210.191
46137	8380	3	1	388.944	270.259	211.075
46143	8380	1	1	388.944	270.259	272.564
46144	8380	3	0	655.944	275.259	272.915
46164	8380	1	0	655.944	275.259	311.371
46165	8380	3	1	324.944	222.259	311.854
46166	8380	1	1	324.944	222.259	312.588
46167	8380	3	1	303.944	216.259	312.988
46168	8380	1	1	303.944	216.259	313.74
46169	8380	3	1	289.944	203.259	314.306
46176	8380	1	1	289.944	203.259	327.93
46177	8380	3	1	274.944	180.259	328.097
46180	8380	1	1	274.944	180.259	329.831
46181	8380	3	0	593.944	168.259	330.248
46032	8381	1	0	632.988	278.6	7.888
46033	8381	2	0	492.988	273.6	8.1048
46034	8381	3	0	502.364	271.661	8.12152
46071	8381	1	0	502.364	271.661	58.4844
46072	8381	3	0	511.364	234.661	59.0348
46089	8381	1	0	511.364	234.661	72.1432
46090	8381	3	1	319.364	273.661	72.5768
46091	8381	1	1	319.364	273.661	74.1613
46092	8381	2	0	489.364	237.661	74.6116
46093	8381	3	0	498.897	237.529	74.6284
46098	8381	1	0	498.897	237.529	77.4463
46099	8381	3	0	514.897	176.529	77.8633
46104	8381	1	0	514.897	176.529	85.851
46105	8381	2	0	476.897	172.529	86.4178
46106	8381	3	0	496.692	178.633	86.4512
46107	8381	1	0	496.692	178.633	88.3188
46108	8381	2	1	406.692	175.633	89.0025
46109	8381	3	1	387.353	181.431	89.0359
46138	8381	1	1	387.353	181.431	271.097
46139	8381	2	0	489.353	181.431	271.447
46140	8381	3	0	498.856	184.108	271.463
46147	8381	1	0	498.856	184.108	282.453
46148	8381	3	0	498.856	184.108	282.52
46151	8381	1	0	498.856	184.108	283.921
46152	8381	3	0	498.856	184.108	283.987
46153	8381	1	0	498.856	184.108	284.738
46154	8381	2	1	415.856	174.108	285.621
46155	8381	3	1	386.367	182.775	285.671
46156	8381	1	1	386.367	182.775	286.906
46157	8381	3	0	505.367	179.775	287.423
46173	8381	1	0	505.367	179.775	327.18
46174	8381	2	1	325.367	259.775	327.43
46175	8381	3	0	497.796	247.727	327.647
46178	8381	1	0	497.796	247.727	328.464
46179	8381	3	0	554.796	192.727	328.731
46182	8381	1	0	554.796	192.727	330.649
46183	8381	3	0	553.796	192.727	330.865
46186	8381	1	0	553.796	192.727	332.783
46187	8381	3	1	273.796	166.727	333.45
46188	8381	1	1	273.796	166.727	334.134
46189	8381	3	1	268.796	159.727	334.618
46196	8381	1	1	268.796	159.727	338.653
46197	8381	2	0	469.796	133.727	339.12
46198	8381	3	0	499.726	148.179	339.17
46201	8381	1	0	499.726	148.179	340.504
46202	8381	3	1	275.726	168.179	341.021
46203	8381	1	1	275.726	168.179	349.06
46204	8381	2	0	474.726	167.179	349.494
46205	8381	3	0	494.704	173.795	349.527
46037	8382	1	0	686.247	76.3493	9.6557
46038	8382	3	0	543.247	48.3493	10.2394
46067	8382	1	0	543.247	48.3493	56.4168
46068	8382	3	0	691.247	152.349	57.3004
46073	8382	1	0	691.247	152.349	60.0188
46074	8382	3	0	593.247	153.349	60.5025
46085	8382	1	0	593.247	153.349	70.5757
46086	8382	3	1	386.247	183.349	71.0259
46087	8382	1	1	386.247	183.349	71.4096
46088	8382	3	1	386.247	183.349	71.7262
46094	8382	1	1	386.247	183.349	74.9449
46095	8382	3	0	506.247	170.349	75.4786
46096	8382	1	0	506.247	170.349	76.5793
46097	8382	3	0	615.247	166.349	76.8961
46115	8382	1	0	615.247	166.349	92.9211
46116	8382	3	1	371.247	302.349	93.838
46117	8382	1	1	371.247	302.349	94.1884
46118	8382	3	0	525.247	231.349	94.539
46125	8382	1	0	525.247	231.349	150.69
46126	8382	3	1	345.247	247.349	151.49
46127	8382	1	1	345.247	247.349	151.941
46128	8382	3	1	319.247	271.349	152.641
46145	8382	1	1	319.247	271.349	274.432
46146	8382	3	0	612.247	310.349	275.6
46170	8382	1	0	612.247	310.349	325.763
46171	8382	2	1	372.247	290.349	326.113
46172	8382	3	0	497.548	270.097	326.279
46184	8382	1	0	497.548	270.097	331.116
46185	8382	3	0	504.548	228.097	332.483
46193	8382	1	0	504.548	228.097	337.369
46194	8382	2	1	413.548	236.097	337.919
46195	8382	3	0	495.292	237.241	338.036
46199	8382	1	0	495.292	237.241	339.554
46200	8382	3	0	551.292	233.241	340.204
46206	8382	1	0	551.292	233.241	349.844
46207	8382	3	1	248.292	155.241	350.46
46213	8382	1	1	248.292	155.241	452.118
46214	8382	3	1	248.292	155.241	454.653
46215	8382	1	1	248.292	155.241	457.955
46216	8382	3	0	570.292	251.241	460.389
46223	8382	1	0	570.292	251.241	463.724
46224	8382	3	1	387.292	248.241	465.725
46229	8382	1	1	387.292	248.241	476.798
46230	8382	3	0	529.292	34.2407	477.382
46283	8382	1	0	529.292	34.2407	835.079
46284	8382	2	1	413.292	27.2407	835.495
46285	8382	3	1	393.806	47.9748	835.529
46286	8382	1	1	393.806	47.9748	835.645
46287	8382	3	1	389.806	47.9748	835.745
46288	8382	1	1	389.806	47.9748	838.247
46289	8382	3	1	389.806	47.9748	839.448
46290	8382	1	1	389.806	47.9748	839.998
46291	8382	3	0	513.806	43.9747	840.765
46292	8382	1	0	513.806	43.9747	842.35
46293	8382	3	0	513.806	43.9747	843.35
46294	8382	1	0	513.806	43.9747	843.634
46295	8382	2	1	415.806	43.9747	844.268
46296	8382	3	1	396.093	63.0604	844.301
51332	8673	1	0	600.21	372.405	3.55212
51333	8673	3	0	612.21	355.405	3.78558
51344	8673	1	0	612.21	355.405	11.1062
51345	8673	3	0	612.21	355.405	11.323
51346	8673	1	0	612.21	355.405	12.1567
51347	8673	2	1	389.21	411.405	12.9238
51348	8673	3	1	370.861	393.47	12.9572
51351	8673	1	1	370.861	393.47	14.6581
51352	8673	2	0	488.861	405.47	15.1417
51353	8673	3	0	498.037	396.567	15.1583
51384	8673	1	0	498.037	396.567	76.3434
51385	8673	3	1	363.037	68.5672	78.0775
51435	8673	1	1	363.037	68.5672	274.478
51436	8673	3	1	139.037	18.5672	275.245
51437	8673	1	1	139.037	18.5672	275.562
51438	8673	3	1	155.037	29.5672	276.196
51468	8673	1	1	155.037	29.5672	600.766
51469	8673	3	1	123.037	12.5672	601.549
51330	8674	1	0	586.889	375.637	2.13471
51331	8674	3	0	542.889	427.637	2.68494
51349	8674	1	0	542.889	427.637	13.3574
51350	8674	3	0	596.889	409.637	13.524
51416	8674	1	0	596.889	409.637	175.601
51417	8674	3	0	551.889	240.637	176.652
51418	8674	1	0	551.889	240.637	240.258
51419	8674	3	1	259.889	56.6374	241.975
51420	8674	1	1	259.889	56.6374	249.179
51421	8674	3	1	33.8889	28.6374	250.864
51466	8674	1	1	33.8889	28.6374	598.43
51467	8674	3	1	28.8889	21.6374	598.697
51334	8675	1	0	710.681	411.425	4.18597
51335	8675	3	0	649.681	421.425	4.51935
51338	8675	1	0	649.681	421.425	5.40308
51339	8675	3	0	777.681	389.425	5.60339
51356	8675	1	0	777.681	389.425	17.6933
51357	8675	3	0	815.681	411.425	18.0769
51386	8675	1	0	815.681	411.425	89.3177
51387	8675	3	0	801.681	389.425	91.769
51424	8675	1	0	801.681	389.425	259.737
51425	8675	3	0	649.681	327.425	259.953
51431	8675	1	0	649.681	327.425	262.455
51432	8675	3	0	503.681	371.425	262.838
51494	8675	1	0	503.681	371.425	632.038
51495	8675	3	1	250.681	274.425	632.355
51496	8675	1	1	250.681	274.425	632.939
51497	8675	3	1	280.681	96.4246	636.358
51500	8675	1	1	280.681	96.4246	648.167
51501	8675	3	1	224.681	108.425	649.334
51502	8675	1	1	224.681	108.425	650.301
51503	8675	3	0	495.681	85.4246	650.735
51515	8675	1	0	495.681	85.4246	655.872
51516	8675	3	1	334.681	114.425	656.155
51519	8675	1	1	334.681	114.425	670.182
51520	8675	3	1	345.681	114.425	673.234
51523	8675	1	1	345.681	114.425	809.493
51524	8675	3	1	345.681	114.425	809.643
51542	8675	1	1	345.681	114.425	863.378
51543	8675	2	1	360.681	118.425	863.578
51544	8675	3	1	343.81	127.769	863.611
51336	8676	1	0	783.527	325.719	4.86963
51337	8676	3	0	794.527	227.719	5.03638
51426	8676	1	0	794.527	227.719	260.27
51427	8676	3	0	619.527	210.719	260.42
51433	8676	1	0	619.527	210.719	263.072
51434	8676	3	0	635.527	355.719	263.572
51498	8676	1	0	635.527	355.719	645.198
51499	8676	3	0	635.527	355.719	645.531
51504	8676	1	0	635.527	355.719	651.052
51505	8676	2	1	294.527	126.719	651.485
51506	8676	3	0	501.443	172.585	651.769
51507	8676	1	0	501.443	172.585	652.536
51508	8676	2	1	260.443	154.585	653.086
51509	8676	3	0	495.43	185.313	653.386
51512	8676	1	0	495.43	185.313	654.588
51513	8676	2	1	287.43	174.313	654.938
51514	8676	3	0	498.619	192.496	655.221
51525	8676	1	0	498.619	192.496	834.192
51526	8676	2	1	304.619	249.496	834.876
51527	8676	3	0	498.101	224.878	835.143
51530	8676	1	0	498.101	224.878	845.433
51531	8676	2	1	234.101	150.878	845.883
51532	8676	3	0	501.072	185.957	846.217
51539	8676	1	0	501.072	185.957	861.744
51540	8676	2	1	180.072	141.957	862.344
51541	8676	3	0	498.14	184.982	862.711
51551	8676	1	0	498.14	184.982	866.813
51552	8676	2	1	254.14	179.982	867.114
51553	8676	3	0	500.821	195.904	867.43
51554	8676	1	0	500.821	195.904	867.747
51555	8676	2	1	203.821	144.904	868.031
51556	8676	3	0	498.225	184.903	868.381
51557	8676	1	0	498.225	184.903	869.699
51558	8676	2	1	304.225	153.903	869.949
51559	8676	3	0	497.918	182.819	870.216
51368	8677	1	0	578.215	47.6426	35.8701
51369	8677	3	0	670.215	79.6426	37.1373
51372	8677	1	0	670.215	79.6426	38.9718
51373	8677	3	0	663.215	49.6426	39.2552
51374	8677	1	0	663.215	49.6426	40.3558
51375	8677	3	0	659.215	40.6426	40.556
51439	8677	1	0	659.215	40.6426	488.403
51440	8677	3	1	385.215	42.6426	488.753
51449	8677	1	1	385.215	42.6426	579.451
51450	8677	3	1	385.215	42.6426	579.568
51457	8677	1	1	385.215	42.6426	590.091
51458	8677	3	1	344.215	35.6426	590.342
51463	8677	1	1	344.215	35.6426	592.01
51464	8677	2	1	404.215	26.6426	592.46
51465	8677	3	1	385.298	46.9688	592.493
51470	8677	1	1	385.298	46.9688	606.12
51471	8677	3	1	222.298	13.9688	606.97
51545	8677	1	1	222.298	13.9688	864.012
51546	8677	3	1	207.298	8.96881	865.062
51370	8678	1	0	810.522	153.559	37.671
51371	8678	3	0	577.522	48.5593	38.705
51378	8678	1	0	577.522	48.5593	41.723
51379	8678	3	0	577.522	48.5593	41.9233
51388	8678	1	0	577.522	48.5593	92.8032
51389	8678	3	0	577.522	48.5593	93.2034
51404	8678	1	0	577.522	48.5593	124.587
51405	8678	3	1	300.522	16.5593	125.821
51406	8678	1	1	300.522	16.5593	128.073
51407	8678	3	0	532.522	37.5593	128.439
51447	8678	1	0	532.522	37.5593	578.05
51448	8678	3	1	323.522	103.559	578.85
51451	8678	1	1	323.522	103.559	581.285
51452	8678	3	0	515.522	8.55933	581.569
51478	8678	1	0	515.522	8.55933	619.329
51479	8678	3	0	566.522	13.5593	619.713
51480	8678	1	0	566.522	13.5593	622.915
51481	8678	2	1	412.522	32.5593	623.566
51482	8678	3	1	402.656	43.0234	623.582
51483	8678	1	1	402.656	43.0234	625.434
51484	8678	3	0	515.656	16.0234	625.634
51490	8678	1	0	515.656	16.0234	628.452
51491	8678	3	1	326.656	164.023	628.719
51492	8678	1	1	326.656	164.023	629.136
51493	8678	3	1	404.656	119.023	630.187
51510	8678	1	1	404.656	119.023	653.987
51511	8678	3	0	663.656	139.023	654.387
51517	8678	1	0	663.656	139.023	656.706
51518	8678	3	1	240.656	125.023	657.189
51521	8678	1	1	240.656	125.023	674.402
51522	8678	3	1	256.656	124.023	675.269
51528	8678	1	1	256.656	124.023	843.365
51529	8678	3	0	578.656	76.0234	843.782
51566	8678	1	0	578.656	76.0234	873.051
51567	8678	3	1	210.656	186.023	873.434
51364	8679	1	0	512.18	315.916	32.8018
51365	8679	3	0	517.18	247.916	33.9359
51366	8679	1	0	517.18	247.916	34.5026
51367	8679	3	0	576.18	121.916	35.4533
51376	8679	1	0	576.18	121.916	41.0394
51377	8679	3	0	576.18	113.916	41.423
51400	8679	1	0	576.18	113.916	111.947
51401	8679	3	0	499.18	137.916	115.099
51402	8679	1	0	499.18	137.916	120.568
51403	8679	3	1	305.18	88.9164	122.536
51408	8679	1	1	305.18	88.9164	129.206
51409	8679	3	0	539.18	95.9164	129.607
51441	8679	1	0	539.18	95.9164	570.728
51442	8679	3	1	403.18	139.916	571.629
51459	8679	1	1	403.18	139.916	590.725
51460	8679	3	1	403.18	139.916	590.942
51461	8679	1	1	403.18	139.916	591.426
51462	8679	3	1	400.18	119.916	591.676
51472	8679	1	1	400.18	119.916	609.722
51473	8679	3	1	291.18	20.9164	610.49
51536	8679	1	1	291.18	20.9164	860.393
51537	8679	2	0	491.18	12.9164	861.227
51538	8679	3	0	501.121	24.557	861.243
51560	8679	1	0	501.121	24.557	871.066
51561	8679	3	1	347.121	67.557	871.333
51328	8680	1	0	558.701	398.342	1.33441
51329	8680	3	0	546.701	240.342	1.80139
51340	8680	1	0	546.701	240.342	7.13708
51341	8680	3	0	566.701	242.342	7.45416
51354	8680	1	0	566.701	242.342	15.9423
51355	8680	3	0	667.701	318.342	16.9262
51358	8680	1	0	667.701	318.342	18.494
51359	8680	3	0	704.701	410.342	19.6611
51382	8680	1	0	704.701	410.342	55.4977
51383	8680	3	0	704.701	410.342	55.5812
51422	8680	1	0	704.701	410.342	258.169
51423	8680	3	0	836.701	47.3419	259.137
51428	8680	1	0	836.701	47.3419	261.071
51429	8680	2	0	849.701	434.342	262.021
51430	8680	3	0	840.607	423.787	262.038
51342	8681	1	0	694.242	223.436	8.75476
51343	8681	3	0	694.242	223.436	8.97168
51360	8681	1	0	694.242	223.436	30.384
51361	8681	3	0	497.242	181.436	31.4012
51362	8681	1	0	497.242	181.436	31.7014
51363	8681	3	0	501.242	171.436	31.9847
51380	8681	1	0	501.242	171.436	48.3271
51381	8681	3	0	507.242	174.436	49.5278
51390	8681	1	0	507.242	174.436	96.2883
51391	8681	3	1	365.242	172.436	96.9054
51394	8681	1	1	365.242	172.436	106.111
51395	8681	3	1	323.242	163.436	106.411
51398	8681	1	1	323.242	163.436	108.245
51399	8681	3	1	339.242	161.436	109.879
51443	8681	1	1	339.242	161.436	575.598
51444	8681	3	0	543.242	106.436	576.032
51445	8681	1	0	543.242	106.436	577.249
51446	8681	3	0	543.242	106.436	577.533
51455	8681	1	0	543.242	106.436	586.389
51456	8681	3	1	276.242	100.436	587.073
51474	8681	1	1	276.242	100.436	610.84
51475	8681	3	1	355.242	28.436	615.577
51476	8681	1	1	355.242	28.436	616.994
51477	8681	3	1	355.242	20.436	617.345
51547	8681	1	1	355.242	20.436	865.613
51548	8681	3	1	355.242	20.436	865.729
51392	8682	1	0	566.544	174.299	104.743
51393	8682	3	1	389.544	211.299	105.66
51396	8682	1	1	389.544	211.299	106.845
51397	8682	3	1	393.544	161.299	107.662
51410	8682	1	1	393.544	161.299	130.09
51411	8682	3	1	401.544	163.299	130.207
51412	8682	1	1	401.544	163.299	130.424
51413	8682	3	0	515.544	163.299	131.091
51414	8682	1	0	515.544	163.299	131.575
51415	8682	3	0	515.544	163.299	131.641
51453	8682	1	0	515.544	163.299	582.569
51454	8682	3	0	566.544	182.299	584.371
51485	8682	1	0	566.544	182.299	626.234
51486	8682	3	0	567.544	185.299	626.351
51487	8682	1	0	567.544	185.299	626.468
51488	8682	2	1	413.544	36.2993	627.235
51489	8682	3	1	403.743	46.735	627.252
51533	8682	1	1	403.743	46.735	856.89
51534	8682	2	1	449.743	37.735	858.141
51535	8682	3	1	406.757	76.0879	858.208
51549	8682	1	1	406.757	76.0879	866.08
51550	8682	3	0	562.757	51.0879	866.58
51562	8682	1	0	562.757	51.0879	871.833
51563	8682	3	0	535.757	53.0879	872.05
51564	8682	1	0	535.757	53.0879	872.367
51565	8682	3	1	406.757	52.0879	872.617
54867	8923	1	0	532.079	234.711	18.6774
54868	8923	2	0	489.079	39.7111	19.5963
54869	8923	3	0	497.184	48.0283	19.611
54876	8923	1	0	497.184	48.0283	21.5786
54877	8923	3	0	504.184	23.0283	21.7953
54902	8923	1	0	504.184	23.0283	141.294
54903	8923	3	0	504.184	23.0283	142.595
54913	8923	1	0	504.184	23.0283	181.2
54914	8923	3	1	207.184	43.0283	181.9
54918	8923	1	1	207.184	43.0283	184.552
54919	8923	3	1	235.184	22.0283	187.036
54926	8923	1	1	235.184	22.0283	196.692
54927	8923	2	1	431.184	27.0283	200.928
54928	8923	3	1	370.499	80.4553	201.028
54931	8923	1	1	370.499	80.4553	232.18
54932	8923	2	1	384.499	170.455	232.53
54933	8923	3	1	375.368	173.369	232.547
54981	8923	1	1	375.368	173.369	837.29
54982	8923	3	0	511.368	295.369	837.641
54882	8924	1	0	778.079	340.822	28.6331
54883	8924	3	0	719.079	440.822	30.0667
54859	8925	1	0	823.355	136.626	12.2737
54860	8925	3	0	732.355	20.6255	13.1909
54861	8925	1	0	732.355	20.6255	13.5411
54862	8925	3	0	732.355	10.6256	13.7913
54891	8925	1	0	732.355	10.6256	65.9365
54892	8925	3	0	739.355	12.6256	67.2368
54947	8925	1	0	739.355	12.6256	605.801
54948	8925	2	1	77.3546	8.62555	607.152
54949	8925	3	0	498.538	169.389	607.536
54950	8925	1	0	498.538	169.389	608.22
54951	8925	2	1	85.5375	-0.610474	609.104
54952	8925	3	0	501.126	166.583	609.487
54953	8925	1	0	501.126	166.583	610.354
54954	8925	3	0	737.126	33.5836	610.955
54855	8926	1	0	586.266	15.4932	9.93933
54856	8926	3	0	803.266	12.4932	10.9064
54893	8926	1	0	803.266	12.4932	70.172
54894	8926	3	0	803.266	12.4932	70.2721
54895	8926	1	0	803.266	12.4932	70.5222
54896	8926	1	0	804.266	57.4932	70.8724
54897	8926	3	0	804.266	57.4932	70.8724
54898	8926	1	0	804.266	57.4932	74.2411
54899	8926	3	0	803.266	40.4932	75.6417
54900	8926	1	0	803.266	40.4932	78.6433
54901	8926	3	0	803.266	12.4932	80.1938
54847	8927	1	0	554.291	369.885	2.43469
54848	8927	3	0	518.291	464.885	2.85156
54851	8927	1	0	518.291	464.885	6.30377
54852	8927	3	0	674.291	443.885	6.65375
54865	8927	1	0	674.291	443.885	16.6761
54866	8927	3	0	576.291	38.8851	17.7432
54870	8927	1	0	576.291	38.8851	20.0945
54871	8927	3	0	576.291	38.8851	20.1611
54874	8927	1	0	576.291	38.8851	20.9949
54875	8927	3	0	603.291	38.8851	21.2618
54940	8927	1	0	603.291	38.8851	591.942
54941	8927	3	1	116.291	197.885	592.442
54942	8927	1	1	116.291	197.885	592.959
54943	8927	3	1	153.291	10.8851	594.41
54976	8927	1	1	153.291	10.8851	832.054
54977	8927	3	0	510.291	14.8851	835.556
54988	8927	1	0	510.291	14.8851	851.483
54989	8927	3	0	510.291	14.8851	851.916
54990	8927	1	0	510.291	14.8851	854.251
54991	8927	3	1	147.291	45.8851	855.018
54863	8928	1	0	757.825	453.306	14.6752
54864	8928	3	0	633.825	37.3063	15.9091
54872	8928	1	0	633.825	37.3063	20.478
54873	8928	3	0	675.825	37.3063	20.6446
54944	8928	1	0	675.825	37.3063	603.383
54945	8928	2	1	99.8249	4.30627	604.5
54946	8928	3	0	498.658	166.91	604.867
54955	8928	1	0	498.658	166.91	611.805
54956	8928	3	0	618.658	59.9101	612.239
54957	8928	1	0	618.658	59.9101	612.79
54958	8928	3	0	683.658	20.9101	613.073
54964	8928	1	0	683.658	20.9101	617.71
54965	8928	2	1	75.6581	9.91013	618.327
54966	8928	3	0	500.684	172.484	618.71
54967	8928	1	0	500.684	172.484	619.278
54968	8928	3	0	662.684	18.4841	620.829
54969	8928	1	0	662.684	18.4841	621.546
54970	8928	3	0	662.684	18.4841	621.846
54845	8929	1	0	586.453	395.272	1.83447
54846	8929	3	0	638.453	295.272	2.03436
54880	8929	1	0	638.453	295.272	25.7481
54881	8929	3	0	605.453	425.272	27.5993
54938	8929	1	0	605.453	425.272	578.299
54939	8929	3	1	216.453	23.2718	579.516
54857	8930	1	0	677.684	52.0762	11.29
54858	8930	3	0	520.684	151.076	11.5402
54884	8930	1	0	520.684	151.076	31.7677
54885	8930	2	0	492.684	218.076	32.7684
54886	8930	3	0	501.079	217.969	32.7851
54908	8930	1	0	501.079	217.969	150.949
54909	8930	3	0	501.079	217.969	158.636
54910	8930	1	0	501.079	217.969	162.122
54911	8930	2	0	458.079	192.969	163.423
54912	8930	3	0	495.601	197.225	163.489
54920	8930	1	0	495.601	197.225	188.121
54921	8930	2	0	492.601	185.225	188.888
54922	8930	3	0	501.012	186.763	188.905
54923	8930	1	0	501.012	186.763	193.19
54924	8930	2	0	487.012	90.7634	194.541
54925	8930	3	0	495.688	97.0229	194.557
54929	8930	1	0	495.688	97.0229	208.966
54930	8930	3	1	223.688	54.0229	210.984
54934	8930	1	1	223.688	54.0229	232.964
54935	8930	3	1	248.688	169.023	234.281
54971	8930	1	1	248.688	169.023	826.183
54972	8930	3	1	214.688	142.023	828.802
54889	8931	1	0	777.18	188.763	34.536
54890	8931	3	0	746.18	188.763	34.9697
54904	8931	1	0	746.18	188.763	145.112
54905	8931	3	1	315.18	9.76294	145.813
54906	8931	1	1	315.18	9.76294	147.047
54907	8931	3	1	315.18	9.76294	149.014
54915	8931	1	1	315.18	9.76294	182.317
54916	8931	2	1	332.18	3.76294	184.052
54917	8931	3	1	324.513	13.8688	184.068
54849	8932	1	0	509.388	204.485	3.95233
54850	8932	3	0	509.388	350.485	4.48584
54878	8932	1	0	509.388	350.485	23.3131
54879	8932	3	0	494.388	425.485	25.2644
54936	8932	1	0	494.388	425.485	325.388
54937	8932	3	0	494.388	425.485	325.521
54973	8932	1	0	494.388	425.485	829.469
54974	8932	2	1	316.388	257.485	829.936
54975	8932	3	0	501.167	235.17	830.186
54978	8932	1	0	501.167	235.17	835.99
54979	8932	2	1	38.1674	35.1702	836.49
54980	8932	3	0	496.627	168.334	836.924
54983	8932	1	0	496.627	168.334	837.907
54984	8932	2	1	365.627	121.334	838.258
54985	8932	3	1	348.443	130.563	838.291
54986	8932	1	1	348.443	130.563	838.791
54987	8932	3	1	348.443	162.563	839.158
54887	8933	1	0	663.614	164.27	33.1854
54888	8933	3	0	612.614	205.27	34.2192
54853	8934	1	0	510.905	155.913	7.68774
54854	8934	3	0	871.905	11.9133	8.80499
54959	8934	1	0	871.905	11.9133	614.024
54960	8934	2	1	80.9046	3.91327	615.325
54961	8934	3	0	500.328	168.703	615.708
54962	8934	1	0	500.328	168.703	616.426
54963	8934	3	0	871.328	26.7031	617.293
57700	9135	1	0	852.519	338.154	24.347
57701	9135	3	0	685.519	407.154	24.9475
57704	9135	1	0	685.519	407.154	26.2481
57705	9135	3	0	685.519	398.154	26.5649
57764	9135	1	0	685.519	398.154	249.463
57765	9135	3	1	333.519	31.1535	251.13
57672	9136	1	0	683.822	221.171	10.3563
57673	9136	3	0	636.822	172.171	10.5731
57674	9136	1	0	636.822	172.171	12.5909
57675	9136	3	0	750.822	86.1706	13.0743
57684	9136	1	0	750.822	86.1706	16.4593
57685	9136	2	0	843.822	147.171	16.6594
57686	9136	3	0	799.979	160.38	16.7427
57724	9136	1	0	799.979	160.38	47.4601
57725	9136	3	0	754.979	110.381	47.6936
57729	9136	1	0	754.979	110.381	48.6608
57730	9136	2	0	592.979	-28.6195	49.0111
57731	9136	3	0	603.555	14.736	49.0776
57732	9136	1	0	603.555	14.736	49.261
57733	9136	3	0	603.555	14.736	49.4111
57740	9136	1	0	603.555	14.736	128.991
57741	9136	3	0	602.555	13.736	130.042
57744	9136	1	0	602.555	13.736	132.844
57745	9136	3	0	792.555	16.736	133.461
57789	9136	1	0	792.555	16.736	429.755
57790	9136	3	0	792.555	16.736	429.922
57682	9137	1	0	706.001	339.694	15.8923
57683	9137	3	0	700.001	247.694	16.1091
57687	9137	1	0	700.001	247.694	17.1097
57688	9137	3	0	699.001	112.694	17.3431
57722	9137	1	0	699.001	112.694	46.5095
57723	9137	3	0	793.001	7.69418	47.1432
57736	9137	1	0	793.001	7.69418	71.7894
57737	9137	3	0	793.001	7.69418	71.8893
57738	9137	1	0	793.001	7.69418	77.3595
57739	9137	3	0	803.001	7.69418	79.5445
57742	9137	1	0	803.001	7.69418	130.376
57743	9137	3	1	343.001	13.6942	131.993
57756	9137	1	1	343.001	13.6942	240.524
57757	9137	2	0	547.001	-23.3058	240.691
57758	9137	3	0	562.55	10.1578	240.741
57793	9137	1	0	562.55	10.1578	507.491
57794	9137	3	0	587.55	10.1578	507.857
57658	9138	1	0	634.685	240.373	5.06988
57659	9138	2	0	486.685	230.373	5.30341
57660	9138	3	0	496.818	231.083	5.32007
57661	9138	1	0	496.818	231.083	5.77039
57662	9138	2	0	485.818	31.0834	6.03711
57663	9138	3	0	506.375	52.6694	6.0708
57696	9138	1	0	506.375	52.6694	22.4295
57697	9138	3	0	591.375	424.669	23.2964
57702	9138	1	0	591.375	424.669	25.3977
57703	9138	3	0	589.375	400.669	25.5477
57762	9138	1	0	589.375	400.669	243.109
57763	9138	3	1	398.375	32.6694	244.26
57668	9139	1	0	743.058	353.04	8.43848
57669	9139	3	0	584.058	349.04	9.12219
57670	9139	1	0	584.058	349.04	9.40582
57671	9139	3	0	608.058	351.04	9.68939
57698	9139	1	0	608.058	351.04	23.4965
57699	9139	3	0	609.058	277.04	23.7467
57708	9139	1	0	609.058	277.04	38.5384
57709	9139	3	0	724.058	294.04	38.7552
57712	9139	1	0	724.058	294.04	39.9723
57713	9139	3	0	675.058	325.04	40.3558
57716	9139	1	0	675.058	325.04	41.373
57717	9139	3	0	866.058	382.04	42.3738
57768	9139	1	0	866.058	382.04	317.605
57769	9139	3	1	293.058	122.04	319.405
57770	9139	1	1	293.058	122.04	334.832
57771	9139	3	0	722.058	52.0403	335.483
57774	9139	1	0	722.058	52.0403	344.323
57775	9139	3	0	498.058	212.04	347.324
57778	9139	1	0	498.058	212.04	358.298
57779	9139	2	1	401.058	209.04	359.332
57780	9139	3	1	391.462	210.379	359.348
57654	9140	1	0	515.185	382.203	3.26874
57655	9140	3	0	515.185	420.203	3.48535
57689	9140	1	0	515.185	420.203	17.8101
57690	9140	3	0	615.185	22.2028	18.277
57726	9140	1	0	615.185	22.2028	47.9604
57727	9140	2	0	490.185	34.2028	48.2441
57728	9140	3	0	498.929	43.5192	48.2608
57734	9140	1	0	498.929	43.5192	50.2277
57735	9140	3	0	498.929	29.5192	50.5129
57746	9140	1	0	498.929	29.5192	134.445
57747	9140	2	0	502.929	-9.48077	134.712
57748	9140	3	0	518.73	12.9463	134.745
57749	9140	1	0	518.73	12.9463	134.962
57750	9140	3	1	266.73	32.9463	135.779
57754	9140	1	1	266.73	32.9463	233.503
57755	9140	3	1	228.73	74.9463	235.488
57759	9140	1	1	228.73	74.9463	241.575
57760	9140	2	0	440.73	34.9463	242.309
57761	9140	3	0	500.065	84.0088	242.409
57787	9140	1	0	500.065	84.0088	428.654
57788	9140	3	0	706.065	91.0088	429.105
57691	9141	1	0	588.59	16.3557	19.311
57692	9141	2	0	484.59	422.356	19.8278
57693	9141	3	0	494.737	413.245	19.8445
57706	9141	1	0	494.737	413.245	36.6539
57707	9141	3	0	870.737	460.245	37.3544
57791	9141	1	0	870.737	460.245	430.672
57792	9141	3	1	307.737	141.245	433.741
57666	9142	1	0	706.522	320.427	7.38794
57667	9142	3	0	557.522	268.427	7.63806
57710	9142	1	0	557.522	268.427	39.122
57711	9142	3	0	605.522	328.427	39.4221
57714	9142	1	0	605.522	328.427	40.6558
57715	9142	3	0	574.522	311.427	40.906
57772	9142	1	0	574.522	311.427	342.038
57773	9142	3	0	544.522	291.427	343.205
57776	9142	1	0	544.522	291.427	347.875
57777	9142	3	0	513.522	279.427	350.093
57781	9142	1	0	513.522	279.427	359.699
57782	9142	3	0	513.522	279.427	359.832
57783	9142	1	0	513.522	279.427	360.099
57784	9142	3	1	321.522	208.427	360.867
57785	9142	1	1	321.522	208.427	361.266
57786	9142	3	1	321.522	208.427	361.533
57656	9143	1	0	619.301	207.28	4.1026
57657	9143	3	0	506.301	343.28	4.56952
57676	9143	1	0	506.301	343.28	13.6081
57677	9143	3	0	629.301	145.28	13.9581
57678	9143	1	0	629.301	145.28	14.525
57679	9143	3	0	670.301	412.28	14.9752
57680	9143	1	0	670.301	412.28	15.442
57681	9143	3	0	670.301	412.28	15.5087
57694	9143	1	0	670.301	412.28	21.6457
57695	9143	3	0	736.301	160.28	21.8958
57720	9143	1	0	736.301	160.28	44.8253
57721	9143	3	0	558.301	127.28	45.4257
57795	9143	1	0	558.301	127.28	509.625
57796	9143	3	0	587.301	127.28	510.025
57797	9143	1	0	587.301	127.28	668.563
57798	9143	3	1	187.301	43.2802	669.114
57799	9143	1	1	187.301	43.2802	669.814
57800	9143	3	1	214.301	22.2801	670.364
57664	9144	1	0	723.177	191.221	6.53754
57665	9144	3	0	522.177	143.221	6.82098
57718	9144	1	0	522.177	143.221	43.0909
57719	9144	3	0	587.177	227.221	43.8748
57751	9144	1	0	587.177	227.221	231.419
57752	9144	2	1	366.177	160.221	232.436
57753	9144	3	0	498.653	189.774	232.619
57766	9144	1	0	498.653	189.774	260.553
57767	9144	3	1	367.653	112.774	261.204
60676	9373	1	0	834.048	417.383	28.7333
60677	9373	3	0	504.048	62.3831	29.6171
60690	9373	1	0	504.048	62.3831	257.638
60691	9373	2	1	373.048	14.3831	259.288
60692	9373	3	1	364.246	24.8467	259.305
60653	9374	1	0	785.236	481.814	13.3909
60654	9374	3	0	498.236	461.814	14.2414
60711	9374	1	0	498.236	461.814	618.33
60712	9374	3	1	290.236	293.814	618.831
60715	9374	1	1	290.236	293.814	620.815
60716	9374	3	1	352.236	234.814	621.749
60721	9374	1	1	352.236	234.814	630.472
60722	9374	3	1	381.236	209.814	631.473
60647	9375	1	0	752.967	192.396	7.77094
60648	9375	3	0	709.967	135.396	8.07117
60659	9375	1	0	709.967	135.396	18.4103
60660	9375	2	0	490.967	365.396	19.6778
60661	9375	3	0	500.635	359.107	19.6945
60703	9375	1	0	500.635	359.107	566.462
60704	9375	3	1	376.635	251.107	567.312
60705	9375	1	1	376.635	251.107	569.114
60706	9375	3	0	518.635	303.107	571.482
60727	9375	1	0	518.635	303.107	677.956
60728	9375	3	1	392.635	272.107	679.957
60729	9375	1	1	392.635	272.107	685.444
60730	9375	3	1	394.635	273.107	687.362
60639	9376	1	0	528.807	174.382	3.2019
60640	9376	3	0	528.807	283.382	3.43543
60641	9376	1	0	528.807	283.382	3.7688
60642	9376	3	0	787.807	247.382	4.10229
60682	9376	1	0	787.807	247.382	32.9523
60683	9376	3	0	793.807	385.382	33.8862
60684	9376	1	0	793.807	385.382	34.4531
60685	9376	3	0	793.807	385.382	34.5699
60678	9377	1	0	554.947	112.17	30.1007
60679	9377	3	0	601.947	92.1702	30.9847
60686	9377	1	0	601.947	92.1702	43.8254
60687	9377	3	0	610.947	57.1702	47.6108
60693	9377	1	0	610.947	57.1702	367.254
60694	9377	3	0	592.947	39.1702	367.487
60695	9377	1	0	592.947	39.1702	367.771
60696	9377	3	1	257.947	23.1702	369.605
60632	9378	1	0	509.136	130.407	1.0672
60633	9378	2	0	511.136	439.407	1.61761
60634	9378	3	0	532.594	406.798	1.6676
60637	9378	1	0	532.594	406.798	2.55139
60638	9378	3	0	644.594	405.798	2.7348
60680	9378	1	0	644.594	405.798	31.4683
60681	9378	3	0	726.594	86.7984	32.252
60709	9378	1	0	726.594	86.7984	616.062
60710	9378	3	0	697.594	63.7984	617.029
60643	9379	1	0	618.205	91.7333	5.05304
60644	9379	3	0	545.205	25.7333	5.31976
60666	9379	1	0	545.205	25.7333	22.613
60667	9379	3	0	673.205	353.733	23.2632
60699	9379	1	0	673.205	353.733	522.264
60700	9379	3	1	317.205	84.7333	522.965
60701	9379	1	1	317.205	84.7333	523.665
60702	9379	3	1	352.205	124.733	527.284
60664	9380	1	0	796.544	45.946	21.3957
60665	9380	3	0	766.544	61.946	21.8459
60670	9380	1	0	766.544	61.946	25.9987
60671	9380	3	0	617.544	192.946	26.4655
60672	9380	1	0	617.544	192.946	26.899
60673	9380	3	0	605.544	222.946	27.0991
60707	9380	1	0	605.544	222.946	596.465
60708	9380	3	0	605.544	222.946	597.349
60736	9380	1	0	605.544	222.946	695.201
60737	9380	3	1	242.544	262.946	697.403
60651	9381	1	0	851.756	143.546	10.7894
60652	9381	3	0	864.756	135.546	11.0562
60655	9381	1	0	864.756	135.546	15.1419
60656	9381	3	0	567.756	459.546	16.1593
60713	9381	1	0	567.756	459.546	619.514
60714	9381	3	1	405.756	241.546	620.165
60717	9381	1	1	405.756	241.546	624.418
60718	9381	3	1	404.756	234.546	626.519
60719	9381	1	1	404.756	234.546	627.47
60720	9381	3	0	504.756	161.546	629.322
60723	9381	1	0	504.756	161.546	675.821
60724	9381	3	1	324.756	199.546	676.772
60725	9381	1	1	324.756	199.546	677.138
60726	9381	3	1	327.756	207.546	677.389
60635	9382	1	0	633.58	441.459	2.01788
60636	9382	3	0	739.58	364.459	2.23462
60657	9382	1	0	739.58	364.459	17.3597
60658	9382	3	0	565.58	292.459	17.7767
60662	9382	1	0	565.58	292.459	20.2281
60663	9382	3	0	577.58	335.459	20.545
60697	9382	1	0	577.58	335.459	383.163
60698	9382	3	1	273.579	126.459	385.314
60649	9383	1	0	738.945	217.31	9.27173
60650	9383	3	0	780.945	127.31	10.389
60668	9383	1	0	780.945	127.31	24.4312
60669	9383	3	0	524.945	226.31	25.4649
60731	9383	1	0	524.945	226.31	688.38
60732	9383	2	1	409.945	254.31	691.549
60733	9383	3	1	381.042	251.393	691.599
60734	9383	1	1	381.042	251.393	692.416
60735	9383	3	1	318.042	268.393	694.451
60645	9384	1	0	664.31	94.175	5.73669
60646	9384	3	0	651.31	32.175	5.96991
60674	9384	1	0	651.31	32.175	27.5662
60675	9384	3	0	681.31	229.175	28.1331
60688	9384	1	0	681.31	229.175	254.486
60689	9384	3	0	693.31	225.175	255.003
60738	9384	1	0	693.31	225.175	698.337
60739	9384	2	1	367.31	348.175	699.621
60740	9384	3	0	499.697	296.99	699.804
60741	9384	1	0	499.697	296.99	700.572
60742	9384	3	0	510.697	261.99	700.822
