47510	8463	1	0	668.473	395.995	28.7476
47511	8463	3	0	687.473	395.995	29.1311
47524	8463	1	0	687.473	395.995	157.954
47525	8463	2	1	49.4733	339.995	158.721
47526	8463	3	0	494.34	243.386	159.155
47527	8463	1	0	494.34	243.386	159.572
47528	8463	3	0	745.34	347.386	159.888
47571	8463	1	0	745.34	347.386	315.133
47572	8463	2	0	884.34	297.386	317.051
47573	8463	3	0	806.529	267.552	317.184
47644	8463	1	0	806.529	267.552	651.115
47645	8463	3	0	744.529	236.552	652.466
47500	8464	1	0	516.547	255.807	22.3444
47501	8464	3	0	657.547	65.8071	24.1952
47516	8464	1	0	657.547	65.8071	137.113
47517	8464	3	1	305.547	90.8071	137.698
47594	8464	1	1	305.547	90.8071	522.174
47595	8464	3	1	351.547	99.8071	523.624
47596	8464	1	1	351.547	99.8071	524.892
47597	8464	3	0	507.547	93.8071	526.777
47605	8464	1	0	507.547	93.8071	598.06
47606	8464	2	1	235.547	79.8071	598.461
47607	8464	3	0	500.475	170.557	598.761
47610	8464	1	0	500.475	170.557	599.878
47611	8464	3	1	274.475	150.557	600.212
47616	8464	1	1	274.475	150.557	605.416
47617	8464	3	0	726.475	98.5567	605.849
47618	8464	1	0	726.475	98.5567	622.294
47619	8464	3	1	325.475	91.5567	623.128
47624	8464	1	1	325.475	91.5567	631.885
47625	8464	3	1	341.475	380.557	632.435
47646	8464	1	1	341.475	380.557	869.273
47647	8464	3	0	691.475	431.557	869.723
47658	8464	1	0	691.475	431.557	880.664
47659	8464	3	1	282.475	305.557	881.131
47476	8465	1	0	634.847	206.088	6.51941
47477	8465	3	0	690.847	216.088	6.86963
47486	8465	1	0	690.847	216.088	13.0562
47487	8465	3	0	739.847	228.088	13.3397
47506	8465	1	0	739.847	228.088	25.7127
47507	8465	3	0	769.847	230.088	25.9961
47514	8465	1	0	769.847	230.088	118.771
47515	8465	3	1	319.847	245.088	119.354
47541	8465	1	1	319.847	245.088	239.764
47542	8465	3	0	747.847	105.088	240.297
47545	8465	1	0	747.847	105.088	242.665
47546	8465	3	0	661.847	123.088	243.132
47559	8465	1	0	661.847	123.088	297.558
47560	8465	3	1	94.8472	240.088	298.559
47561	8465	1	1	94.8472	240.088	301.06
47562	8465	3	1	97.8472	319.088	301.76
47584	8465	1	1	97.8472	319.088	454.202
47585	8465	3	1	296.847	372.088	456.97
47620	8465	1	1	296.847	372.088	627.381
47621	8465	3	1	281.847	331.088	629.533
47622	8465	1	1	281.847	331.088	630.633
47623	8465	3	0	676.847	288.088	631.334
47630	8465	1	0	676.847	288.088	643.209
47631	8465	3	0	628.847	264.088	644.06
47654	8465	1	0	628.847	264.088	876.812
47655	8465	3	0	625.847	329.088	877.045
47662	8465	1	0	625.847	329.088	891.238
47663	8465	3	1	184.847	170.088	891.789
47470	8466	1	0	594.828	387.64	3.9184
47471	8466	3	0	576.828	325.64	4.302
47490	8466	1	0	576.828	325.64	14.2404
47491	8466	3	0	583.828	313.64	14.9741
47494	8466	1	0	583.828	313.64	15.9913
47495	8466	3	0	567.828	334.64	16.4417
47496	8466	1	0	567.828	334.64	20.944
47497	8466	3	0	571.828	264.64	21.4441
47498	8466	1	0	571.828	264.64	21.6775
47499	8466	3	0	562.828	181.64	21.9109
47502	8466	1	0	562.828	181.64	24.4954
47503	8466	3	0	512.828	229.64	24.8455
47518	8466	1	0	512.828	229.64	154.102
47519	8466	2	1	217.828	237.64	155.253
47520	8466	3	0	495.165	225.721	155.57
47521	8466	1	0	495.165	225.721	156.103
47522	8466	2	1	103.165	224.721	156.553
47523	8466	3	0	499.708	220.318	156.953
47535	8466	1	0	499.708	220.318	166.309
47536	8466	3	0	534.708	243.318	168.643
47539	8466	1	0	534.708	243.318	234.361
47540	8466	3	0	502.708	252.318	236.295
47543	8466	1	0	502.708	252.318	240.764
47544	8466	3	1	207.708	253.318	241.181
47555	8466	1	1	207.708	253.318	283.801
47556	8466	3	0	521.708	305.319	284.452
47557	8466	1	0	521.708	305.319	291.039
47558	8466	3	1	308.708	307.319	291.439
47582	8466	1	1	308.708	307.319	453.418
47583	8466	3	1	66.7082	379.319	453.785
47472	8467	1	0	701.733	203.613	4.75214
47473	8467	3	0	781.733	79.6131	5.15216
47529	8467	1	0	781.733	79.6131	160.505
47530	8467	2	1	-4.2666	125.613	160.989
47531	8467	3	0	494.63	186.549	161.456
47532	8467	1	0	494.63	186.549	161.823
47533	8467	2	0	951.63	84.5489	162.123
47534	8467	3	0	804.843	143.448	162.34
47551	8467	1	0	804.843	143.448	279.566
47552	8467	3	0	787.843	139.448	279.916
47578	8467	1	0	787.843	139.448	321.569
47579	8467	3	0	754.843	99.4476	322.67
47638	8467	1	0	754.843	99.4476	648.996
47639	8467	3	0	754.843	99.4476	649.08
47640	8467	1	0	754.843	99.4476	649.146
47641	8467	3	0	564.843	63.4477	649.347
47642	8467	1	0	564.843	63.4477	649.73
47643	8467	3	0	690.843	68.4476	650.664
47660	8467	1	0	690.843	68.4476	883.866
47661	8467	3	0	784.843	91.4476	884.167
47468	8468	1	0	627.06	372.088	2.96783
47469	8468	3	0	843.06	359.088	3.46808
47482	8468	1	0	843.06	359.088	10.9716
47483	8468	3	0	844.06	392.088	11.4219
47512	8468	1	0	844.06	392.088	117.72
47513	8468	3	1	336.06	385.088	118.237
47553	8468	1	1	336.06	385.088	282.601
47554	8468	3	0	571.06	240.088	283.034
47567	8468	1	0	571.06	240.088	311.382
47568	8468	3	0	496.06	221.088	312.682
47590	8468	1	0	496.06	221.088	485.298
47591	8468	3	0	533.06	229.088	487.199
47600	8468	1	0	533.06	229.088	592.824
47601	8468	3	1	349.06	240.088	594.125
47608	8468	1	1	349.06	240.088	599.211
47609	8468	3	0	607.06	274.088	599.445
47612	8468	1	0	607.06	274.088	601.013
47613	8468	3	0	535.06	322.088	601.329
47626	8468	1	0	535.06	322.088	641.007
47627	8468	3	1	245.061	273.088	641.508
47650	8468	1	1	245.061	273.088	871.074
47651	8468	3	0	529.06	243.088	872.409
47652	8468	1	0	529.06	243.088	873.06
47653	8468	3	0	507.06	238.088	873.776
47478	8469	1	0	538.744	182.242	7.15283
47479	8469	3	0	588.744	167.242	7.70306
47488	8469	1	0	588.744	167.242	13.6899
47489	8469	3	0	638.744	171.242	13.9067
47504	8469	1	0	638.744	171.242	25.1623
47505	8469	3	0	645.744	232.242	25.4123
47569	8469	1	0	645.744	232.242	313.082
47570	8469	3	0	630.744	220.242	314.8
47614	8469	1	0	630.744	220.242	603.314
47615	8469	3	0	584.744	215.242	604.765
47628	8469	1	0	584.744	215.242	642.425
47629	8469	3	0	635.744	141.242	642.742
47492	8470	1	0	544.649	422.344	15.3578
47493	8470	3	0	523.649	440.344	15.6413
47537	8470	1	0	523.649	440.344	223.938
47538	8470	3	0	502.65	441.344	225.639
47634	8470	1	0	502.65	441.344	646.328
47635	8470	3	0	497.65	441.344	646.595
47474	8471	1	0	562.147	185.628	5.58569
47475	8471	3	0	561.147	96.6278	6.03583
47480	8471	1	0	561.147	96.6278	8.3703
47481	8471	3	0	553.147	56.6278	8.67041
47547	8471	1	0	553.147	56.6278	244.949
47548	8471	3	1	350.147	187.628	245.6
47549	8471	1	1	350.147	187.628	246.184
47550	8471	3	1	193.147	116.628	247.417
47563	8471	1	1	193.147	116.628	302.41
47564	8471	3	1	210.147	150.628	302.744
47565	8471	1	1	210.147	150.628	308.03
47566	8471	3	0	562.147	78.6278	308.764
47580	8471	1	0	562.147	78.6278	323.554
47581	8471	3	1	158.147	145.628	325.221
47586	8471	1	1	158.147	145.628	461.222
47587	8471	3	1	93.1467	223.628	461.755
47588	8471	1	1	93.1467	223.628	484.231
47589	8471	3	0	576.147	104.628	484.864
47592	8471	1	0	576.147	104.628	487.649
47593	8471	3	0	590.147	94.6278	489.384
47598	8471	1	0	590.147	94.6278	531.763
47599	8471	3	0	642.147	104.628	532.114
47602	8471	1	0	642.147	104.628	596.776
47603	8471	2	1	179.147	108.628	597.243
47604	8471	3	0	500.343	189.753	597.577
47636	8471	1	0	500.343	189.753	647.062
47637	8471	3	0	585.343	150.753	648.479
47656	8471	1	0	585.343	150.753	877.512
47657	8471	3	1	371.343	119.753	878.162
47484	8472	1	0	810.759	251.491	12.1056
47485	8472	3	0	830.759	266.491	12.4393
47508	8472	1	0	830.759	266.491	26.5464
47509	8472	3	0	599.759	426.491	28.4806
47574	8472	1	0	599.759	426.491	317.851
47575	8472	3	1	118.759	227.491	319.118
47576	8472	1	1	118.759	227.491	319.585
47577	8472	3	0	600.759	402.491	321.019
47632	8472	1	0	600.759	402.491	644.493
47633	8472	3	0	631.759	329.491	645.744
47648	8472	1	0	631.759	329.491	870.174
47649	8472	3	0	560.759	336.491	870.391
48959	8543	1	0	789.861	259.493	7.45429
48960	8543	3	0	799.861	268.493	7.63782
48976	8543	1	0	799.861	268.493	21.7778
48977	8543	3	0	648.861	436.493	22.7781
48988	8543	1	0	648.861	436.493	32.5833
48989	8543	3	0	648.861	436.493	32.8667
48990	8543	1	0	648.861	436.493	34.9175
48991	8543	3	1	175.861	334.493	35.201
49023	8543	1	1	175.861	334.493	66.4478
49024	8543	3	1	48.8607	296.493	68.1317
49260	8543	1	1	48.8607	296.493	500.287
49261	8543	3	0	693.861	337.493	500.821
49268	8543	1	0	693.861	337.493	513.08
49269	8543	3	0	759.861	335.493	514.515
49272	8543	1	0	759.861	335.493	584.663
49273	8543	3	1	210.861	360.493	585.247
49331	8543	1	1	210.861	360.493	719.425
49332	8543	3	1	213.861	362.493	720.059
49335	8543	1	1	213.861	362.493	724.378
49336	8543	3	0	562.861	373.493	725.046
49343	8543	1	0	562.861	373.493	732.2
49344	8543	3	1	213.861	407.493	732.617
48961	8544	1	0	562.759	130.831	8.13812
48962	8544	3	0	632.759	131.831	8.38818
48980	8544	1	0	632.759	131.831	24.9631
48981	8544	3	0	519.759	291.831	26.1472
48992	8544	1	0	519.759	291.831	35.551
48993	8544	3	1	342.759	275.831	35.851
49021	8544	1	1	342.759	275.831	65.3306
49022	8544	3	1	43.7593	408.831	66.0643
48949	8545	1	0	573.58	188.853	2.36823
48950	8545	3	0	531.58	408.853	3.93591
49008	8545	1	0	531.58	408.853	44.8384
49009	8545	3	1	340.58	372.853	45.3718
49019	8545	1	1	340.58	372.853	64.43
49020	8545	3	1	299.58	377.853	64.7633
49027	8545	1	1	299.58	377.853	71.283
49028	8545	3	0	562.58	394.853	71.8333
49033	8545	1	0	562.58	394.853	74.1843
49034	8545	3	0	507.58	390.853	74.5679
49091	8545	1	0	507.58	390.853	175.177
49092	8545	3	0	529.58	418.853	176.578
49095	8545	1	0	529.58	418.853	222.729
49096	8545	3	1	138.58	382.853	223.212
49111	8545	1	1	138.58	382.853	340.665
49112	8545	3	1	156.58	387.853	341.032
49127	8545	1	1	156.58	387.853	365.81
49128	8545	3	0	544.58	409.853	366.943
49162	8545	1	0	544.58	409.853	398.557
49163	8545	3	1	170.58	396.853	398.924
49169	8545	1	1	170.58	396.853	403.943
49170	8545	3	0	533.58	391.853	404.476
49179	8545	1	0	533.58	391.853	414.313
49180	8545	3	0	531.58	419.853	415.197
49209	8545	1	0	531.58	419.853	449.045
49210	8545	3	1	208.58	359.853	449.378
49256	8545	1	1	208.58	359.853	472.805
49257	8545	3	0	526.58	364.853	473.222
49262	8545	1	0	526.58	364.853	501.672
49263	8545	3	0	533.58	375.853	504.524
49266	8545	1	0	533.58	375.853	509.811
49267	8545	3	0	616.58	387.853	511.162
49274	8545	1	0	616.58	387.853	586.531
49275	8545	3	1	326.58	208.853	587.515
49286	8545	1	1	326.58	208.853	594.821
49287	8545	3	0	587.58	222.853	595.021
49337	8545	1	0	587.58	222.853	725.429
49338	8545	3	1	188.58	352.853	726.18
49341	8545	1	1	188.58	352.853	731.216
49342	8545	3	0	558.58	229.853	731.817
48947	8546	1	0	592.376	167.877	1.36761
48948	8546	3	0	778.376	102.877	1.68463
48963	8546	1	0	778.376	102.877	8.70514
48964	8546	3	0	801.376	110.877	8.88855
48984	8546	1	0	801.376	110.877	28.0981
48985	8546	3	0	680.376	257.877	28.6483
48994	8546	1	0	680.376	257.877	37.6854
48995	8546	3	0	551.376	260.877	38.1357
49010	8546	1	0	551.376	260.877	46.639
49011	8546	2	1	119.376	138.877	48.2396
49012	8546	3	0	495.301	186.095	48.6398
49013	8546	1	0	495.301	186.095	49.4401
49014	8546	3	0	539.301	220.095	49.707
49025	8546	1	0	539.301	220.095	70.0491
49026	8546	3	0	597.301	232.095	70.7492
49029	8546	1	0	597.301	232.095	72.2003
49030	8546	3	1	266.301	352.095	72.6004
49031	8546	1	1	266.301	352.095	72.8672
49032	8546	3	1	195.301	370.095	73.5175
49093	8546	1	1	195.301	370.095	221.828
49094	8546	3	0	681.301	386.095	222.312
49113	8546	1	0	681.301	386.095	345.551
49114	8546	3	0	624.301	339.095	346.567
49125	8546	1	0	624.301	339.095	353.003
49126	8546	3	0	679.301	330.095	355.104
49129	8546	1	0	679.301	330.095	367.46
49130	8546	3	1	189.301	343.095	367.993
49160	8546	1	1	189.301	343.095	397.79
49161	8546	3	0	665.301	360.095	398.224
49171	8546	1	0	665.301	360.095	404.726
49172	8546	3	1	120.301	370.095	405.26
49173	8546	1	1	120.301	370.095	405.927
49174	8546	3	1	230.301	364.095	406.127
49177	8546	1	1	230.301	364.095	413.113
49178	8546	3	0	542.301	304.095	413.964
49181	8546	1	0	542.301	304.095	417.765
49182	8546	3	1	235.301	356.095	418.432
49198	8546	1	1	235.301	356.095	440.791
49199	8546	3	0	622.301	333.095	441.375
49258	8546	1	0	622.301	333.095	473.472
49259	8546	3	1	267.301	348.095	476.69
49264	8546	1	1	267.301	348.095	506.493
49265	8546	3	1	243.301	368.095	506.958
49270	8546	1	1	243.301	368.095	583.062
49271	8546	3	0	518.301	366.095	584.263
49288	8546	1	0	518.301	366.095	595.338
49289	8546	2	1	243.301	196.095	596.205
49290	8546	3	0	496.648	201.976	596.522
49293	8546	1	0	496.648	201.976	597.523
49294	8546	2	1	237.648	190.976	597.756
49295	8546	3	0	494.663	200.05	598.073
49298	8546	1	0	494.663	200.05	598.94
49299	8546	2	1	159.663	230.05	599.19
49300	8546	3	0	499.49	213.066	599.574
49303	8546	1	0	499.49	213.066	600.641
49304	8546	3	1	188.49	229.066	600.858
49305	8546	1	1	188.49	229.066	601.842
49306	8546	3	1	140.49	229.066	602.026
49329	8546	1	1	140.49	229.066	716.206
49330	8546	3	1	59.4902	228.066	716.74
49333	8546	1	1	59.4902	228.066	722.827
49334	8546	3	0	668.49	351.066	723.895
49345	8546	1	0	668.49	351.066	733.118
49346	8546	3	1	53.4902	217.066	733.635
48965	8547	1	0	639.446	29.2187	9.35553
48966	8547	3	0	541.446	15.2187	9.83917
48982	8547	1	0	541.446	15.2187	26.9644
48983	8547	3	0	848.446	244.219	27.7647
49000	8547	1	0	848.446	244.219	40.1364
49001	8547	3	0	819.446	247.219	40.4532
49002	8547	1	0	819.446	247.219	40.9366
49003	8547	3	0	838.446	249.219	41.1702
49039	8547	1	0	838.446	249.219	80.5039
49040	8547	3	0	594.446	210.219	81.1375
49069	8547	1	0	594.446	210.219	106.199
49070	8547	3	0	583.446	192.219	106.532
49071	8547	1	0	583.446	192.219	107.465
49072	8547	2	1	403.446	202.219	107.849
49073	8547	3	1	384.432	205.52	107.882
49074	8547	1	1	384.432	205.52	108.316
49075	8547	3	1	320.432	248.52	108.483
49119	8547	1	1	320.432	248.52	349.068
49120	8547	3	0	585.432	137.52	349.853
49135	8547	1	0	585.432	137.52	371.045
49136	8547	2	1	206.432	155.52	371.345
49137	8547	3	0	502.193	205.672	371.662
49138	8547	1	0	502.193	205.672	372.245
49139	8547	3	0	527.193	206.672	372.479
49146	8547	1	0	527.193	206.672	385.418
49147	8547	3	0	599.193	202.672	387.102
49187	8547	1	0	599.193	202.672	420.466
49188	8547	2	1	411.193	204.672	420.732
49189	8547	3	0	501.873	215.189	420.866
49190	8547	1	0	501.873	215.189	421.466
49191	8547	3	0	613.873	214.189	421.683
49213	8547	1	0	613.873	214.189	450.895
49214	8547	3	1	252.873	207.189	451.179
49229	8547	1	1	252.873	207.189	460.116
49230	8547	3	0	542.873	180.189	460.716
49237	8547	1	0	542.873	180.189	465.268
49238	8547	3	1	185.873	189.189	465.535
49251	8547	1	1	185.873	189.189	470.987
49252	8547	2	0	488.873	160.189	471.554
49253	8547	3	0	498.431	163.966	471.571
49280	8547	1	0	498.431	163.966	590.217
49281	8547	3	1	335.431	77.9661	590.768
49301	8547	1	1	335.431	77.9661	600.074
49302	8547	3	0	621.431	76.9661	600.291
49311	8547	1	0	621.431	76.9661	604.611
49312	8547	3	0	814.431	45.9661	605.845
49323	8547	1	0	814.431	45.9661	611.716
49324	8547	3	0	677.431	135.966	612.35
49325	8547	1	0	677.431	135.966	688.336
49326	8547	3	0	651.431	131.966	688.737
49339	8547	1	0	651.431	131.966	729.648
49340	8547	3	0	684.431	174.966	730.816
48955	8548	1	0	502.609	318.182	6.23743
48956	8548	3	0	547.609	290.182	6.4375
48978	8548	1	0	547.609	290.182	23.4787
48979	8548	3	0	834.609	304.182	24.4797
48998	8548	1	0	834.609	304.182	39.3863
48999	8548	3	0	857.609	340.182	39.6697
49035	8548	1	0	857.609	340.182	75.6018
49036	8548	3	1	263.609	287.182	76.7023
49037	8548	1	1	263.609	287.182	79.1867
49038	8548	3	0	608.609	278.182	79.8537
49049	8548	1	0	608.609	278.182	86.3893
49050	8548	3	1	184.609	300.182	87.9902
49058	8548	1	1	184.609	300.182	96.6612
49059	8548	3	0	566.609	309.182	96.9614
49084	8548	1	0	566.609	309.182	111.834
49085	8548	3	0	581.609	279.182	112.684
49097	8548	1	0	581.609	279.182	225.697
49098	8548	3	1	368.609	362.182	226.03
49103	8548	1	1	368.609	362.182	238.97
49104	8548	3	1	363.609	417.182	239.153
49107	8548	1	1	363.609	417.182	243.587
49108	8548	3	1	354.609	423.182	243.77
49109	8548	1	1	354.609	423.182	244.204
49110	8548	3	1	342.609	422.182	244.487
49115	8548	1	1	342.609	422.182	347.185
49116	8548	3	0	552.609	335.182	347.801
49131	8548	1	0	552.609	335.182	368.86
49132	8548	3	1	330.609	304.182	369.277
49156	8548	1	1	330.609	304.182	393.488
49157	8548	3	0	544.609	305.182	393.855
49175	8548	1	0	544.609	305.182	406.594
49176	8548	3	1	328.609	298.182	406.86
49183	8548	1	1	328.609	298.182	418.999
49184	8548	3	1	277.609	286.182	419.266
49200	8548	1	1	277.609	286.182	442.292
49201	8548	3	0	541.609	302.182	442.626
49211	8548	1	0	541.609	302.182	450.045
49212	8548	3	1	307.609	293.182	450.328
49223	8548	1	1	307.609	293.182	456.414
49224	8548	3	0	560.609	294.182	456.715
49235	8548	1	0	560.609	294.182	464.151
49236	8548	3	1	386.609	285.182	464.401
49254	8548	1	1	386.609	285.182	472.088
49255	8548	3	0	575.609	284.182	472.371
49276	8548	1	0	575.609	284.182	588.417
49277	8548	3	1	350.609	377.182	588.733
49309	8548	1	1	350.609	377.182	603.31
49310	8548	3	0	516.609	396.182	603.777
49317	8548	1	0	516.609	396.182	607.947
49318	8548	3	1	350.609	346.182	608.197
48953	8549	1	0	802.723	477.198	5.37012
48954	8549	3	0	822.723	453.198	5.58704
48970	8549	1	0	822.723	453.198	16.3254
48971	8549	3	0	860.723	457.198	16.5589
49006	8549	1	0	860.723	457.198	42.4207
49007	8549	3	0	748.723	235.198	43.2879
49041	8549	1	0	748.723	235.198	81.7543
49042	8549	3	0	705.723	253.198	81.9713
49051	8549	1	0	705.723	253.198	88.7073
49052	8549	3	1	304.723	241.198	89.4244
49056	8549	1	1	304.723	241.198	95.9442
49057	8549	3	0	667.723	325.198	96.1942
49067	8549	1	0	667.723	325.198	103.364
49068	8549	3	0	515.723	247.198	104.265
49081	8549	1	0	515.723	247.198	110.7
49082	8549	2	1	310.723	218.198	111
49083	8549	3	0	494.561	230.635	111.217
49086	8549	1	0	494.561	230.635	113.535
49087	8549	3	0	591.561	216.635	113.785
49099	8549	1	0	591.561	216.635	226.581
49100	8549	3	1	130.561	196.635	226.898
49123	8549	1	1	130.561	196.635	351.436
49124	8549	3	0	508.561	92.6354	352.403
49140	8549	1	0	508.561	92.6354	379.332
49141	8549	3	1	321.561	160.635	379.649
49144	8549	1	1	321.561	160.635	383.134
49145	8549	3	1	328.561	162.635	383.418
49150	8549	1	1	328.561	162.635	389.97
49151	8549	3	0	538.561	159.635	390.52
49185	8549	1	0	538.561	159.635	419.816
49186	8549	3	1	386.561	154.635	420.066
49205	8549	1	1	386.561	154.635	443.576
49206	8549	3	0	563.561	134.635	443.809
49217	8549	1	0	563.561	134.635	452.696
49218	8549	3	1	340.561	107.635	452.98
49227	8549	1	1	340.561	107.635	457.898
49228	8549	3	0	614.561	138.635	458.215
49241	8549	1	0	614.561	138.635	466.652
49242	8549	3	1	282.561	148.635	466.969
49247	8549	1	1	282.561	148.635	469.353
49248	8549	3	0	699.561	124.635	469.604
49282	8549	1	0	699.561	124.635	591.435
49283	8549	3	1	400.561	125.635	592.119
49296	8549	1	1	400.561	125.635	598.307
49297	8549	3	0	654.561	97.6354	598.54
49313	8549	1	0	654.561	97.6354	606.245
49314	8549	3	1	394.561	110.635	606.529
49321	8549	1	1	394.561	110.635	610.299
49322	8549	3	1	370.561	269.635	610.949
49327	8549	1	1	370.561	269.635	704.565
49328	8549	3	1	370.561	269.635	704.865
48951	8550	1	0	799.622	399.089	4.41974
48952	8550	3	0	681.622	418.089	5.00311
48967	8550	1	0	681.622	418.089	15.5084
48968	8550	2	0	844.622	375.089	15.9921
48969	8550	3	0	835.787	367.503	16.0087
48974	8550	1	0	835.787	367.503	21.0275
48975	8550	3	0	837.787	341.503	21.2944
48996	8550	1	0	837.787	341.503	38.6693
48997	8550	3	0	754.787	335.503	39.0695
49015	8550	1	0	754.787	335.503	55.826
49016	8550	3	0	666.787	375.503	57.2766
49053	8550	1	0	666.787	375.503	93.4102
49054	8550	2	1	132.787	72.5034	95.1273
49055	8550	3	0	494.995	174.635	95.494
49064	8550	1	0	494.995	174.635	100.146
49065	8550	2	0	841.995	464.635	101.28
49066	8550	3	0	817.173	430.227	101.33
49088	8550	1	0	817.173	430.227	174.077
49089	8550	2	0	862.173	435.227	174.544
49090	8550	3	0	834.422	404.959	174.594
49158	8550	1	0	834.422	404.959	394.322
49159	8550	3	0	786.422	324.959	396.039
49164	8550	1	0	786.422	324.959	399.491
49165	8550	2	1	203.422	270.959	401.075
49166	8550	3	0	501.488	240.45	401.408
49167	8550	1	0	501.488	240.45	402.392
49168	8550	3	0	793.488	236.45	402.692
49233	8550	1	0	793.488	236.45	462.3
49234	8550	3	0	771.488	172.45	463.634
48986	8551	1	0	526.595	156.532	29.2152
48987	8551	3	0	767.595	194.532	29.9321
49004	8551	1	0	767.595	194.532	41.5537
49005	8551	3	0	807.595	191.532	41.7871
49043	8551	1	0	807.595	191.532	82.288
49044	8551	3	0	725.595	185.532	82.6715
49045	8551	1	0	725.595	185.532	82.855
49046	8551	3	1	367.595	418.532	83.4719
49062	8551	1	1	367.595	418.532	98.4621
49063	8551	3	0	717.595	246.532	99.4957
49101	8551	1	0	717.595	246.532	227.498
49102	8551	3	1	250.595	143.532	228.015
49121	8551	1	1	250.595	143.532	350.385
49122	8551	3	0	602.595	30.5324	350.903
49142	8551	1	0	602.595	30.5324	381.2
49143	8551	3	1	190.595	92.5324	382.584
49154	8551	1	1	190.595	92.5324	392.488
49155	8551	3	0	644.595	94.5324	393.038
49194	8551	1	0	644.595	94.5324	423.417
49195	8551	3	1	269.595	122.532	423.918
49196	8551	1	1	269.595	122.532	424.751
49197	8551	3	1	260.595	158.532	425.068
49207	8551	1	1	260.595	158.532	444.643
49208	8551	3	0	689.595	94.5324	445.66
49219	8551	1	0	689.595	94.5324	453.747
49220	8551	3	1	48.5946	110.532	454.381
49221	8551	1	1	48.5946	110.532	454.78
49222	8551	3	1	99.5946	119.532	455.015
49231	8551	1	1	99.5946	119.532	461.183
49232	8551	3	0	557.595	75.5324	461.733
49243	8551	1	0	557.595	75.5324	467.686
49244	8551	3	1	364.595	93.5324	468.453
49245	8551	1	1	364.595	93.5324	468.636
49246	8551	3	0	570.595	90.5324	468.887
49284	8551	1	0	570.595	90.5324	592.552
49285	8551	3	1	177.595	239.532	593.153
49291	8551	1	1	177.595	239.532	596.839
49292	8551	3	0	616.595	382.532	597.239
49319	8551	1	0	616.595	382.532	608.781
49320	8551	3	1	362.595	421.532	609.364
48957	8552	1	0	682.788	246.653	6.78754
48958	8552	3	0	683.788	294.653	7.12079
48972	8552	1	0	683.788	294.653	17.6592
48973	8552	3	0	767.788	434.653	19.1266
49017	8552	1	0	767.788	434.653	57.7267
49018	8552	3	0	792.788	403.653	60.2278
49047	8552	1	0	792.788	403.653	84.3889
49048	8552	3	1	366.788	319.653	85.3724
49060	8552	1	1	366.788	319.653	97.4116
49061	8552	3	0	497.788	324.653	97.645
49076	8552	1	0	497.788	324.653	108.983
49077	8552	2	0	493.788	324.653	109.066
49078	8552	3	0	503.579	320.632	109.083
49079	8552	1	0	503.579	320.632	110.017
49080	8552	3	1	343.579	327.632	110.267
49105	8552	1	1	343.579	327.632	241.52
49106	8552	3	1	350.579	364.632	241.82
49117	8552	1	1	350.579	364.632	348.285
49118	8552	3	0	579.579	233.632	348.702
49133	8552	1	0	579.579	233.632	369.828
49134	8552	3	1	173.579	190.632	370.211
49148	8552	1	1	173.579	190.632	388.753
49149	8552	3	1	174.579	164.632	389.353
49152	8552	1	1	174.579	164.632	391.02
49153	8552	3	0	602.579	108.632	391.571
49192	8552	1	0	602.579	108.632	422.267
49193	8552	3	1	364.579	258.632	422.85
49202	8552	1	1	364.579	258.632	442.976
49203	8552	2	0	490.579	230.632	443.226
49204	8552	3	0	500.525	231.326	443.242
49215	8552	1	0	500.525	231.326	451.729
49216	8552	3	1	378.525	195.326	451.979
49225	8552	1	1	378.525	195.326	457.098
49226	8552	3	0	597.524	195.326	457.398
49239	8552	1	0	597.524	195.326	465.952
49240	8552	3	1	281.525	195.326	466.202
49249	8552	1	1	281.525	195.326	470.07
49250	8552	3	0	567.524	214.326	470.32
49278	8552	1	0	567.524	214.326	589.334
49279	8552	3	1	236.525	139.326	589.75
49307	8552	1	1	236.525	139.326	602.476
49308	8552	3	0	583.524	150.326	602.843
49315	8552	1	0	583.524	150.326	606.912
49316	8552	3	1	280.525	229.326	607.162
52340	8743	1	0	643.97	172.833	16.5573
52341	8743	3	0	682.97	163.833	17.1409
52382	8743	1	0	682.97	163.833	317.631
52383	8743	3	0	657.97	169.833	318.281
52410	8743	1	0	657.97	169.833	356.268
52411	8743	3	0	740.97	203.833	357.618
52440	8743	1	0	740.97	203.833	396.471
52441	8743	3	0	700.97	164.833	397.155
52455	8743	1	0	700.97	164.833	408.191
52456	8743	3	1	160.97	209.833	409.992
52471	8743	1	1	160.97	209.833	424.832
52472	8743	3	0	648.97	139.833	425.299
52492	8743	1	0	648.97	139.833	443.156
52493	8743	3	0	668.97	101.833	443.84
52498	8743	1	0	668.97	101.833	446.391
52499	8743	3	1	263.97	127.833	446.792
52500	8743	1	1	263.97	127.833	447.542
52501	8743	3	0	704.97	105.833	447.759
52506	8743	1	0	704.97	105.833	450.927
52507	8743	3	1	352.97	120.833	451.177
52528	8743	1	1	352.97	120.833	481.691
52529	8743	3	1	202.97	121.833	482.091
52530	8743	1	1	202.97	121.833	482.991
52531	8743	3	0	652.97	78.8327	483.408
52534	8743	1	0	652.97	78.8327	485.509
52535	8743	3	0	700.97	65.8327	486.493
52552	8743	1	0	700.97	65.8327	534.893
52553	8743	3	1	295.97	238.833	535.944
52564	8743	1	1	295.97	238.833	552.589
52565	8743	3	0	597.97	308.833	553.14
52570	8743	1	0	597.97	308.833	572.754
52571	8743	3	0	505.97	288.833	577.324
52574	8743	1	0	505.97	288.833	579.008
52575	8743	3	0	659.97	294.833	580.593
52595	8743	1	0	659.97	294.833	598.622
52596	8743	3	0	540.97	287.833	599.706
52623	8743	1	0	540.97	287.833	618.403
52624	8743	3	0	661.97	227.833	619.336
52332	8744	1	0	596.561	65.7556	14.0395
52333	8744	3	0	548.561	61.7556	14.2229
52366	8744	1	0	548.561	61.7556	273.677
52367	8744	3	1	297.561	169.756	273.927
52368	8744	1	1	297.561	169.756	274.211
52369	8744	3	1	280.561	355.756	274.845
52392	8744	1	1	280.561	355.756	336.775
52393	8744	3	0	513.561	254.756	337.342
52485	8744	1	0	513.561	254.756	437.587
52486	8744	3	0	515.561	238.756	438.588
52494	8744	1	0	515.561	238.756	444.274
52495	8744	3	0	805.561	193.756	445.141
52502	8744	1	0	805.561	193.756	448.175
52503	8744	3	1	261.561	107.756	448.892
52504	8744	1	1	261.561	107.756	450.193
52505	8744	3	0	808.561	153.756	450.493
52510	8744	1	0	808.561	153.756	452.26
52511	8744	3	0	646.561	136.756	453.344
52554	8744	1	0	646.561	136.756	537.178
52555	8744	3	0	617.561	184.756	538.263
52566	8744	1	0	617.561	184.756	553.557
52567	8744	3	1	255.561	229.756	555.625
52602	8744	1	1	255.561	229.756	603.292
52603	8744	3	1	259.561	323.756	603.592
52606	8744	1	1	259.561	323.756	605.794
52607	8744	3	1	249.561	328.756	606.027
52611	8744	1	1	249.561	328.756	608.028
52612	8744	3	1	212.561	328.756	608.245
52631	8744	1	1	212.561	328.756	624.34
52632	8744	3	1	211.561	354.756	624.707
52321	8745	1	0	793.012	447.396	9.60406
52322	8745	2	0	896.012	447.396	9.83746
52323	8745	3	0	875.471	427.25	9.87079
52348	8745	1	0	875.471	427.25	32.3967
52349	8745	3	0	824.471	432.25	33.0138
52356	8745	1	0	824.471	432.25	71.6485
52357	8745	3	0	826.471	432.25	72.0318
52378	8745	1	0	826.471	432.25	314.863
52379	8745	3	0	629.471	276.25	316.03
52404	8745	1	0	629.471	276.25	348.848
52405	8745	3	0	708.471	365.25	349.981
52461	8745	1	0	708.471	365.25	417.529
52462	8745	3	0	726.471	246.25	418.029
52465	8745	1	0	726.471	246.25	421.348
52466	8745	3	0	676.471	182.25	422.165
52481	8745	1	0	676.471	182.25	432.052
52482	8745	3	0	873.471	374.25	432.669
52520	8745	1	0	873.471	374.25	475.204
52521	8745	3	0	763.471	276.25	476.088
52522	8745	1	0	763.471	276.25	477.505
52523	8745	3	0	863.471	372.25	477.706
52311	8746	1	0	577.72	256.086	4.40155
52312	8746	3	0	546.72	166.086	5.0517
52358	8746	1	0	546.72	166.086	75.0497
52359	8746	3	0	546.72	166.086	75.6335
52380	8746	1	0	546.72	166.086	316.397
52381	8746	3	0	516.72	151.086	317.248
52463	8746	1	0	516.72	151.086	419.93
52464	8746	3	1	377.72	191.086	420.33
52467	8746	1	1	377.72	191.086	422.598
52468	8746	3	0	669.72	288.086	423.065
52479	8746	1	0	669.72	288.086	430.635
52480	8746	3	0	811.72	462.086	431.169
52317	8747	1	0	704.381	377.473	8.13654
52318	8747	3	0	820.381	333.473	8.53674
52324	8747	1	0	820.381	333.473	10.3711
52325	8747	3	0	877.381	336.473	10.5711
52328	8747	1	0	877.381	336.473	12.0386
52329	8747	3	0	819.381	176.473	12.7223
52336	8747	1	0	819.381	176.473	15.507
52337	8747	3	0	831.381	185.473	15.6736
52344	8747	1	0	831.381	185.473	30.846
52345	8747	3	0	867.381	200.473	30.996
52354	8747	1	0	867.381	200.473	69.4137
52355	8747	3	0	839.381	195.473	69.8472
52362	8747	1	0	839.381	195.473	258.303
52363	8747	3	1	306.381	317.473	258.92
52364	8747	1	1	306.381	317.473	259.287
52365	8747	3	1	179.381	427.473	259.703
52394	8747	1	1	179.381	427.473	337.826
52395	8747	3	0	671.381	447.473	338.56
52406	8747	1	0	671.381	447.473	350.298
52407	8747	3	0	735.381	427.473	351.582
52426	8747	1	0	735.381	427.473	380.397
52427	8747	3	0	709.381	404.473	381.58
52475	8747	1	0	709.381	404.473	427.767
52476	8747	3	1	129.381	150.473	428.401
52508	8747	1	1	129.381	150.473	451.594
52509	8747	3	0	557.381	147.473	451.877
52518	8747	1	0	557.381	147.473	473.586
52519	8747	3	0	588.381	144.473	474.67
52532	8747	1	0	588.381	144.473	483.708
52533	8747	3	1	346.381	144.473	484.909
52536	8747	1	1	346.381	144.473	487.126
52537	8747	3	0	558.381	132.473	487.526
52556	8747	1	0	558.381	132.473	538.846
52557	8747	3	0	615.381	122.473	539.947
52558	8747	1	0	615.381	122.473	541.799
52559	8747	3	0	577.381	117.473	542.549
52562	8747	1	0	577.381	117.473	546.852
52563	8747	3	1	126.381	255.473	547.669
52572	8747	1	1	126.381	255.473	578.075
52573	8747	3	0	580.381	200.473	578.541
52576	8747	1	0	580.381	200.473	581.127
52577	8747	3	1	128.381	244.473	581.76
52334	8748	1	0	850.471	123.922	14.6897
52335	8748	3	0	870.471	43.9224	14.9733
52342	8748	1	0	870.471	43.9224	30.012
52343	8748	3	0	868.471	55.9224	30.3957
52360	8748	1	0	868.471	55.9224	228.272
52361	8748	3	1	126.471	402.922	229.022
52396	8748	1	1	126.471	402.922	339.344
52397	8748	3	0	810.471	429.922	340.044
52402	8748	1	0	810.471	429.922	347.03
52403	8748	3	0	856.471	384.922	348.297
52469	8748	1	0	856.471	384.922	423.698
52470	8748	3	1	315.471	205.922	424.382
52496	8748	1	1	315.471	205.922	445.641
52497	8748	3	0	584.471	225.922	445.924
52512	8748	1	0	584.471	225.922	466.517
52513	8748	3	1	257.471	191.922	467.201
52526	8748	1	1	257.471	191.922	480.34
52527	8748	3	1	195.471	265.922	481.157
52560	8748	1	1	195.471	265.922	545.818
52561	8748	3	0	528.471	255.922	546.418
52583	8748	1	0	528.471	255.922	587.798
52584	8748	3	0	673.471	223.922	588.732
52593	8748	1	0	673.471	223.922	597.004
52594	8748	3	0	623.471	248.922	598.205
52613	8748	1	0	623.471	248.922	609.446
52614	8748	3	0	628.471	204.922	610.414
52625	8748	1	0	628.471	204.922	619.804
52626	8748	3	0	632.471	204.922	619.92
52627	8748	1	0	632.471	204.922	620.221
52628	8748	3	0	505.471	196.922	620.971
52309	8749	1	0	757.969	370.257	3.08453
52310	8749	3	0	511.969	257.257	3.86786
52350	8749	1	0	511.969	257.257	42.6513
52351	8749	3	0	527.969	257.257	43.0179
52370	8749	1	0	527.969	257.257	283.082
52371	8749	3	1	220.969	219.257	283.466
52408	8749	1	1	220.969	219.257	354.133
52409	8749	3	0	795.969	84.2571	354.717
52422	8749	1	0	795.969	84.2571	376.728
52423	8749	3	1	113.969	254.257	377.579
52428	8749	1	1	113.969	254.257	388.5
52429	8749	3	0	517.969	313.257	390.918
52434	8749	1	0	517.969	313.257	394.036
52435	8749	3	1	193.969	265.257	394.37
52451	8749	1	1	193.969	265.257	405.84
52452	8749	3	1	315.969	325.257	406.307
52457	8749	1	1	315.969	325.257	411.092
52458	8749	3	1	345.969	335.257	411.309
52487	8749	1	1	345.969	335.257	439.172
52488	8749	2	0	521.969	431.257	439.522
52489	8749	3	0	528.901	420.482	439.539
52305	8750	1	0	519.269	274.882	1.53387
52306	8750	3	0	521.269	396.882	1.86731
52372	8750	1	0	521.269	396.882	285.483
52373	8750	3	1	46.2689	74.8817	286.267
52374	8750	1	1	46.2689	74.8817	286.968
52375	8750	3	1	98.2689	242.882	287.618
52418	8750	1	1	98.2689	242.882	368.391
52419	8750	3	0	648.269	166.882	370.892
52424	8750	1	0	648.269	166.882	378.296
52425	8750	3	0	736.269	87.8817	378.596
52432	8750	1	0	736.269	87.8817	393.203
52433	8750	3	1	124.269	416.882	393.52
52436	8750	1	1	124.269	416.882	394.753
52437	8750	3	1	217.269	404.882	394.937
52442	8750	1	1	217.269	404.882	397.621
52443	8750	3	0	690.269	29.8817	397.871
52448	8750	1	0	690.269	29.8817	403.839
52449	8750	2	1	232.269	437.882	404.423
52450	8750	3	1	228.095	416.224	404.456
52540	8750	1	1	228.095	416.224	506.54
52541	8750	3	1	220.095	402.224	506.757
52600	8750	1	1	220.095	402.224	602.141
52601	8750	3	1	181.095	93.2244	602.908
52617	8750	1	1	181.095	93.2244	612.632
52618	8750	3	0	576.095	75.2244	613.149
52619	8750	1	0	576.095	75.2244	614.316
52620	8750	3	0	644.095	73.2244	615.084
52307	8751	1	0	702.239	322.207	2.284
52308	8751	3	0	611.239	362.207	2.58423
52315	8751	1	0	611.239	362.207	6.68579
52316	8751	3	0	616.239	376.207	7.45306
52319	8751	1	0	616.239	376.207	8.82019
52320	8751	3	0	671.239	380.207	9.07043
52390	8751	1	0	671.239	380.207	328.47
52391	8751	3	0	725.239	279.207	332.706
52398	8751	1	0	725.239	279.207	340.311
52399	8751	3	1	50.2386	360.207	340.727
52589	8751	1	1	50.2386	360.207	593.468
52590	8751	3	0	712.239	115.206	593.885
52615	8751	1	0	712.239	115.206	611.448
52616	8751	3	0	657.239	75.2065	612.198
52621	8751	1	0	657.239	75.2065	615.501
52622	8751	3	1	306.239	155.206	617.252
52313	8752	1	0	758.438	264.042	5.41846
52314	8752	3	0	643.438	257.042	6.23554
52352	8752	1	0	643.438	257.042	43.6018
52353	8752	3	0	665.438	257.042	44.0685
52376	8752	1	0	665.438	257.042	311.095
52377	8752	3	1	299.439	213.042	311.762
52386	8752	1	1	299.439	213.042	321.867
52387	8752	3	1	326.439	213.042	322.4
52388	8752	1	1	326.439	213.042	325.835
52389	8752	3	0	534.438	358.042	327.42
52412	8752	1	0	534.438	358.042	358.385
52413	8752	3	1	352.439	343.042	360.536
52414	8752	1	1	352.439	343.042	364.122
52415	8752	3	0	503.439	386.042	364.622
52416	8752	1	0	503.439	386.042	366.774
52417	8752	3	0	580.438	335.042	367.891
52420	8752	1	0	580.438	335.042	375.811
52421	8752	3	1	290.439	369.042	376.128
52430	8752	1	1	290.439	369.042	391.552
52431	8752	3	0	563.438	203.042	392.469
52438	8752	1	0	563.438	203.042	395.587
52439	8752	3	0	588.438	330.042	395.854
52444	8752	1	0	588.438	330.042	400.722
52445	8752	3	1	352.439	352.042	401.939
52446	8752	1	1	352.439	352.042	402.505
52447	8752	3	0	591.438	355.042	403.339
52459	8752	1	0	591.438	355.042	416.112
52460	8752	3	0	573.438	381.042	416.595
52483	8752	1	0	573.438	381.042	434.52
52484	8752	3	0	631.438	327.042	435.57
52516	8752	1	0	631.438	327.042	470.852
52517	8752	3	1	256.439	289.042	471.419
52538	8752	1	1	256.439	289.042	506.04
52539	8752	3	1	256.439	289.042	506.19
52542	8752	1	1	256.439	289.042	507.041
52543	8752	2	1	363.439	394.042	507.591
52544	8752	3	1	346.401	376.597	507.625
52545	8752	1	1	346.401	376.597	507.991
52546	8752	3	1	345.401	406.597	508.275
52547	8752	1	1	345.401	406.597	530.441
52548	8752	3	0	610.401	412.597	531.441
52568	8752	1	0	610.401	412.597	564.682
52569	8752	3	0	644.401	415.597	565.032
52580	8752	1	0	644.401	415.597	586.78
52581	8752	2	1	365.401	381.597	587.364
52582	8752	3	1	348.297	365.488	587.397
52587	8752	1	1	348.297	365.488	591.033
52588	8752	3	1	332.297	396.488	591.267
52597	8752	1	1	332.297	396.488	601.458
52598	8752	2	1	355.297	347.488	601.724
52599	8752	3	1	347.002	340.907	601.741
52608	8752	1	1	347.002	340.907	606.377
52609	8752	2	1	380.002	360.907	606.594
52610	8752	3	1	352.807	340.212	606.644
52330	8753	1	0	582.749	74.9482	13.2059
52331	8753	3	0	691.749	24.9482	13.6394
52400	8753	1	0	691.749	24.9482	341.378
52401	8753	3	1	68.7492	79.9482	342.628
52453	8753	1	1	68.7492	79.9482	406.941
52454	8753	3	0	737.749	54.9482	407.858
52490	8753	1	0	737.749	54.9482	440.105
52491	8753	3	1	279.749	276.948	441.172
52514	8753	1	1	279.749	276.948	469.585
52515	8753	3	0	526.749	237.948	470.318
52549	8753	1	0	526.749	237.948	532.209
52550	8753	2	1	351.749	377.948	533.576
52551	8753	3	1	335.121	361.343	533.609
52578	8753	1	1	335.121	361.343	585.913
52579	8753	3	0	514.121	330.343	586.263
52585	8753	1	0	514.121	330.343	590.283
52586	8753	3	0	524.121	270.343	590.566
52591	8753	1	0	524.121	270.343	594.369
52592	8753	3	1	39.1208	372.343	595.103
52604	8753	1	1	39.1208	372.343	605.143
52605	8753	3	1	58.1208	319.343	605.394
52326	8754	1	0	728.982	221.136	11.0046
52327	8754	3	0	841.982	261.136	11.5715
52338	8754	1	0	841.982	261.136	15.9905
52339	8754	3	0	834.982	270.136	16.1406
52346	8754	1	0	834.982	270.136	31.5629
52347	8754	3	0	835.982	306.136	31.8798
52384	8754	1	0	835.982	306.136	318.765
52385	8754	3	0	829.982	248.136	319.815
52473	8754	1	0	829.982	248.136	426.717
52474	8754	3	0	779.982	272.136	427.417
52477	8754	1	0	779.982	272.136	429.268
52478	8754	3	0	872.982	466.136	430.118
52524	8754	1	0	872.982	466.136	478.022
52525	8754	3	0	761.982	338.136	479.256
52629	8754	1	0	761.982	338.136	621.705
52630	8754	3	0	632.982	312.136	622.806
56131	9008	1	0	795.138	476.627	21.5266
56132	9008	3	0	824.138	426.627	21.9268
56143	9008	1	0	824.138	426.627	64.977
56144	9008	3	1	274.138	416.627	65.6106
56147	9008	1	1	274.138	416.627	111.397
56148	9008	3	1	367.138	419.627	112.314
56165	9008	1	1	367.138	419.627	158.468
56166	9008	3	1	381.138	407.627	160.852
56167	9008	1	1	381.138	407.627	161.686
56168	9008	3	1	372.138	424.627	162.203
56175	9008	1	1	372.138	424.627	180.859
56176	9008	3	1	368.138	417.627	181.109
56181	9008	1	1	368.138	417.627	234.332
56182	9008	2	0	884.138	419.627	235.316
56183	9008	3	0	874.381	410.867	235.333
56198	9008	1	0	874.381	410.867	256.793
56199	9008	3	1	387.381	409.867	257.527
56206	9008	1	1	387.381	409.867	268.164
56207	9008	2	1	413.381	410.867	268.431
56208	9008	3	1	403.603	402.538	268.448
56221	9008	1	1	403.603	402.538	285.991
56222	9008	3	0	731.604	409.538	286.658
56230	9008	1	0	731.604	409.538	291.594
56231	9008	3	1	64.6035	413.538	292.861
56232	9008	1	1	64.6035	413.538	294.128
56233	9008	3	1	201.604	411.538	294.529
56246	9008	1	1	201.604	411.538	310.702
56247	9008	3	1	198.604	418.538	311.019
56254	9008	1	1	198.604	418.538	321.173
56255	9008	3	1	197.604	428.538	321.49
56258	9008	1	1	197.604	428.538	327.109
56259	9008	3	0	693.604	429.538	327.509
56264	9008	1	0	693.604	429.538	330.411
56265	9008	3	0	632.604	426.538	330.894
56270	9008	1	0	632.604	426.538	345.552
56271	9008	3	1	390.603	319.538	346.736
56113	9011	1	0	639.437	281.289	13.7397
56114	9011	3	0	638.437	232.289	13.9064
56133	9011	1	0	638.437	232.289	22.3104
56134	9011	3	0	642.437	265.289	22.7271
56171	9011	1	0	642.437	265.289	176.091
56172	9011	3	0	642.437	244.289	176.591
56117	9014	1	0	778.513	230.501	15.1406
56118	9014	3	0	799.513	281.501	15.5739
56135	9014	1	0	799.513	281.501	23.1772
56136	9014	3	0	795.513	263.501	23.3772
56157	9014	1	0	795.513	263.501	130.873
56158	9014	3	1	320.513	245.501	133.157
56266	9014	1	1	320.513	245.501	342.333
56267	9014	3	0	787.513	244.501	343.517
56278	9014	1	0	787.513	244.501	360.158
56279	9014	3	0	814.513	248.501	360.942
56121	9017	1	0	595.894	199.609	16.8744
56122	9017	3	0	554.894	131.609	17.2413
56137	9017	1	0	554.894	131.609	24.0612
56138	9017	3	0	521.894	131.609	24.2778
56145	9017	1	0	521.894	131.609	91.6223
56146	9017	3	1	368.894	127.609	92.0894
56149	9017	1	1	368.894	127.609	113.131
56150	9017	3	1	40.8943	115.609	114.531
56215	9017	1	1	40.8943	115.609	272.901
56216	9017	3	1	39.8943	93.6093	273.151
56115	9019	1	0	767.986	286.838	14.3066
56116	9019	3	0	726.986	419.838	14.7568
56153	9019	1	0	726.986	419.838	123.136
56154	9019	3	1	259.986	410.838	124.303
56184	9019	1	1	259.986	410.838	235.866
56185	9019	3	0	766.986	401.838	236.584
56200	9019	1	0	766.986	401.838	259.261
56201	9019	3	1	262.986	401.838	260.461
56202	9019	1	1	262.986	401.838	261.212
56203	9019	3	1	255.986	393.838	261.562
56204	9019	1	1	255.986	393.838	264.531
56205	9019	3	1	269.986	407.838	265.897
56209	9019	1	1	269.986	407.838	268.915
56210	9019	3	1	315.986	391.838	269.165
56219	9019	1	1	315.986	391.838	284.874
56220	9019	3	0	838.986	398.838	285.474
56250	9019	1	0	838.986	398.838	313.036
56251	9019	3	1	291.986	392.838	314.187
56252	9019	1	1	291.986	392.838	314.787
56253	9019	3	0	796.986	406.838	315.304
56268	9019	1	0	796.986	406.838	344.251
56269	9019	3	1	348.986	405.838	344.985
56111	9020	1	0	632.183	280.919	13.0895
56112	9020	3	0	502.183	291.919	13.3395
56159	9020	1	0	502.183	291.919	143.528
56160	9020	3	0	514.183	324.919	145.262
56169	9020	1	0	514.183	324.919	165.004
56170	9020	3	0	507.183	263.919	165.738
56173	9020	1	0	507.183	263.919	177.191
56174	9020	3	0	507.183	250.919	177.458
56179	9020	1	0	507.183	250.919	229.581
56180	9020	3	0	513.183	241.919	231.332
56186	9020	1	0	513.183	241.919	239.451
56187	9020	3	1	34.1828	253.919	243.036
56190	9020	1	1	34.1828	253.919	250.39
56191	9020	3	0	555.183	237.919	251.14
56194	9020	1	0	555.183	237.919	252.908
56195	9020	3	0	521.183	235.919	253.208
56223	9020	1	0	521.183	235.919	287.091
56224	9020	3	0	516.183	240.919	289.126
56236	9020	1	0	516.183	240.919	296.28
56237	9020	3	0	494.183	248.919	298.597
56241	9020	1	0	494.183	248.919	300.465
56242	9020	3	1	121.183	242.919	300.998
56243	9020	1	1	121.183	242.919	309.018
56244	9020	2	0	483.183	233.919	310.052
56245	9020	3	0	500.876	232.578	310.085
56272	9020	1	0	500.876	232.578	347.486
56273	9020	3	0	503.876	274.578	349.036
56276	9020	1	0	503.876	274.578	359.208
56277	9020	3	0	508.876	233.578	359.608
56119	9021	1	0	845.494	223.556	15.9742
56120	9021	3	0	807.494	120.556	16.291
56125	9021	1	0	807.494	120.556	18.5586
56126	9021	3	0	852.494	108.556	18.7922
56141	9021	1	0	852.494	108.556	25.7287
56142	9021	3	0	849.494	157.556	26.0623
56155	9021	1	0	849.494	157.556	127.155
56156	9021	3	1	401.494	82.5561	128.088
56107	9022	1	0	549.899	377.858	11.8224
56108	9022	3	0	517.899	398.858	12.0058
56127	9022	1	0	517.899	398.858	19.6928
56128	9022	3	0	533.899	425.858	20.0595
56151	9022	1	0	533.899	425.858	121.268
56152	9022	3	1	50.8992	408.858	122.419
56177	9022	1	1	50.8992	408.858	224.278
56178	9022	3	0	517.899	417.858	225.079
56188	9022	1	0	517.899	417.858	245.221
56189	9022	3	0	525.899	408.858	248.422
56192	9022	1	0	525.899	408.858	251.607
56193	9022	3	1	81.8992	409.858	252.341
56211	9022	1	1	81.8992	409.858	269.832
56212	9022	3	1	81.8992	409.858	270.599
56213	9022	1	1	81.8992	409.858	270.849
56214	9022	3	1	58.8992	409.858	271.233
56225	9022	1	1	58.8992	409.858	289.759
56226	9022	2	1	419.899	406.858	290.093
56227	9022	3	1	390.132	382.727	290.143
56228	9022	1	1	390.132	382.727	290.593
56229	9022	3	0	503.132	401.727	291.093
56234	9022	1	0	503.132	401.727	295.029
56235	9022	3	1	107.132	423.727	295.746
56238	9022	1	1	107.132	423.727	299.297
56239	9022	2	0	479.132	425.727	300.014
56240	9022	3	0	498.966	407.387	300.048
56248	9022	1	0	498.966	407.387	311.569
56249	9022	3	1	96.9659	418.387	312.42
56109	9023	1	0	628.442	374.595	12.3559
56110	9023	3	0	591.442	394.595	12.5559
56129	9023	1	0	591.442	394.595	20.3596
56130	9023	3	0	625.442	411.595	20.7596
56161	9023	1	0	625.442	411.595	151.499
56162	9023	3	0	628.442	399.595	152.649
56196	9023	1	0	628.442	399.595	253.891
56197	9023	3	0	572.442	399.595	256.026
56256	9023	1	0	572.442	399.595	323.374
56257	9023	3	0	503.441	405.595	326.576
56260	9023	1	0	503.441	405.595	327.876
56261	9023	3	1	255.441	397.595	328.577
56262	9023	1	1	255.441	397.595	329.31
56263	9023	3	1	228.441	396.595	329.627
56123	9024	1	0	731.982	30.7405	17.6414
56124	9024	3	0	642.982	117.741	18.0918
56139	9024	1	0	642.982	117.741	24.7114
56140	9024	3	0	658.982	114.741	25.1284
56163	9024	1	0	658.982	114.741	153.149
56164	9024	3	0	683.982	88.7405	154.216
56217	9024	1	0	683.982	88.7405	274.585
56218	9024	3	0	691.982	80.7405	277.92
56274	9024	1	0	691.982	80.7405	349.653
56275	9024	3	1	256.982	130.74	351.804
59598	9265	1	0	518.11	432.096	164.804
59599	9265	3	1	321.11	251.096	165.538
59602	9265	1	1	321.11	251.096	168.456
59603	9265	3	0	655.11	262.096	168.79
59640	9265	1	0	655.11	262.096	401.845
59641	9265	3	0	578.11	237.096	402.946
59644	9265	1	0	578.11	237.096	404.246
59645	9265	3	0	578.11	260.096	404.68
59646	9265	1	0	578.11	260.096	410.599
59647	9265	3	0	756.11	389.096	411.216
59522	9266	1	0	829.233	271.505	17.4092
59523	9266	3	0	757.233	211.505	18.0431
59532	9266	1	0	757.233	211.505	23.3615
59533	9266	3	0	692.233	214.505	23.6282
59556	9266	1	0	692.233	214.505	101.078
59557	9266	3	1	366.233	107.505	101.511
59586	9266	1	1	366.233	107.505	146.947
59587	9266	3	0	556.233	153.505	147.647
59600	9266	1	0	556.233	153.505	166.705
59601	9266	3	0	553.233	127.505	168.023
59614	9266	1	0	553.233	127.505	182.629
59615	9266	3	1	233.233	65.5048	184.029
59634	9266	1	1	233.233	65.5048	391.572
59635	9266	3	1	273.233	132.505	393.823
59654	9266	1	1	273.233	132.505	420.687
59655	9266	3	0	615.233	96.5048	420.904
59664	9266	1	0	615.233	96.5048	440.627
59665	9266	2	1	384.233	116.505	441.094
59666	9266	3	0	497.061	163.894	441.244
59667	9266	1	0	497.061	163.894	441.994
59668	9266	3	0	573.061	168.894	442.177
59680	9266	1	0	573.061	168.894	457.685
59681	9266	3	1	227.061	172.894	457.951
59706	9266	1	1	227.061	172.894	510.647
59707	9266	3	1	225.061	335.894	513.666
59712	9266	1	1	225.061	335.894	518.302
59713	9266	3	1	244.061	337.894	518.435
59724	9266	1	1	244.061	337.894	532.913
59725	9266	3	1	306.061	80.894	534.063
59770	9266	1	1	306.061	80.894	580.079
59771	9266	3	1	282.061	111.894	580.262
59509	9268	1	0	709.95	422.261	11.6238
59510	9268	3	0	648.95	322.261	12.2241
59536	9268	1	0	648.95	322.261	25.8293
59537	9268	3	0	601.95	324.261	26.0792
59542	9268	1	0	601.95	324.261	27.9634
59543	9268	3	0	551.95	324.261	28.3803
59552	9268	1	0	551.95	324.261	99.0936
59553	9268	3	1	197.95	233.261	99.6104
59590	9268	1	1	197.95	233.261	153.616
59591	9268	3	0	656.95	221.261	154.333
59594	9268	1	0	656.95	221.261	157.501
59595	9268	3	0	645.95	162.261	157.868
59612	9268	1	0	645.95	162.261	181.428
59613	9268	3	0	667.95	129.261	182.279
59620	9268	1	0	667.95	129.261	357.792
59621	9268	3	0	564.95	142.261	359.776
59638	9268	1	0	564.95	142.261	400.394
59639	9268	3	1	375.95	134.261	401.245
59642	9268	1	1	375.95	134.261	403.379
59643	9268	3	0	599.95	172.261	403.713
59658	9268	1	0	599.95	172.261	429.139
59659	9268	3	0	649.95	244.261	429.523
59688	9268	1	0	649.95	244.261	482.028
59689	9268	3	0	649.95	244.261	483.862
59694	9268	1	0	649.95	244.261	492.651
59695	9268	3	0	600.95	209.261	492.834
59734	9268	1	0	600.95	209.261	548.007
59735	9268	3	1	339.95	274.261	548.924
59738	9268	1	1	339.95	274.261	550.842
59739	9268	3	0	593.95	328.261	551.276
59748	9268	1	0	593.95	328.261	565.903
59749	9268	3	1	217.95	329.261	566.253
59750	9268	1	1	217.95	329.261	566.853
59751	9268	3	1	199.95	324.261	567.053
59754	9268	1	1	199.95	324.261	568.938
59755	9268	3	0	662.95	373.261	569.205
59499	9269	1	0	706.367	397.247	8.10571
59500	9269	2	0	801.367	409.247	8.43854
59501	9269	3	0	793.796	399.051	8.4552
59546	9269	1	0	793.796	399.051	92.7908
59547	9269	3	1	329.796	387.051	93.7412
59606	9269	1	1	329.796	387.051	174.442
59607	9269	3	1	314.796	388.051	175.759
59608	9269	1	1	314.796	388.051	177.076
59609	9269	3	0	508.796	390.051	177.91
59616	9269	1	0	508.796	390.051	351.789
59617	9269	3	0	528.796	387.051	352.122
59648	9269	1	0	528.796	387.051	412.967
59649	9269	3	0	560.796	346.051	415.184
59650	9269	1	0	560.796	346.051	415.901
59651	9269	3	0	582.796	397.051	417.419
59656	9269	1	0	582.796	397.051	421.404
59657	9269	3	1	261.796	150.051	422.02
59660	9269	1	1	261.796	150.051	432.524
59661	9269	3	1	314.796	217.051	432.991
59686	9269	1	1	314.796	217.051	469.189
59687	9269	3	1	325.796	263.051	469.99
59718	9269	1	1	325.796	263.051	523.239
59719	9269	3	1	181.796	60.0507	524.573
59764	9269	1	1	181.796	60.0507	578.362
59765	9269	3	1	105.796	310.051	578.761
59772	9269	1	1	105.796	310.051	580.596
59773	9269	3	1	115.796	330.051	580.929
59518	9271	1	0	544.051	129.547	15.2584
59519	9271	3	0	541.051	49.547	15.9587
59578	9271	1	0	541.051	49.547	135.926
59579	9271	3	0	536.051	74.547	137.143
59580	9271	1	0	536.051	74.547	137.443
59581	9271	3	0	532.051	279.547	138.01
59610	9271	1	0	532.051	279.547	179.394
59611	9271	3	1	312.051	395.547	180.161
59730	9271	1	1	312.051	395.547	540.485
59731	9271	3	1	287.051	107.547	541.185
59758	9271	1	1	287.051	107.547	576.493
59759	9271	3	1	306.051	367.547	576.76
59497	9272	1	0	529.583	381.503	7.43854
59498	9272	3	0	592.583	417.503	7.85596
59502	9272	1	0	592.583	417.503	8.80554
59503	9272	2	0	624.583	424.503	9.30591
59504	9272	3	0	626.31	413.999	9.32257
59548	9272	1	0	626.31	413.999	94.7582
59549	9272	3	1	329.31	232.999	95.7086
59596	9272	1	1	329.31	232.999	163.971
59597	9272	3	0	599.31	324.999	164.371
59604	9272	1	0	599.31	324.999	169.207
59605	9272	3	1	305.31	267.999	170.007
59622	9272	1	1	305.31	267.999	365.595
59623	9272	3	1	57.3101	399.999	366.279
59702	9272	1	1	57.3101	399.999	508.262
59703	9272	3	1	59.3101	403.999	508.428
59716	9272	1	1	59.3101	403.999	521.271
59717	9272	3	1	75.3101	36.9993	522.555
59766	9272	1	1	75.3101	36.9993	579.145
59767	9272	3	1	130.31	66.9993	579.278
59524	9274	1	0	552.882	119.465	18.6099
59525	9274	3	0	670.882	88.465	20.7274
59544	9274	1	0	670.882	88.465	46.8879
59545	9274	3	0	689.882	77.465	47.7549
59562	9274	1	0	689.882	77.465	105.096
59563	9274	3	0	685.882	180.465	106.33
59574	9274	1	0	685.882	180.465	119.052
59575	9274	3	1	81.8817	298.465	119.702
59720	9274	1	1	81.8817	298.465	525.19
59721	9274	3	1	81.8817	298.465	529.143
59732	9274	1	1	81.8817	298.465	542.703
59733	9274	3	0	852.882	248.465	543.42
59511	9275	1	0	702.185	295.221	12.4908
59512	9275	3	0	728.185	325.221	12.7744
59538	9275	1	0	728.185	325.221	26.5295
59539	9275	3	0	670.185	305.221	26.7629
59550	9275	1	0	670.185	305.221	98.1096
59551	9275	3	1	215.186	357.221	98.6266
59624	9275	1	1	215.186	357.221	366.862
59625	9275	3	1	123.186	112.221	371.314
59632	9275	1	1	123.186	112.221	389.638
59633	9275	3	1	119.186	134.221	390.755
59678	9275	1	1	119.186	134.221	456.701
59679	9275	3	0	819.185	101.221	457.201
59696	9275	1	0	819.185	101.221	493.301
59697	9275	3	0	544.185	87.2209	493.902
59736	9275	1	0	544.185	87.2209	549.491
59737	9275	3	0	579.185	223.221	550.308
59740	9275	1	0	579.185	223.221	558.263
59741	9275	3	0	541.185	205.221	559.381
59742	9275	1	0	541.185	205.221	562.133
59743	9275	3	1	251.186	269.221	562.667
59746	9275	1	1	251.186	269.221	564.752
59747	9275	3	0	644.185	250.221	565.536
59752	9275	1	0	644.185	250.221	567.587
59753	9275	3	0	624.185	268.221	568.454
59756	9275	1	0	624.185	268.221	569.638
59757	9275	3	1	224.186	262.221	570.005
59513	9277	1	0	818.784	308.074	13.1075
59514	9277	3	0	842.784	338.074	13.4077
59540	9277	1	0	842.784	338.074	27.2299
59541	9277	3	0	804.784	305.074	27.4634
59558	9277	1	0	804.784	305.074	102.128
59559	9277	3	1	58.7837	314.074	102.929
59568	9277	1	1	58.7837	314.074	109.915
59569	9277	3	1	58.7837	314.074	110.048
59572	9277	1	1	58.7837	314.074	118.118
59573	9277	3	0	665.784	310.074	118.668
59582	9277	1	0	665.784	310.074	142.478
59583	9277	3	0	661.784	293.074	142.695
59588	9277	1	0	661.784	293.074	148.447
59589	9277	3	1	379.784	139.074	149.031
59630	9277	1	1	379.784	139.074	384.703
59631	9277	3	1	375.784	231.074	385.32
59652	9277	1	1	375.784	231.074	419.819
59653	9277	3	0	640.784	131.074	420.086
59669	9277	1	0	640.784	131.074	448.447
59670	9277	2	1	317.784	103.074	448.864
59671	9277	3	0	498.413	171.785	449.081
59672	9277	1	0	498.413	171.785	449.582
59673	9277	3	0	575.412	93.7845	449.898
59682	9277	1	0	575.412	93.7845	458.351
59683	9277	3	1	251.413	67.7845	459.202
59704	9277	1	1	251.413	67.7845	509.429
59705	9277	3	1	189.413	384.784	509.946
59714	9277	1	1	189.413	384.784	518.886
59715	9277	3	1	174.413	368.784	519.119
59722	9277	1	1	174.413	368.784	531.178
59723	9277	3	1	183.413	131.785	531.645
59762	9277	1	1	183.413	131.785	577.827
59763	9277	3	1	350.413	221.785	578.044
59505	9278	1	0	541.626	369.19	9.7063
59506	9278	3	0	537.626	351.19	9.93976
59534	9278	1	0	537.626	351.19	24.6454
59535	9278	3	0	820.626	204.19	25.3124
59560	9278	1	0	820.626	204.19	103.596
59561	9278	3	1	106.626	143.19	104.329
59564	9278	1	1	106.626	143.19	108.064
59565	9278	3	1	117.626	295.19	108.764
59566	9278	1	1	117.626	295.19	109.248
59567	9278	3	1	117.626	304.19	109.515
59570	9278	1	1	117.626	304.19	115.4
59571	9278	3	0	738.626	290.19	117.434
59584	9278	1	0	738.626	290.19	143.195
59585	9278	3	0	723.626	290.19	143.545
59592	9278	1	0	723.626	290.19	154.767
59593	9278	3	1	206.626	241.19	156.334
59628	9278	1	1	206.626	241.19	382.185
59629	9278	3	1	209.626	283.19	382.618
59662	9278	1	1	209.626	283.19	437.376
59663	9278	3	1	215.626	271.19	438.059
59674	9278	1	1	215.626	271.19	452.149
59675	9278	3	1	339.626	131.19	452.949
59708	9278	1	1	339.626	131.19	514.783
59709	9278	3	1	200.626	323.19	516.067
59710	9278	1	1	200.626	323.19	517.702
59711	9278	3	1	199.626	265.19	517.952
59728	9278	1	1	199.626	265.19	537.316
59729	9278	3	1	233.626	135.19	537.833
59760	9278	1	1	233.626	135.19	577.177
59761	9278	3	1	117.626	260.19	577.444
59507	9280	1	0	691.6	359.957	10.4233
59508	9280	3	0	667.6	147.957	10.9235
59520	9280	1	0	667.6	147.957	16.3422
59521	9280	3	0	634.6	207.957	16.8591
59530	9280	1	0	634.6	207.957	22.6779
59531	9280	3	0	571.6	207.957	22.9447
59554	9280	1	0	571.6	207.957	100.111
59555	9280	3	1	259.6	141.957	100.644
59626	9280	1	1	259.6	141.957	371.781
59627	9280	3	1	200.6	400.957	372.381
59676	9280	1	1	200.6	400.957	454.783
59677	9280	3	1	243.6	420.957	455.083
59684	9280	1	1	243.6	420.957	465.354
59685	9280	3	1	221.6	420.957	465.671
59700	9280	1	1	221.6	420.957	506.21
59701	9280	3	1	221.6	420.957	507.611
59726	9280	1	1	221.6	420.957	535.448
59727	9280	3	1	329.6	52.9568	535.948
59768	9280	1	1	329.6	52.9568	579.662
59769	9280	3	1	363.6	57.9568	579.779
59515	9281	1	0	568.711	250.259	14.5247
59516	9281	2	0	478.711	230.259	14.8749
59517	9281	3	0	497.728	230.19	14.9082
59526	9281	1	0	497.728	230.19	21.1775
59527	9281	3	0	819.728	61.1901	21.9609
59528	9281	1	0	819.728	61.1901	22.061
59529	9281	3	0	819.728	61.1901	22.1445
59576	9281	1	0	819.728	61.1901	120.419
59577	9281	3	1	87.7276	162.19	121.353
59618	9281	1	1	87.7276	162.19	356.641
59619	9281	3	0	553.728	221.19	357.241
59636	9281	1	0	553.728	221.19	398.593
59637	9281	3	0	509.728	231.19	400.044
59690	9281	1	0	509.728	231.19	484.763
59691	9281	3	0	515.728	235.19	487.797
59692	9281	1	0	515.728	235.19	491.75
59693	9281	3	0	705.728	383.19	492.217
59698	9281	1	0	705.728	383.19	503.442
59699	9281	3	0	646.728	381.19	503.659
59744	9281	1	0	646.728	381.19	563.317
59745	9281	3	0	660.728	409.19	564.268
