45591	8323	1	0	657.142	305.084	7.88678
45592	8323	3	0	660.142	338.084	8.2702
45597	8323	1	0	660.142	338.084	10.8388
45598	8323	3	0	655.142	360.084	11.1725
45599	8324	1	0	740.303	261.816	11.5894
45600	8324	3	0	745.303	283.816	11.9729
45605	8324	1	0	745.303	283.816	57.5584
45606	8324	3	0	679.303	263.816	58.0252
45607	8324	1	0	679.303	263.816	110.446
45608	8324	3	1	250.303	228.816	110.98
45601	8325	1	0	672.531	114.092	12.4396
45602	8325	3	0	659.531	103.092	12.773
45611	8325	1	0	659.531	103.092	145.094
45612	8325	3	1	219.531	82.0922	145.661
45589	8326	1	0	561.492	320.407	7.08649
45590	8326	3	0	518.492	375.407	7.45325
45609	8326	1	0	518.492	375.407	132.189
45610	8326	3	1	169.492	331.407	132.789
45585	8327	1	0	578.441	232.489	5.08569
45586	8327	3	0	518.441	105.489	5.40277
45593	8327	1	0	518.441	105.489	8.67065
45594	8327	3	0	523.441	212.489	9.50476
45613	8328	1	0	825.443	48.9281	158.967
45614	8328	2	1	96.4429	137.928	160.117
45615	8328	3	0	502.409	199.673	160.517
45616	8328	1	0	502.409	199.673	162.769
45617	8328	3	0	787.409	87.6729	163.519
45618	8328	1	0	787.409	87.6729	187.145
45619	8328	2	1	296.409	90.6729	187.678
45620	8328	3	0	496.801	162.849	187.928
45621	8328	1	0	496.801	162.849	189.396
45622	8328	3	0	725.801	108.849	189.946
45587	8329	1	0	672.66	267.839	5.83624
45588	8329	3	0	810.66	182.839	6.5531
45603	8330	1	0	645.254	34.8861	13.5733
45604	8330	3	0	652.254	36.8861	14.107
45625	8330	1	0	652.254	36.8861	194.865
45626	8330	2	1	423.254	45.8861	195.448
45627	8330	3	0	503.503	105.854	195.565
45595	8331	1	0	841.665	384.424	10.2219
45596	8331	3	0	841.665	387.424	10.4055
45623	8331	1	0	841.665	387.424	192.247
45624	8331	3	1	70.6648	223.424	192.914
45582	8332	1	0	542.919	270.597	4.30182
45583	8332	2	0	483.919	74.5968	4.60205
45584	8332	3	0	503.478	90.7182	4.63544
49657	8573	1	0	576.694	351.477	27.0492
49658	8573	3	1	309.694	298.477	27.5996
49642	8574	1	0	497.848	380.73	17.4274
49643	8574	3	0	501.848	285.73	18.0111
49659	8574	1	0	501.848	285.73	28.2997
49660	8574	3	1	324.848	161.73	28.8332
49661	8575	1	0	717.399	334.322	29.4504
49662	8575	3	1	42.3992	177.322	30.5007
49666	8575	1	1	42.3992	177.322	62.6002
49667	8575	3	0	617.399	237.322	63.5005
49672	8575	1	0	617.399	237.322	73.7728
49673	8575	3	0	647.399	297.322	74.3065
49674	8575	1	0	647.399	297.322	80.6098
49675	8575	2	1	132.399	300.322	81.1599
49676	8575	3	0	497.117	240.648	81.5433
49679	8575	1	0	497.117	240.648	91.8493
49680	8575	3	1	179.117	155.648	92.5497
49725	8575	1	1	179.117	155.648	143.562
49726	8575	3	1	179.117	155.648	143.662
49727	8575	1	1	179.117	155.648	143.729
49728	8575	1	1	179.117	155.648	143.846
49729	8575	3	1	179.117	155.648	143.846
49730	8575	1	1	179.117	155.648	145.796
49731	8575	3	0	622.117	186.648	147.247
49741	8575	1	0	622.117	186.648	154.618
49742	8575	3	1	191.117	132.648	155.285
49646	8576	1	0	751.448	310.297	21.0464
49647	8576	2	0	826.448	230.297	21.5466
49648	8576	3	0	801.286	226.764	21.5967
49663	8576	1	0	801.286	226.764	35.7534
49664	8576	2	1	74.2865	289.764	36.5872
49665	8576	3	0	498.933	227.65	37.0207
49668	8576	1	0	498.933	227.65	63.8174
49669	8576	3	1	216.933	179.65	64.4511
49670	8576	1	1	216.933	179.65	65.0013
49671	8576	3	1	164.933	157.65	65.4184
49677	8576	1	1	164.933	157.65	89.0646
49678	8576	3	0	654.933	255.65	89.8649
49722	8576	1	0	654.933	255.65	142.362
49723	8576	2	1	75.9332	269.65	143.012
49724	8576	3	0	498.902	222.421	143.445
49732	8576	1	0	498.902	222.421	147.731
49733	8576	3	1	142.902	178.421	148.148
49739	8576	1	1	142.902	178.421	152.833
49740	8576	3	0	613.902	244.421	154.051
49758	8576	1	0	613.902	244.421	189.22
49759	8576	3	0	613.902	244.421	189.32
49655	8577	1	0	854.452	49.5696	25.2485
49656	8577	3	0	854.452	46.5696	25.5153
49687	8577	1	0	854.452	46.5696	102.539
49688	8577	3	1	158.452	46.5696	103.54
49697	8577	1	1	158.452	46.5696	113.612
49698	8577	3	0	680.452	121.57	114.662
49703	8577	1	0	680.452	121.57	123.785
49704	8577	3	1	114.452	68.5696	124.836
49720	8577	1	1	114.452	68.5696	141.428
49721	8577	3	0	687.452	120.57	142.078
49743	8577	1	0	687.452	120.57	156.152
49744	8577	3	1	267.452	68.5696	156.986
49649	8578	1	0	762.826	209.871	22.1136
49650	8578	3	0	690.826	188.871	22.5638
49691	8578	1	0	690.826	188.871	105.474
49692	8578	3	1	345.827	71.8708	106.675
49695	8578	1	1	345.827	71.8708	110.377
49696	8578	3	0	515.826	83.8708	110.927
49701	8578	1	0	515.826	83.8708	122.918
49702	8578	3	1	290.827	71.8708	123.285
49718	8578	1	1	290.827	71.8708	140.727
49719	8578	3	0	533.826	66.8708	141.044
49745	8578	1	0	533.826	66.8708	157.586
49746	8578	2	1	420.827	60.8708	157.936
49747	8578	3	1	400.775	78.5164	157.969
49748	8578	1	1	400.775	78.5164	157.986
49749	8578	3	1	390.775	77.5164	158.119
49653	8579	1	0	634.142	46.7529	24.2815
49654	8579	3	0	591.142	39.7529	24.6481
49693	8579	1	0	591.142	39.7529	107.425
49694	8579	3	0	583.142	63.7529	110.01
49709	8579	1	0	583.142	63.7529	135.524
49710	8579	2	1	1.14172	163.753	136.042
49711	8579	3	1	31.9258	175.144	136.091
49712	8579	1	1	31.9258	175.144	137.459
49713	8579	3	0	547.926	176.144	137.959
49750	8579	1	0	547.926	176.144	159.186
49751	8579	3	1	254.926	249.144	159.653
49651	8580	1	0	552.614	36.7899	22.9974
49652	8580	3	0	708.614	44.7899	23.7978
49681	8580	1	0	708.614	44.7899	99.0705
49682	8580	2	1	243.614	54.7899	99.9544
49683	8580	3	0	499.461	156.451	100.254
49684	8580	1	0	499.461	156.451	100.938
49685	8580	2	1	239.461	67.4514	101.505
49686	8580	3	0	497.758	161.46	101.805
49689	8580	1	0	497.758	161.46	104.123
49690	8580	3	0	759.758	72.4597	104.873
49699	8580	1	0	759.758	72.4597	115.213
49700	8580	3	0	825.758	56.4598	117.564
49734	8580	1	0	825.758	56.4598	148.731
49735	8580	2	1	259.758	42.4598	149.332
49736	8580	3	0	497.409	147.804	149.615
49737	8580	1	0	497.409	147.804	150.132
49738	8580	3	0	822.409	57.8036	152.066
49756	8580	1	0	822.409	57.8036	165.874
49757	8580	3	0	681.409	59.8036	166.407
49644	8581	1	0	601.446	392.143	20.1293
49645	8581	3	0	534.446	429.143	20.6129
49705	8581	1	0	534.446	429.143	133.173
49706	8581	3	1	258.446	397.143	133.623
49714	8581	1	1	258.446	397.143	138.61
49715	8581	3	0	549.446	382.143	138.927
49754	8581	1	0	549.446	382.143	161.538
49755	8581	3	1	167.446	379.143	161.904
49707	8582	1	0	534.438	165.441	134.34
49708	8582	3	1	124.438	320.441	134.974
49716	8582	1	1	124.438	320.441	139.427
49717	8582	3	0	549.438	298.441	139.861
49752	8582	1	0	549.438	298.441	160.337
49753	8582	3	1	137.438	291.441	160.787
53210	8791	1	0	601.915	74.6635	6.13702
53211	8791	3	0	607.915	81.6635	6.37048
53214	8792	1	0	602.367	359.561	7.43774
53215	8792	3	0	589.367	369.561	7.90454
53259	8792	1	0	589.367	369.561	91.7503
53260	8792	3	0	546.367	365.561	92.167
53227	8793	1	0	875.786	129.424	12.0242
53228	8793	3	0	873.786	79.4244	12.4744
53229	8793	1	0	873.786	79.4244	15.1258
53230	8793	3	1	261.786	172.424	16.1765
53231	8793	1	1	261.786	172.424	29.4994
53232	8793	3	0	861.786	44.4244	30.5834
53221	8794	1	0	771.132	352.147	9.85608
53222	8794	3	0	761.132	340.147	10.3062
53263	8795	1	0	536.828	102.16	167.236
53264	8795	3	1	379.828	96.1596	167.769
53216	8796	1	0	683.617	386.741	8.2049
53217	8796	3	0	683.617	389.741	8.43842
53212	8797	1	0	640.363	282.31	6.73737
53213	8797	3	0	629.363	251.31	7.12085
53235	8797	1	0	629.363	251.31	34.1021
53236	8797	3	1	127.363	41.3103	35.3358
53241	8797	1	1	127.363	41.3103	39.7883
53242	8797	3	1	160.363	72.3103	40.2888
53249	8797	1	1	160.363	72.3103	44.341
53250	8797	3	1	143.363	88.3103	44.7413
53223	8798	1	0	819.079	201.359	10.5566
53224	8798	3	0	824.079	181.359	10.8401
53243	8798	1	0	824.079	181.359	41.1726
53244	8798	3	1	329.079	105.359	42.2566
53247	8798	1	1	329.079	105.359	43.6906
53248	8798	3	1	306.079	174.359	44.0909
53251	8798	1	1	306.079	174.359	45.0247
53252	8798	3	1	287.079	244.359	45.4083
53218	8799	1	0	778.796	335.772	8.73871
53219	8799	2	0	830.796	347.772	9.18903
53220	8799	3	0	805.012	327.477	9.23907
53253	8799	1	0	805.012	327.477	46.3755
53254	8799	3	0	778.012	199.477	46.8923
53257	8799	1	0	778.012	199.477	90.8331
53258	8799	3	0	778.012	167.477	91.1166
53261	8799	1	0	778.012	167.477	117.579
53262	8799	3	1	106.012	339.477	118.579
53265	8799	1	1	106.012	339.477	817.196
53266	8799	3	1	106.012	339.477	817.279
53208	8800	1	0	582.02	119.351	5.21997
53209	8800	3	0	671.02	150.351	5.70337
53239	8800	1	0	671.02	150.351	38.2875
53240	8800	3	1	197.02	208.351	39.0879
53245	8800	1	1	197.02	208.351	42.6899
53246	8800	3	1	147.02	218.351	43.1237
53203	8801	1	0	587.41	244.08	3.20203
53204	8801	2	0	459.41	223.08	3.73578
53205	8801	3	0	495.235	220.253	3.80249
53233	8801	1	0	495.235	220.253	31.0338
53234	8801	3	1	189.235	195.253	31.6509
53237	8801	1	1	189.235	195.253	36.5865
53238	8801	3	0	543.235	203.253	37.4539
53255	8801	1	0	543.235	203.253	90.2329
53256	8801	3	0	534.235	189.253	90.4495
53206	8802	1	0	646.8	242.337	4.40277
53207	8802	3	0	767.8	145.337	4.96973
53225	8802	1	0	767.8	145.337	11.2405
53226	8802	3	0	771.8	97.3368	11.5739
56028	9005	1	0	770.405	7.34232	8.90448
56029	9005	3	0	744.405	55.3423	9.33832
56037	9005	1	0	744.405	55.3423	15.1077
56038	9005	3	1	230.405	285.342	16.2749
56085	9005	1	1	230.405	285.342	502.13
56086	9005	3	1	184.405	284.342	502.697
56020	9006	1	0	663.63	147.669	5.46942
56021	9006	3	0	665.63	189.669	5.78625
56091	9006	1	0	665.63	189.669	521.093
56092	9006	3	0	707.63	229.669	521.76
56013	9007	1	0	722.213	188.492	3.15149
56014	9007	3	0	657.213	221.492	3.55164
56015	9007	1	0	657.213	221.492	3.86841
56016	9007	3	0	553.213	314.492	4.23523
56033	9007	1	0	553.213	314.492	11.0058
56034	9007	3	0	595.213	348.492	11.4559
56039	9007	1	0	595.213	348.492	39.4033
56040	9007	3	1	165.213	398.492	39.9701
56041	9007	1	1	165.213	398.492	52.1269
56042	9007	3	1	62.2127	342.492	52.694
56075	9007	1	1	62.2127	342.492	496.076
56076	9007	3	0	570.213	318.492	496.693
56026	9009	1	0	670.588	77.6455	8.08746
56027	9009	3	0	662.588	98.6455	8.42096
56035	9009	1	0	662.588	98.6455	13.7069
56036	9009	3	1	368.587	119.646	14.2739
56049	9010	1	0	506.979	202.045	91.2979
56050	9010	3	1	218.979	80.0446	92.1651
56069	9010	1	1	218.979	80.0446	117.312
56070	9010	3	0	558.979	90.0446	117.862
56073	9010	1	0	558.979	90.0446	121.013
56074	9010	3	0	558.979	171.045	121.43
56077	9010	1	0	558.979	171.045	497.126
56078	9010	3	1	190.979	178.045	497.643
56011	9012	1	0	735.616	254.314	2.63434
56012	9012	3	0	739.616	341.314	2.91797
56082	9012	1	0	739.616	341.314	500.579
56083	9012	2	1	133.616	356.314	501.096
56084	9012	3	0	501.593	261.98	501.479
56087	9012	1	0	501.593	261.98	504.015
56088	9012	3	0	495.593	234.98	505.499
56089	9012	1	0	495.593	234.98	507.5
56090	9012	3	0	614.593	168.98	507.767
56093	9012	1	0	614.593	168.98	521.994
56094	9012	3	0	623.593	150.98	522.177
56095	9012	1	0	623.593	150.98	535.137
56096	9012	2	1	286.593	291.98	535.619
56097	9012	3	0	498.354	251.759	535.886
56100	9012	1	0	498.354	251.759	537.454
56101	9012	2	1	274.354	76.759	537.904
56102	9012	3	0	501.559	160.222	538.188
56030	9013	1	0	496.607	201.221	9.83844
56031	9013	2	0	482.607	327.221	10.7389
56032	9013	3	0	512.068	314.806	10.7888
56051	9013	1	0	512.068	314.806	95.917
56052	9013	3	1	314.068	306.806	96.3506
56017	9015	1	0	608.789	228.696	4.63556
56018	9015	2	0	933.789	236.696	5.06897
56019	9015	3	0	867.151	236.99	5.16901
56045	9015	1	0	867.151	236.99	64.2669
56046	9015	3	0	864.151	226.99	64.7003
56047	9015	1	0	864.151	226.99	86.5283
56048	9015	3	1	213.151	180.99	87.2287
56059	9015	1	1	213.151	180.99	105.889
56060	9015	3	0	633.151	86.9901	106.289
56063	9015	1	0	633.151	86.9901	109.725
56064	9015	3	0	543.151	130.99	111.192
56067	9015	1	0	543.151	130.99	115.177
56068	9015	3	1	294.151	158.99	116.395
56024	9016	1	0	687.414	7.61929	6.93689
56025	9016	3	0	520.414	24.6193	7.50397
56079	9016	1	0	520.414	24.6193	498.127
56080	9016	2	1	23.4135	317.619	498.611
56081	9016	3	1	32.1648	312.988	498.628
56022	9018	1	0	716.755	43.1996	6.21985
56023	9018	3	0	847.755	55.1996	6.53668
56043	9018	1	0	847.755	55.1996	63.3333
56044	9018	3	0	815.755	52.1996	63.8167
56053	9018	1	0	815.755	52.1996	98.8522
56054	9018	2	1	56.7547	152.2	101.887
56055	9018	3	0	502.441	207.523	102.303
56056	9018	1	0	502.441	207.523	103.338
56057	9018	2	1	410.441	161.523	104.955
56058	9018	3	0	498.94	184.151	105.088
56061	9018	1	0	498.94	184.151	106.823
56062	9018	3	1	177.94	167.151	107.29
56065	9018	1	1	177.94	167.151	112.259
56066	9018	3	0	525.94	211.151	114.377
56071	9018	1	0	525.94	211.151	118.362
56072	9018	3	1	190.94	90.1514	120.43
56098	9018	1	1	190.94	90.1514	536.654
56099	9018	3	0	672.94	103.151	537.054
56103	9018	1	0	672.94	103.151	538.789
56104	9018	3	1	288.94	70.1514	539.355
56105	9018	1	1	288.94	70.1514	542.274
56106	9018	3	1	183.94	66.1514	542.674
59789	9267	1	0	671.681	65.884	20.2623
59790	9267	3	0	675.681	39.884	20.546
59821	9267	1	0	675.681	39.884	55.264
59822	9267	3	0	691.681	37.884	55.6974
59827	9267	1	0	691.681	37.884	61.0501
59828	9267	3	0	737.681	37.884	61.4169
59847	9267	1	0	737.681	37.884	124.635
59848	9267	3	0	641.681	96.884	127.12
59880	9267	1	0	641.681	96.884	156.335
59881	9267	3	0	579.681	68.884	158.453
59884	9267	1	0	579.681	68.884	159.737
59885	9267	2	1	351.681	238.884	165.073
59886	9267	3	0	497.198	231.832	165.273
59889	9267	1	0	497.198	231.832	167.174
59890	9267	3	1	359.198	221.832	167.524
59899	9267	1	1	359.198	221.832	171.51
59900	9267	3	1	330.198	260.832	171.86
59795	9270	1	0	679.414	154.619	22.3803
59796	9270	3	0	679.414	162.619	22.6973
59839	9270	1	0	679.414	162.619	115.897
59840	9270	3	0	545.414	125.619	117.364
59841	9270	1	0	545.414	125.619	118.598
59842	9270	3	0	549.414	193.619	119.148
59863	9270	1	0	549.414	193.619	142.495
59864	9270	3	1	390.414	257.619	143.546
59869	9270	1	1	390.414	257.619	147.53
59870	9270	3	0	553.414	257.619	147.897
59878	9270	1	0	553.414	257.619	152.016
59879	9270	3	1	390.414	149.619	155.751
59893	9270	1	1	390.414	149.619	169.842
59894	9270	3	1	388.414	101.619	170.125
59803	9273	1	0	809	423.779	43.4574
59804	9273	3	1	118	261.779	44.458
59907	9273	1	1	118	261.779	182.682
59908	9273	3	1	104	222.779	182.932
59777	9276	1	0	516.594	273.38	7.40417
59778	9276	3	0	499.594	298.38	8.17126
59781	9276	1	0	499.594	298.38	16.3434
59782	9276	2	0	486.594	322.38	16.7437
59783	9276	3	0	494.785	316.526	16.7604
59831	9276	1	0	494.785	316.526	94.5014
59832	9276	3	1	54.7853	380.526	95.0849
59857	9276	1	1	54.7853	380.526	138.376
59858	9276	3	0	499.785	380.526	138.793
59819	9279	1	0	828.429	84.4132	53.6633
59820	9279	3	1	53.4292	77.4132	54.5969
59774	9282	1	0	558.854	244.566	4.43579
59775	9282	2	0	480.854	169.566	4.78619
59776	9282	3	0	498.065	173.909	4.81921
59797	9282	1	0	498.065	173.909	22.964
59798	9282	3	0	498.065	173.909	23.281
59799	9282	1	0	498.065	173.909	39.289
59800	9282	3	1	297.065	142.909	39.789
59805	9282	1	1	297.065	142.909	44.9083
59806	9282	3	1	305.065	131.909	45.4418
59809	9282	1	1	305.065	131.909	46.4757
59810	9282	3	0	821.065	228.909	47.4258
59853	9282	1	0	821.065	228.909	130.989
59854	9282	3	0	755.065	217.909	135.041
59859	9282	1	0	755.065	217.909	139.393
59860	9282	3	1	176.064	287.909	140.377
59903	9282	1	1	176.064	287.909	174.394
59904	9282	3	1	180.064	300.909	174.794
59787	9283	1	0	691.752	87.0789	19.0116
59788	9283	3	0	751.752	173.079	20.0121
59817	9283	1	0	751.752	173.079	51.7452
59818	9283	3	1	293.752	77.0789	52.6627
59895	9283	1	1	293.752	77.0789	170.342
59896	9283	3	1	254.752	47.0789	170.659
59905	9283	1	1	254.752	47.0789	181.915
59906	9283	3	1	215.752	55.0789	182.232
59815	9284	1	0	672.487	260.275	50.1944
59816	9284	3	0	683.487	287.275	50.5111
59833	9284	1	0	683.487	287.275	99.5876
59834	9284	3	0	664.487	315.275	100.655
59835	9284	1	0	664.487	315.275	104.857
59836	9284	3	1	307.487	387.275	105.741
59901	9284	1	1	307.487	387.275	173.527
59902	9284	3	1	301.487	400.275	173.961
59793	9285	1	0	590.698	84.2561	21.5967
59794	9285	3	0	603.698	107.256	21.997
59825	9285	1	0	603.698	107.256	60.1497
59826	9285	3	0	581.698	84.2561	60.4999
59829	9285	1	0	581.698	84.2561	85.5126
59830	9285	3	1	363.698	316.256	86.0797
59843	9285	1	1	363.698	316.256	121.95
59844	9285	3	0	664.698	273.256	122.701
59865	9285	1	0	664.698	273.256	143.995
59866	9285	3	1	308.698	160.256	144.779
59897	9285	1	1	308.698	160.256	170.959
59898	9285	3	1	321.698	103.256	171.176
59791	9286	1	0	612.479	70.5417	20.8462
59792	9286	3	0	540.479	37.5417	21.2464
59823	9286	1	0	540.479	37.5417	57.8154
59824	9286	3	1	346.479	170.542	58.7159
59851	9286	1	1	346.479	170.542	130.005
59852	9286	3	0	504.479	247.542	130.422
59861	9286	1	0	504.479	247.542	141.344
59862	9286	3	1	237.479	217.542	141.778
59874	9286	1	1	237.479	217.542	150.048
59875	9286	3	0	614.479	219.542	150.532
59891	9286	1	0	614.479	219.542	167.874
59892	9286	3	1	232.479	169.542	169.242
59779	9287	1	0	599.741	329.239	8.48828
59780	9287	3	0	701.741	357.239	9.02191
59811	9287	1	0	701.741	357.239	48.0096
59812	9287	3	1	237.741	191.239	48.6433
59887	9287	1	1	237.741	191.239	166.423
59888	9287	3	0	595.741	158.239	166.874
59909	9287	1	0	595.741	158.239	192.636
59910	9287	3	0	625.741	131.239	192.953
59784	9288	1	0	851.936	449.857	17.3939
59785	9288	2	0	854.936	297.857	17.8108
59786	9288	3	0	845.88	294.435	17.8275
59801	9288	1	0	845.88	294.435	42.2402
59802	9288	3	1	292.88	273.435	42.7905
59807	9288	1	1	292.88	273.435	45.692
59808	9288	3	0	600.88	233.436	45.9755
59813	9288	1	0	600.88	233.436	49.244
59814	9288	3	0	531.88	171.436	49.544
59837	9288	1	0	531.88	171.436	113.762
59838	9288	3	0	597.88	63.4355	114.946
59845	9288	1	0	597.88	63.4355	123.168
59846	9288	3	0	502.88	142.436	124.168
59849	9288	1	0	502.88	142.436	127.703
59850	9288	3	0	535.88	65.4355	128.154
59855	9288	1	0	535.88	65.4355	135.458
59856	9288	3	0	516.88	82.4355	136.459
59867	9288	1	0	516.88	82.4355	145.73
59868	9288	3	0	568.88	93.4355	146.614
59871	9288	1	0	568.88	93.4355	148.197
59872	9288	2	0	455.88	123.436	149.131
59873	9288	3	0	496.245	143.063	149.198
59876	9288	1	0	496.245	143.063	150.882
59877	9288	3	1	351.245	264.063	151.316
59882	9288	1	1	351.245	264.063	159.053
59883	9288	3	0	521.245	203.063	159.387
